8 0.0712890625 0.5625 0.08203125 0.072265625
8 0.2060546875 0.5322265625 0.0810546875 0.091796875
8 0.2802734375 0.5283203125 0.0576171875 0.0634765625
8 0.328125 0.525390625 0.033203125 0.0380859375
8 0.36328125 0.51953125 0.0244140625 0.03515625
8 0.416015625 0.5400390625 0.076171875 0.0966796875
11 0.4140625 0.4501953125 0.009765625 0.0234375
11 0.4443359375 0.4541015625 0.0087890625 0.021484375
8 0.5263671875 0.521484375 0.0458984375 0.0634765625
8 0.6767578125 0.5224609375 0.1064453125 0.0654296875
