8 0.015104166666666667 0.555 0.030208333333333334 0.13
8 0.05572916666666666 0.55 0.05520833333333333 0.060000000000000005
8 0.2989583333333333 0.6558333333333334 0.32708333333333334 0.4116666666666667
12 0.34270833333333334 0.31333333333333335 0.025 0.07333333333333333
11 0.46249999999999997 0.32 0.025 0.07666666666666667
11 0.559375 0.3541666666666667 0.03125 0.07500000000000001
11 0.5583333333333333 0.3383333333333334 0.020833333333333332 0.05666666666666667
8 0.6729166666666666 0.5675 0.21875 0.28833333333333333
11 0.6776041666666667 0.42500000000000004 0.017708333333333333 0.05
8 0.8489583333333334 0.6716666666666667 0.29375 0.64
