8 0.06510416666666667 0.635 0.13020833333333334 0.33666666666666667
14 0.07447916666666667 0.5025000000000001 0.146875 0.14833333333333334
8 0.15833333333333333 0.5608333333333334 0.06041666666666667 0.065
8 0.3026041666666667 0.655 0.3302083333333333 0.42333333333333334
10 0.3375 0.25 0.022916666666666665 0.07333333333333333
14 0.45677083333333335 0.505 0.02395833333333333 0.04666666666666667
11 0.465625 0.28 0.022916666666666665 0.07
8 0.5109375 0.5416666666666667 0.04895833333333333 0.06666666666666667
8 0.5109375 0.5391666666666667 0.04479166666666667 0.06166666666666667
11 0.6416666666666666 0.3983333333333334 0.022916666666666665 0.06666666666666667
9 0.6796875 0.5216666666666667 0.017708333333333333 0.08333333333333334
9 0.6963541666666666 0.5175000000000001 0.021875 0.08833333333333333
8 0.8786458333333333 0.5700000000000001 0.240625 0.6766666666666667
