8 0.019270833333333334 0.5333333333333333 0.028125 0.08
8 0.049479166666666664 0.5358333333333334 0.03229166666666666 0.055
8 0.1015625 0.525 0.034375 0.043333333333333335
8 0.20781249999999998 0.5158333333333334 0.026041666666666668 0.03166666666666667
8 0.2760416666666667 0.5358333333333334 0.09375 0.11166666666666668
11 0.38177083333333334 0.325 0.02395833333333333 0.08333333333333334
9 0.47239583333333335 0.525 0.02395833333333333 0.12333333333333334
9 0.6473958333333333 0.5366666666666667 0.034375 0.16333333333333333
8 0.903125 0.5475 0.18333333333333332 0.155
8 0.90625 0.5508333333333334 0.18333333333333332 0.12833333333333335
9 0.9328124999999999 0.4683333333333334 0.034375 0.08
9 0.9338541666666667 0.4675 0.026041666666666668 0.058333333333333334
