9 0.6318359375 0.5029296875 0.0185546875 0.080078125
9 0.15625 0.6162109375 0.134765625 0.650390625
10 0.017578125 0.345703125 0.033203125 0.078125
8 0.08203125 0.5771484375 0.158203125 0.2099609375
9 0.298828125 0.5732421875 0.232421875 0.849609375
9 0.3935546875 0.603515625 0.1435546875 0.787109375
9 0.4951171875 0.5224609375 0.048828125 0.134765625
10 0.521484375 0.3193359375 0.0380859375 0.1083984375
9 0.7255859375 0.6103515625 0.1103515625 0.51171875
8 0.8798828125 0.5244140625 0.2353515625 0.1748046875
9 0.8525390625 0.4501953125 0.0498046875 0.0869140625
