12 0.09479166666666666 0.3016666666666667 0.03125 0.07333333333333333
12 0.09166666666666666 0.3041666666666667 0.025 0.07500000000000001
8 0.3734375 0.5075000000000001 0.16354166666666667 0.14166666666666666
8 0.4828125 0.4716666666666667 0.021875 0.03333333333333333
8 0.5380208333333333 0.48500000000000004 0.017708333333333333 0.05666666666666667
8 0.5734375 0.49250000000000005 0.046875 0.06833333333333334
8 0.5692708333333333 0.49500000000000005 0.036458333333333336 0.04666666666666667
8 0.615625 0.49750000000000005 0.0625 0.07166666666666667
12 0.615625 0.27416666666666667 0.022916666666666665 0.085
8 0.8807291666666667 0.4991666666666667 0.23229166666666667 0.16166666666666668
8 0.8838541666666666 0.49583333333333335 0.22395833333333334 0.19833333333333333
9 0.8317708333333333 0.46166666666666667 0.02395833333333333 0.1
9 0.834375 0.44833333333333336 0.01875 0.07333333333333333
