8 0.95703125 0.55859375 0.08203125 0.15625
9 0.083984375 0.5380859375 0.0185546875 0.0751953125
7 0.0244140625 0.5400390625 0.046875 0.0927734375
8 0.17578125 0.5205078125 0.078125 0.0751953125
9 0.185546875 0.59765625 0.09375 0.3720703125
8 0.2451171875 0.505859375 0.0615234375 0.0478515625
8 0.2412109375 0.5244140625 0.0537109375 0.0419921875
9 0.232421875 0.525390625 0.0166015625 0.0771484375
9 0.2646484375 0.509765625 0.01953125 0.0771484375
9 0.2802734375 0.5146484375 0.0205078125 0.068359375
9 0.28515625 0.513671875 0.0244140625 0.0732421875
8 0.326171875 0.4716796875 0.0986328125 0.1533203125
14 0.3291015625 0.470703125 0.1005859375 0.138671875
9 0.31640625 0.5087890625 0.01953125 0.078125
9 0.314453125 0.51171875 0.015625 0.0634765625
9 0.3251953125 0.51171875 0.01171875 0.06640625
9 0.3408203125 0.5087890625 0.017578125 0.068359375
12 0.44921875 0.3203125 0.0205078125 0.0537109375
12 0.5205078125 0.32421875 0.021484375 0.068359375
8 0.5478515625 0.513671875 0.0419921875 0.056640625
12 0.6572265625 0.4072265625 0.01953125 0.0615234375
8 0.767578125 0.515625 0.1044921875 0.0751953125
