14 0.0556640625 0.4697265625 0.111328125 0.18359375
8 0.15234375 0.5791015625 0.1806640625 0.1748046875
14 0.177734375 0.5087890625 0.1396484375 0.171875
8 0.18359375 0.4853515625 0.1337890625 0.0966796875
8 0.3564453125 0.5810546875 0.142578125 0.1884765625
8 0.41015625 0.5263671875 0.095703125 0.16015625
14 0.4150390625 0.52734375 0.080078125 0.1552734375
8 0.5126953125 0.544921875 0.060546875 0.080078125
8 0.5849609375 0.53515625 0.099609375 0.1396484375
8 0.666015625 0.5771484375 0.1748046875 0.1728515625
8 0.755859375 0.4892578125 0.095703125 0.1845703125
14 0.7626953125 0.5029296875 0.099609375 0.1787109375
