8 0.1552734375 0.5341796875 0.1083984375 0.115234375
8 0.2490234375 0.5234375 0.0810546875 0.0771484375
8 0.3095703125 0.5224609375 0.05078125 0.05859375
10 0.33984375 0.205078125 0.0263671875 0.0634765625
8 0.38671875 0.5087890625 0.0380859375 0.0546875
8 0.4560546875 0.5078125 0.0224609375 0.0283203125
8 0.498046875 0.505859375 0.0322265625 0.0380859375
8 0.564453125 0.51171875 0.0576171875 0.0537109375
11 0.572265625 0.2275390625 0.0263671875 0.068359375
8 0.83984375 0.587890625 0.318359375 0.3212890625
11 0.73828125 0.3779296875 0.033203125 0.0498046875
