8 0.044270833333333336 0.5758333333333334 0.08020833333333333 0.17500000000000002
8 0.11041666666666666 0.5583333333333333 0.1375 0.14
8 0.1765625 0.5641666666666667 0.040625 0.095
8 0.2109375 0.5475 0.06354166666666666 0.08166666666666667
8 0.25416666666666665 0.5525 0.06041666666666667 0.08166666666666667
8 0.27760416666666665 0.5383333333333333 0.07395833333333333 0.08333333333333334
8 0.38177083333333334 0.5283333333333333 0.04479166666666667 0.06333333333333334
8 0.4614583333333333 0.5341666666666667 0.05 0.065
8 0.5583333333333333 0.5266666666666667 0.041666666666666664 0.07666666666666667
8 0.6083333333333333 0.535 0.06458333333333333 0.12000000000000001
8 0.659375 0.545 0.10416666666666667 0.11333333333333334
9 0.6552083333333333 0.5566666666666668 0.04583333333333333 0.2
8 0.7109375 0.5441666666666667 0.10729166666666666 0.115
8 0.865625 0.5925 0.26458333333333334 0.42500000000000004
