8 0.228515625 0.5458984375 0.037109375 0.056640625
8 0.271484375 0.5419921875 0.0380859375 0.0517578125
8 0.134765625 0.5693359375 0.1044921875 0.0986328125
8 0.197265625 0.55859375 0.0498046875 0.080078125
12 0.29296875 0.3896484375 0.0205078125 0.0537109375
11 0.3720703125 0.373046875 0.025390625 0.0498046875
8 0.423828125 0.537109375 0.07421875 0.087890625
11 0.439453125 0.3759765625 0.025390625 0.0615234375
11 0.5673828125 0.4501953125 0.0185546875 0.0498046875
11 0.56640625 0.4462890625 0.0146484375 0.046875
7 0.5771484375 0.5234375 0.0126953125 0.046875
7 0.642578125 0.5224609375 0.0126953125 0.0654296875
