8 0.9580078125 0.5673828125 0.08203125 0.2021484375
8 0.1162109375 0.5390625 0.052734375 0.05078125
8 0.0322265625 0.5498046875 0.0625 0.1162109375
8 0.1806640625 0.537109375 0.0693359375 0.0751953125
12 0.197265625 0.087890625 0.0361328125 0.0703125
11 0.3916015625 0.1533203125 0.0361328125 0.0703125
8 0.4111328125 0.5146484375 0.0341796875 0.044921875
8 0.447265625 0.509765625 0.0263671875 0.0400390625
8 0.5009765625 0.5166015625 0.02734375 0.056640625
8 0.5419921875 0.55078125 0.09375 0.1015625
11 0.5556640625 0.150390625 0.0322265625 0.1103515625
11 0.55859375 0.169921875 0.03125 0.08984375
8 0.607421875 0.521484375 0.0634765625 0.0771484375
8 0.681640625 0.5234375 0.0732421875 0.0869140625
8 0.673828125 0.521484375 0.056640625 0.0966796875
8 0.7333984375 0.5302734375 0.078125 0.08984375
8 0.7236328125 0.5322265625 0.056640625 0.111328125
8 0.8037109375 0.5478515625 0.1318359375 0.123046875
8 0.7978515625 0.5361328125 0.107421875 0.091796875
11 0.8916015625 0.3662109375 0.0302734375 0.0595703125
