8 0.248046875 0.5380859375 0.052734375 0.0595703125
8 0.248046875 0.537109375 0.0458984375 0.056640625
8 0.3310546875 0.556640625 0.076171875 0.0830078125
11 0.408203125 0.4072265625 0.0107421875 0.03125
11 0.4091796875 0.40625 0.009765625 0.03125
8 0.435546875 0.546875 0.0595703125 0.0869140625
11 0.458984375 0.4150390625 0.009765625 0.0234375
11 0.4599609375 0.4169921875 0.0107421875 0.0263671875
10 0.5126953125 0.470703125 0.01171875 0.0419921875
11 0.513671875 0.4716796875 0.0126953125 0.0302734375
11 0.52734375 0.4541015625 0.009765625 0.03515625
11 0.529296875 0.453125 0.009765625 0.033203125
9 0.5478515625 0.5380859375 0.009765625 0.0869140625
9 0.548828125 0.53515625 0.01171875 0.0732421875
9 0.55859375 0.537109375 0.0126953125 0.0830078125
9 0.5595703125 0.541015625 0.0107421875 0.091796875
9 0.5732421875 0.537109375 0.015625 0.0849609375
9 0.5771484375 0.5380859375 0.01171875 0.0869140625
9 0.5888671875 0.53125 0.0166015625 0.0849609375
9 0.5927734375 0.53125 0.0107421875 0.08203125
