14 0.3486328125 0.521484375 0.0771484375 0.08984375
11 0.34765625 0.4912109375 0.025390625 0.0712890625
8 0.380859375 0.533203125 0.052734375 0.0732421875
8 0.419921875 0.5595703125 0.0849609375 0.0869140625
10 0.478515625 0.45703125 0.01171875 0.037109375
8 0.5546875 0.541015625 0.0595703125 0.068359375
10 0.5908203125 0.3896484375 0.0166015625 0.0595703125
8 0.599609375 0.525390625 0.025390625 0.0517578125
8 0.623046875 0.537109375 0.0458984375 0.0615234375
8 0.66796875 0.54296875 0.0732421875 0.080078125
8 0.6708984375 0.54296875 0.072265625 0.0771484375
11 0.6787109375 0.45703125 0.0107421875 0.033203125
8 0.80078125 0.5693359375 0.185546875 0.1787109375
11 0.7666015625 0.4189453125 0.0185546875 0.0478515625
