7 0.3876953125 0.48046875 0.0068359375 0.029296875
8 0.2353515625 0.474609375 0.056640625 0.03515625
8 0.41015625 0.4736328125 0.0263671875 0.037109375
8 0.4267578125 0.48046875 0.0146484375 0.0302734375
8 0.4462890625 0.484375 0.021484375 0.0419921875
12 0.5087890625 0.400390625 0.01171875 0.0302734375
12 0.544921875 0.4033203125 0.0107421875 0.0302734375
12 0.6103515625 0.4375 0.009765625 0.0283203125
12 0.626953125 0.4208984375 0.0126953125 0.025390625
12 0.6279296875 0.431640625 0.0146484375 0.0400390625
8 0.6728515625 0.484375 0.044921875 0.03125
