8 0.13489583333333333 0.5366666666666667 0.08645833333333333 0.06666666666666667
12 0.12916666666666665 0.45833333333333337 0.016666666666666666 0.043333333333333335
8 0.19583333333333333 0.54 0.05625 0.06333333333333334
8 0.4484375 0.5916666666666667 0.19270833333333334 0.23333333333333334
12 0.3828125 0.4341666666666667 0.011458333333333333 0.035
9 0.5760416666666667 0.5266666666666667 0.022916666666666665 0.07333333333333333
9 0.5760416666666667 0.5233333333333333 0.014583333333333334 0.060000000000000005
12 0.5927083333333333 0.42583333333333334 0.014583333333333334 0.05166666666666667
8 0.6734375 0.5708333333333334 0.090625 0.225
8 0.8380208333333333 0.5658333333333334 0.3177083333333333 0.49500000000000005
