9 0.17057291666666666 0.5283333333333333 0.0067708333333333336 0.03166666666666667
9 0.16197916666666667 0.5233333333333333 0.008333333333333333 0.04666666666666667
9 0.14921875 0.5254166666666668 0.009895833333333333 0.04916666666666667
8 0.7809895833333333 0.5958333333333333 0.19322916666666667 0.2
8 0.9078125 0.635 0.18333333333333332 0.34833333333333333
8 0.038802083333333334 0.5695833333333333 0.0765625 0.12916666666666668
8 0.1109375 0.5625 0.06979166666666667 0.10500000000000001
8 0.24791666666666667 0.5283333333333333 0.04791666666666666 0.06666666666666667
8 0.27760416666666665 0.5283333333333333 0.028125 0.05333333333333334
8 0.5505208333333333 0.5433333333333333 0.042708333333333334 0.09666666666666668
8 0.6067708333333334 0.5466666666666667 0.09270833333333334 0.11
8 0.68125 0.5658333333333334 0.12083333333333333 0.165
