8 0.11927083333333333 0.5583333333333333 0.084375 0.09000000000000001
8 0.22552083333333334 0.5475 0.090625 0.10833333333333334
8 0.2755208333333333 0.5325000000000001 0.03229166666666666 0.085
8 0.28229166666666666 0.5291666666666667 0.03125 0.065
8 0.30572916666666666 0.5175000000000001 0.030208333333333334 0.065
8 0.3572916666666667 0.5141666666666667 0.022916666666666665 0.045000000000000005
8 0.43333333333333335 0.5158333333333334 0.04583333333333333 0.058333333333333334
8 0.6661458333333333 0.54 0.34479166666666666 0.21666666666666667
10 0.5817708333333333 0.31333333333333335 0.026041666666666668 0.09666666666666668
8 0.8937499999999999 0.5083333333333334 0.21041666666666667 0.17
9 0.9854166666666666 0.4708333333333334 0.025 0.13833333333333334
