8 0.0849609375 0.552734375 0.0478515625 0.078125
8 0.0908203125 0.5498046875 0.048828125 0.0634765625
9 0.11328125 0.5654296875 0.0341796875 0.1435546875
8 0.1611328125 0.5458984375 0.099609375 0.125
8 0.208984375 0.53125 0.0224609375 0.0419921875
8 0.294921875 0.5234375 0.0380859375 0.0595703125
8 0.294921875 0.5234375 0.0361328125 0.0537109375
8 0.3740234375 0.53515625 0.0712890625 0.1103515625
12 0.47265625 0.3525390625 0.021484375 0.0849609375
9 0.6220703125 0.52734375 0.0361328125 0.1416015625
9 0.7275390625 0.5126953125 0.0263671875 0.1123046875
9 0.94921875 0.5048828125 0.0341796875 0.150390625
