8 0.9599609375 0.6396484375 0.0791015625 0.248046875
8 0.0361328125 0.53125 0.0712890625 0.203125
12 0.306640625 0.4365234375 0.0283203125 0.0400390625
8 0.4267578125 0.5 0.080078125 0.13671875
8 0.4287109375 0.5 0.0771484375 0.1162109375
12 0.4736328125 0.369140625 0.021484375 0.0380859375
12 0.52734375 0.375 0.021484375 0.0302734375
8 0.6259765625 0.4853515625 0.0712890625 0.044921875
12 0.6220703125 0.427734375 0.0166015625 0.03515625
8 0.6748046875 0.5009765625 0.0810546875 0.0849609375
8 0.6806640625 0.5107421875 0.0810546875 0.115234375
12 0.716796875 0.3837890625 0.0244140625 0.0654296875
12 0.71875 0.3876953125 0.02734375 0.068359375
