8 0.017578125 0.580078125 0.0341796875 0.150390625
14 0.076171875 0.501953125 0.1083984375 0.0869140625
8 0.091796875 0.576171875 0.138671875 0.1787109375
8 0.28515625 0.591796875 0.32421875 0.4228515625
10 0.318359375 0.330078125 0.017578125 0.0498046875
12 0.4140625 0.32421875 0.015625 0.0419921875
8 0.5126953125 0.529296875 0.0751953125 0.0615234375
12 0.4921875 0.326171875 0.015625 0.0478515625
9 0.607421875 0.5263671875 0.0185546875 0.0634765625
9 0.6064453125 0.5283203125 0.015625 0.056640625
8 0.697265625 0.5634765625 0.16796875 0.18359375
12 0.6796875 0.4150390625 0.015625 0.04296875
12 0.9267578125 0.2529296875 0.0478515625 0.1435546875
9 0.962890625 0.5400390625 0.033203125 0.1162109375
