9 0.908203125 0.5224609375 0.0380859375 0.171875
9 0.876953125 0.52734375 0.0322265625 0.1318359375
9 0.80859375 0.4990234375 0.0283203125 0.1220703125
9 0.7109375 0.5126953125 0.03125 0.087890625
9 0.7314453125 0.5107421875 0.0341796875 0.142578125
8 0.150390625 0.5537109375 0.169921875 0.1748046875
8 0.2294921875 0.513671875 0.0556640625 0.0869140625
8 0.330078125 0.5087890625 0.05078125 0.0595703125
8 0.4140625 0.5048828125 0.052734375 0.0771484375
8 0.51953125 0.5078125 0.0341796875 0.0986328125
9 0.5595703125 0.6240234375 0.0673828125 0.4580078125
9 0.650390625 0.6103515625 0.1376953125 0.5419921875
9 0.76953125 0.5009765625 0.037109375 0.1513671875
