8 0.043229166666666666 0.6008333333333333 0.08541666666666667 0.14833333333333334
8 0.22343749999999998 0.5516666666666667 0.10104166666666667 0.12000000000000001
8 0.22343749999999998 0.5641666666666667 0.096875 0.10166666666666667
8 0.3125 0.555 0.052083333333333336 0.060000000000000005
8 0.375 0.5483333333333333 0.03333333333333333 0.043333333333333335
8 0.46875 0.5408333333333334 0.041666666666666664 0.045000000000000005
8 0.5354166666666667 0.5416666666666667 0.03125 0.06333333333333334
8 0.5822916666666667 0.5483333333333333 0.07083333333333333 0.09333333333333334
8 0.5854166666666667 0.5466666666666667 0.06875 0.09666666666666668
8 0.7786458333333334 0.5841666666666667 0.265625 0.2916666666666667
