8 0.0849609375 0.541015625 0.029296875 0.0654296875
8 0.103515625 0.513671875 0.0166015625 0.0302734375
8 0.1767578125 0.49609375 0.0888671875 0.068359375
8 0.30859375 0.4921875 0.0869140625 0.044921875
8 0.31640625 0.4970703125 0.0712890625 0.0537109375
8 0.43359375 0.4921875 0.03515625 0.0478515625
8 0.474609375 0.4990234375 0.0341796875 0.0380859375
14 0.521484375 0.4765625 0.0341796875 0.0732421875
8 0.56640625 0.4873046875 0.0537109375 0.0517578125
10 0.5703125 0.0283203125 0.0263671875 0.056640625
10 0.56640625 0.3603515625 0.0126953125 0.0517578125
12 0.6533203125 0.35546875 0.0146484375 0.0400390625
12 0.7265625 0.4033203125 0.015625 0.04296875
12 0.7294921875 0.408203125 0.013671875 0.0263671875
12 0.80078125 0.0712890625 0.0244140625 0.091796875
9 0.8232421875 0.4755859375 0.03125 0.087890625
9 0.8251953125 0.4814453125 0.0244140625 0.056640625
7 0.970703125 0.4921875 0.02734375 0.1015625
9 0.9765625 0.4775390625 0.0302734375 0.1552734375
9 0.9912109375 0.4814453125 0.01171875 0.0830078125
