8 0.0556640625 0.5595703125 0.0556640625 0.0595703125
8 0.1513671875 0.5478515625 0.02734375 0.04296875
8 0.1962890625 0.5478515625 0.02734375 0.0302734375
8 0.2275390625 0.54296875 0.0263671875 0.0419921875
8 0.251953125 0.5478515625 0.05859375 0.08984375
8 0.341796875 0.626953125 0.1982421875 0.3369140625
12 0.341796875 0.3154296875 0.02734375 0.0751953125
11 0.462890625 0.32421875 0.0263671875 0.08203125
8 0.58984375 0.55859375 0.1396484375 0.212890625
11 0.560546875 0.357421875 0.03125 0.0751953125
11 0.5595703125 0.3515625 0.0205078125 0.056640625
8 0.7763671875 0.6376953125 0.349609375 0.384765625
11 0.6806640625 0.44140625 0.017578125 0.0498046875
8 0.9501953125 0.53515625 0.09375 0.1162109375
