8 0.0634765625 0.619140625 0.126953125 0.3583984375
8 0.1259765625 0.5419921875 0.060546875 0.0771484375
8 0.1748046875 0.5400390625 0.05078125 0.0537109375
8 0.3251953125 0.65625 0.322265625 0.412109375
12 0.2783203125 0.2802734375 0.0244140625 0.06640625
12 0.3896484375 0.2861328125 0.0244140625 0.0751953125
9 0.490234375 0.525390625 0.0224609375 0.068359375
9 0.5478515625 0.521484375 0.0205078125 0.0732421875
9 0.5458984375 0.5244140625 0.0166015625 0.0712890625
12 0.5634765625 0.4140625 0.02734375 0.0751953125
9 0.5654296875 0.515625 0.013671875 0.078125
9 0.5771484375 0.5185546875 0.0166015625 0.080078125
9 0.59375 0.5146484375 0.025390625 0.08203125
7 0.626953125 0.52734375 0.033203125 0.091796875
7 0.654296875 0.5263671875 0.0322265625 0.08984375
9 0.6865234375 0.5263671875 0.021484375 0.0830078125
9 0.7021484375 0.5263671875 0.0224609375 0.0869140625
9 0.724609375 0.521484375 0.0205078125 0.0869140625
9 0.810546875 0.51953125 0.037109375 0.134765625
8 0.9501953125 0.51953125 0.0947265625 0.0849609375
9 0.916015625 0.5 0.0224609375 0.0595703125
9 0.9384765625 0.4921875 0.015625 0.0546875
