8 0.0654296875 0.6337890625 0.1298828125 0.3349609375
14 0.07421875 0.501953125 0.146484375 0.1435546875
8 0.1572265625 0.560546875 0.05859375 0.0654296875
8 0.30078125 0.65625 0.3310546875 0.421875
12 0.337890625 0.2490234375 0.021484375 0.0712890625
14 0.4580078125 0.509765625 0.0263671875 0.06640625
12 0.46484375 0.279296875 0.021484375 0.068359375
8 0.5009765625 0.5419921875 0.06640625 0.0830078125
8 0.501953125 0.541015625 0.0615234375 0.08203125
12 0.6416015625 0.3974609375 0.0224609375 0.0654296875
9 0.6845703125 0.525390625 0.017578125 0.0830078125
9 0.701171875 0.517578125 0.021484375 0.087890625
8 0.8798828125 0.56640625 0.23828125 0.6728515625
