9 0.0244140625 0.544921875 0.01953125 0.0771484375
12 0.0498046875 0.44140625 0.025390625 0.0595703125
7 0.0546875 0.546875 0.0341796875 0.0703125
7 0.0498046875 0.544921875 0.0166015625 0.06640625
9 0.0810546875 0.5380859375 0.0244140625 0.080078125
9 0.0810546875 0.541015625 0.01953125 0.0751953125
7 0.080078125 0.537109375 0.0107421875 0.068359375
8 0.171875 0.525390625 0.087890625 0.0732421875
14 0.173828125 0.5234375 0.08203125 0.0830078125
14 0.2353515625 0.51171875 0.056640625 0.056640625
8 0.2412109375 0.5341796875 0.0576171875 0.0478515625
8 0.2451171875 0.515625 0.0625 0.05859375
9 0.28515625 0.513671875 0.0244140625 0.0732421875
14 0.3271484375 0.4833984375 0.099609375 0.146484375
8 0.3876953125 0.5205078125 0.0322265625 0.03515625
8 0.421875 0.5126953125 0.03515625 0.03515625
8 0.4228515625 0.5146484375 0.0283203125 0.0302734375
12 0.4482421875 0.3251953125 0.01953125 0.0595703125
8 0.46484375 0.513671875 0.0283203125 0.0400390625
12 0.5185546875 0.326171875 0.0244140625 0.0654296875
8 0.5341796875 0.5166015625 0.0400390625 0.04296875
12 0.6552734375 0.412109375 0.0224609375 0.06640625
8 0.939453125 0.5771484375 0.1181640625 0.3251953125
