14 0.0458984375 0.533203125 0.0908203125 0.103515625
8 0.1298828125 0.5478515625 0.048828125 0.046875
8 0.130859375 0.53515625 0.0458984375 0.0771484375
8 0.1796875 0.568359375 0.0869140625 0.1396484375
8 0.3193359375 0.58203125 0.2607421875 0.341796875
10 0.31640625 0.3408203125 0.0205078125 0.0517578125
10 0.4130859375 0.3271484375 0.025390625 0.056640625
10 0.416015625 0.3388671875 0.0166015625 0.0546875
8 0.4833984375 0.515625 0.12890625 0.1015625
8 0.4814453125 0.51171875 0.009765625 0.0302734375
10 0.4921875 0.3310546875 0.0263671875 0.0712890625
10 0.4931640625 0.330078125 0.0166015625 0.046875
8 0.63671875 0.55078125 0.0693359375 0.1220703125
8 0.626953125 0.54296875 0.0458984375 0.1162109375
8 0.796875 0.619140625 0.373046875 0.3486328125
10 0.6796875 0.43359375 0.01953125 0.056640625
8 0.9404296875 0.51953125 0.0830078125 0.0751953125
8 0.9423828125 0.51953125 0.080078125 0.0595703125
10 0.9384765625 0.2587890625 0.048828125 0.1416015625
