8 0.027083333333333334 0.5279166666666667 0.053125 0.1275
12 0.06354166666666666 0.44083333333333335 0.020833333333333332 0.04166666666666667
12 0.06458333333333333 0.4591666666666667 0.016666666666666666 0.04833333333333334
8 0.12760416666666666 0.5208333333333334 0.034375 0.045000000000000005
8 0.17291666666666666 0.5141666666666667 0.035416666666666666 0.04166666666666667
8 0.22239583333333332 0.5058333333333334 0.051041666666666666 0.055
12 0.21354166666666666 0.36750000000000005 0.01875 0.055
8 0.42864583333333334 0.5825 0.39479166666666665 0.5583333333333333
8 0.2661458333333333 0.5083333333333334 0.051041666666666666 0.09000000000000001
12 0.5854166666666667 0.36333333333333334 0.03333333333333333 0.060000000000000005
8 0.6645833333333333 0.5291666666666667 0.1125 0.10500000000000001
9 0.7848958333333333 0.5266666666666667 0.06979166666666667 0.19
9 0.7791666666666667 0.5208333333333334 0.035416666666666666 0.14500000000000002
8 0.9354166666666667 0.6683333333333333 0.12708333333333333 0.31
