8 0.0654296875 0.5390625 0.0986328125 0.080078125
8 0.3095703125 0.515625 0.0400390625 0.0615234375
8 0.310546875 0.521484375 0.0341796875 0.046875
12 0.328125 0.45703125 0.0185546875 0.044921875
10 0.3291015625 0.455078125 0.0146484375 0.04296875
8 0.37109375 0.5283203125 0.056640625 0.0703125
8 0.4453125 0.5546875 0.10546875 0.1298828125
8 0.4462890625 0.44921875 0.0869140625 0.087890625
14 0.4462890625 0.462890625 0.0810546875 0.123046875
11 0.4560546875 0.3603515625 0.0244140625 0.044921875
11 0.4541015625 0.3583984375 0.0146484375 0.04296875
11 0.5537109375 0.4453125 0.015625 0.046875
9 0.5595703125 0.521484375 0.0263671875 0.0595703125
11 0.61328125 0.373046875 0.021484375 0.056640625
11 0.6142578125 0.380859375 0.0205078125 0.0478515625
8 0.7060546875 0.521484375 0.0927734375 0.080078125
