9 0.14583333333333334 0.555 0.03958333333333333 0.13333333333333333
8 0.16458333333333333 0.5475 0.03333333333333333 0.12166666666666667
9 0.16770833333333332 0.5483333333333333 0.016666666666666666 0.13333333333333333
9 0.175 0.52 0.025 0.08333333333333334
9 0.22135416666666666 0.5316666666666667 0.030208333333333334 0.12000000000000001
9 0.2546875 0.5241666666666667 0.017708333333333333 0.065
7 0.26875 0.5225000000000001 0.027083333333333334 0.07166666666666667
7 0.26510416666666664 0.5208333333333334 0.015625 0.06166666666666667
9 0.2703125 0.5216666666666667 0.019791666666666666 0.060000000000000005
7 0.2859375 0.52 0.019791666666666666 0.05666666666666667
8 0.3489583333333333 0.515 0.04375 0.04
8 0.39947916666666666 0.5208333333333334 0.11145833333333333 0.06833333333333334
8 0.39947916666666666 0.5208333333333334 0.11145833333333333 0.055
9 0.4770833333333333 0.5483333333333333 0.029166666666666667 0.11666666666666667
8 0.5578125 0.5108333333333334 0.14270833333333333 0.09166666666666667
9 0.5130208333333334 0.5291666666666667 0.034375 0.14166666666666666
8 0.60625 0.5041666666666667 0.1 0.07500000000000001
9 0.7171875 0.6166666666666667 0.16145833333333334 0.48333333333333334
9 0.7182291666666667 0.5666666666666667 0.05520833333333333 0.3433333333333334
9 0.7239583333333334 0.5691666666666667 0.04375 0.3516666666666667
9 0.79375 0.5875 0.11666666666666667 0.49833333333333335
9 0.8916666666666666 0.5925 0.08541666666666667 0.43833333333333335
