8 0.11875 0.5491666666666667 0.09583333333333333 0.095
8 0.1984375 0.5433333333333333 0.042708333333333334 0.043333333333333335
12 0.2505208333333333 0.30833333333333335 0.030208333333333334 0.09333333333333334
8 0.2520833333333333 0.525 0.03333333333333333 0.06666666666666667
8 0.3833333333333333 0.5516666666666667 0.1375 0.18666666666666668
8 0.44895833333333335 0.5466666666666667 0.07708333333333334 0.11333333333333334
11 0.5171875 0.1716666666666667 0.026041666666666668 0.09000000000000001
8 0.5302083333333333 0.5366666666666667 0.041666666666666664 0.06666666666666667
8 0.565625 0.545 0.08125 0.07333333333333333
10 0.6223958333333334 0.3383333333333334 0.030208333333333334 0.09333333333333334
