8 0.0986328125 0.513671875 0.025390625 0.0302734375
8 0.1767578125 0.49609375 0.0888671875 0.068359375
8 0.3603515625 0.498046875 0.0712890625 0.0537109375
8 0.3583984375 0.4931640625 0.064453125 0.046875
8 0.421875 0.4931640625 0.03125 0.056640625
8 0.447265625 0.4921875 0.03515625 0.0478515625
8 0.544921875 0.4873046875 0.0537109375 0.0517578125
10 0.5703125 0.0283203125 0.0263671875 0.056640625
10 0.56640625 0.3603515625 0.0126953125 0.0517578125
12 0.6533203125 0.35546875 0.0146484375 0.0400390625
12 0.7265625 0.4033203125 0.015625 0.04296875
12 0.7294921875 0.408203125 0.013671875 0.0263671875
12 0.7998046875 0.0712890625 0.0244140625 0.08984375
9 0.8212890625 0.4755859375 0.03125 0.087890625
9 0.822265625 0.48046875 0.0244140625 0.056640625
7 0.970703125 0.4921875 0.02734375 0.1015625
9 0.9765625 0.4775390625 0.0302734375 0.1552734375
9 0.9912109375 0.4814453125 0.01171875 0.0830078125
