8 0.06848958333333333 0.53 0.1359375 0.15333333333333335
8 0.17552083333333332 0.5283333333333333 0.09895833333333333 0.09333333333333334
8 0.27239583333333334 0.5158333333333334 0.09895833333333333 0.09833333333333334
8 0.3265625 0.5108333333333334 0.05520833333333333 0.06833333333333334
14 0.428125 0.48750000000000004 0.06875 0.085
8 0.42864583333333334 0.48833333333333334 0.065625 0.08
9 0.49583333333333335 0.4941666666666667 0.022916666666666665 0.065
9 0.6005208333333333 0.48750000000000004 0.017708333333333333 0.058333333333333334
9 0.6088541666666667 0.4841666666666667 0.009375 0.058333333333333334
9 0.6380208333333334 0.48000000000000004 0.02395833333333333 0.06666666666666667
