8 0.1669921875 0.50390625 0.06640625 0.044921875
8 0.169921875 0.5078125 0.0576171875 0.0380859375
11 0.3232421875 0.4619140625 0.0146484375 0.0302734375
8 0.3818359375 0.5107421875 0.0791015625 0.1220703125
8 0.431640625 0.5087890625 0.0283203125 0.0712890625
8 0.4345703125 0.5078125 0.021484375 0.0654296875
8 0.451171875 0.505859375 0.015625 0.05859375
11 0.4580078125 0.416015625 0.0126953125 0.03515625
11 0.458984375 0.412109375 0.0146484375 0.0263671875
11 0.501953125 0.400390625 0.0126953125 0.03125
11 0.50390625 0.3994140625 0.0146484375 0.0380859375
10 0.6455078125 0.4111328125 0.01953125 0.0517578125
11 0.6494140625 0.412109375 0.0146484375 0.04296875
