8 0.046875 0.5439453125 0.09375 0.169921875
8 0.1923828125 0.533203125 0.19921875 0.23046875
12 0.25 0.337890625 0.0166015625 0.046875
12 0.25390625 0.33203125 0.0185546875 0.0302734375
8 0.4853515625 0.650390625 0.3994140625 0.4736328125
12 0.3076171875 0.33203125 0.01953125 0.0517578125
8 0.3173828125 0.49609375 0.0400390625 0.0419921875
12 0.310546875 0.3251953125 0.0185546875 0.0302734375
12 0.3896484375 0.3359375 0.0146484375 0.044921875
12 0.4482421875 0.3369140625 0.0205078125 0.046875
12 0.5693359375 0.392578125 0.0185546875 0.03515625
8 0.87890625 0.572265625 0.2333984375 0.39453125
8 0.8798828125 0.5419921875 0.2333984375 0.3232421875
