8 0.12890625 0.5029296875 0.06640625 0.0615234375
8 0.20703125 0.4970703125 0.056640625 0.05859375
8 0.2685546875 0.4931640625 0.060546875 0.056640625
8 0.2705078125 0.4951171875 0.048828125 0.056640625
8 0.298828125 0.4853515625 0.0400390625 0.0537109375
11 0.322265625 0.322265625 0.017578125 0.044921875
11 0.3232421875 0.3212890625 0.0146484375 0.0478515625
8 0.3896484375 0.4951171875 0.03515625 0.0400390625
11 0.4013671875 0.3271484375 0.017578125 0.0419921875
11 0.4013671875 0.330078125 0.0126953125 0.04296875
8 0.431640625 0.4970703125 0.0341796875 0.0498046875
8 0.4462890625 0.4912109375 0.0302734375 0.04296875
8 0.498046875 0.4970703125 0.0302734375 0.046875
11 0.6103515625 0.421875 0.013671875 0.0400390625
11 0.611328125 0.41796875 0.0146484375 0.0400390625
9 0.7236328125 0.5126953125 0.0263671875 0.087890625
11 0.787109375 0.3115234375 0.0341796875 0.0966796875
11 0.7861328125 0.3173828125 0.02734375 0.10546875
