8 0.048828125 0.587890625 0.095703125 0.1884765625
8 0.8994140625 0.6474609375 0.2001953125 0.53125
14 0.279296875 0.4873046875 0.142578125 0.2080078125
14 0.2763671875 0.4931640625 0.1337890625 0.1962890625
8 0.345703125 0.53125 0.0263671875 0.0537109375
8 0.359375 0.5322265625 0.0185546875 0.0380859375
8 0.3779296875 0.529296875 0.0185546875 0.03125
8 0.498046875 0.5419921875 0.0107421875 0.0498046875
8 0.513671875 0.5341796875 0.0322265625 0.087890625
8 0.5380859375 0.54296875 0.0458984375 0.068359375
8 0.5947265625 0.5576171875 0.0986328125 0.091796875
8 0.599609375 0.5634765625 0.1005859375 0.08984375
8 0.7509765625 0.5927734375 0.205078125 0.2080078125
8 0.7490234375 0.5966796875 0.1923828125 0.240234375
