8 0.08203125 0.521484375 0.130859375 0.06640625
8 0.4443359375 0.513671875 0.0205078125 0.046875
8 0.470703125 0.517578125 0.0263671875 0.03515625
8 0.5205078125 0.5068359375 0.0283203125 0.037109375
12 0.5625 0.3828125 0.0146484375 0.0517578125
11 0.5712890625 0.0224609375 0.0244140625 0.044921875
12 0.650390625 0.37890625 0.017578125 0.0546875
12 0.7275390625 0.427734375 0.01953125 0.0546875
10 0.81640625 0.0771484375 0.0380859375 0.1181640625
11 0.814453125 0.0712890625 0.02734375 0.09375
8 0.82421875 0.51171875 0.0458984375 0.046875
8 0.861328125 0.509765625 0.068359375 0.046875
8 0.9248046875 0.5087890625 0.087890625 0.0419921875
8 0.978515625 0.5068359375 0.0361328125 0.037109375
8 0.9794921875 0.50390625 0.03515625 0.0478515625
9 0.98828125 0.525390625 0.0185546875 0.05859375
