8 0.048828125 0.546875 0.0615234375 0.0537109375
14 0.10546875 0.5224609375 0.06640625 0.1015625
8 0.1689453125 0.5537109375 0.0654296875 0.0947265625
8 0.216796875 0.568359375 0.103515625 0.1103515625
8 0.271484375 0.53515625 0.0400390625 0.0634765625
12 0.2783203125 0.46484375 0.015625 0.033203125
12 0.3095703125 0.4501953125 0.0166015625 0.04296875
8 0.3525390625 0.5458984375 0.0810546875 0.0947265625
11 0.3447265625 0.431640625 0.0146484375 0.04296875
8 0.5244140625 0.5107421875 0.0419921875 0.0546875
