8 0.26979166666666665 0.5341666666666667 0.04583333333333333 0.03833333333333334
12 0.3697916666666667 0.42583333333333334 0.0125 0.03166666666666667
8 0.41041666666666665 0.5233333333333333 0.03125 0.04
12 0.4145833333333333 0.4291666666666667 0.014583333333333334 0.03833333333333334
8 0.45468749999999997 0.5191666666666667 0.03854166666666667 0.055
12 0.4557291666666667 0.45 0.013541666666666667 0.030000000000000002
8 0.49322916666666666 0.5266666666666667 0.051041666666666666 0.07
10 0.5041666666666667 0.465 0.014583333333333334 0.03333333333333333
12 0.5838541666666667 0.4591666666666667 0.015625 0.03833333333333334
8 0.68125 0.5366666666666667 0.1 0.11333333333333334
