8 0.072265625 0.62109375 0.1435546875 0.361328125
8 0.17578125 0.537109375 0.0654296875 0.0712890625
8 0.333984375 0.6513671875 0.3193359375 0.3935546875
10 0.2763671875 0.2802734375 0.0244140625 0.06640625
10 0.3876953125 0.2861328125 0.0244140625 0.0751953125
9 0.50390625 0.5595703125 0.0517578125 0.21484375
10 0.5634765625 0.416015625 0.02734375 0.078125
9 0.580078125 0.5205078125 0.017578125 0.08203125
9 0.5966796875 0.525390625 0.01953125 0.0849609375
7 0.6474609375 0.525390625 0.033203125 0.091796875
9 0.6865234375 0.5263671875 0.0224609375 0.0869140625
9 0.701171875 0.5302734375 0.0263671875 0.0869140625
9 0.724609375 0.5234375 0.0224609375 0.08984375
9 0.7783203125 0.5185546875 0.025390625 0.1103515625
8 0.951171875 0.525390625 0.0927734375 0.0830078125
