10 0.21484375 0.3564453125 0.01953125 0.0537109375
8 0.2724609375 0.517578125 0.0244140625 0.03125
8 0.3115234375 0.5107421875 0.0185546875 0.0185546875
8 0.3408203125 0.521484375 0.052734375 0.0703125
8 0.337890625 0.5166015625 0.0361328125 0.056640625
10 0.33203125 0.4091796875 0.009765625 0.03515625
8 0.365234375 0.513671875 0.0166015625 0.046875
10 0.3701171875 0.3779296875 0.017578125 0.0400390625
8 0.4326171875 0.5380859375 0.107421875 0.123046875
11 0.396484375 0.4287109375 0.0087890625 0.021484375
11 0.4228515625 0.44140625 0.0146484375 0.033203125
8 0.482421875 0.501953125 0.0361328125 0.056640625
8 0.4833984375 0.5146484375 0.025390625 0.04296875
11 0.490234375 0.4267578125 0.0185546875 0.037109375
8 0.5791015625 0.525390625 0.068359375 0.068359375
8 0.5830078125 0.525390625 0.06640625 0.0615234375
8 0.5908203125 0.51171875 0.021484375 0.0400390625
14 0.642578125 0.498046875 0.076171875 0.103515625
14 0.64453125 0.5048828125 0.0751953125 0.0966796875
11 0.66015625 0.4482421875 0.0146484375 0.0302734375
8 0.9013671875 0.55078125 0.1689453125 0.1220703125
8 0.9052734375 0.5546875 0.1708984375 0.123046875
