8 0.1125 0.5875 0.22083333333333333 0.225
8 0.24479166666666666 0.5175000000000001 0.09791666666666667 0.065
8 0.303125 0.5066666666666667 0.025 0.05666666666666667
8 0.42135416666666664 0.5375000000000001 0.10104166666666667 0.125
9 0.4921875 0.5141666666666667 0.013541666666666667 0.07833333333333334
9 0.5104166666666666 0.5166666666666667 0.014583333333333334 0.07333333333333333
9 0.5838541666666667 0.51 0.019791666666666666 0.05666666666666667
9 0.6041666666666666 0.5066666666666667 0.014583333333333334 0.09000000000000001
9 0.6234375 0.5133333333333334 0.011458333333333333 0.08666666666666667
9 0.6359375 0.5116666666666667 0.013541666666666667 0.08333333333333334
8 0.8447916666666666 0.5683333333333334 0.30625 0.35333333333333333
