8 0.94140625 0.47625 0.11614583333333334 0.0775
8 0.4731770833333333 0.4970833333333334 0.028645833333333332 0.035833333333333335
8 0.12395833333333334 0.5333333333333333 0.15833333333333333 0.1366666666666667
8 0.20781249999999998 0.5008333333333334 0.030208333333333334 0.045000000000000005
8 0.37916666666666665 0.48750000000000004 0.03958333333333333 0.05166666666666667
8 0.38645833333333335 0.48833333333333334 0.027083333333333334 0.05
8 0.4302083333333333 0.4941666666666667 0.041666666666666664 0.04166666666666667
10 0.5703125 0.029166666666666667 0.026041666666666668 0.05666666666666667
10 0.565625 0.36083333333333334 0.0125 0.05166666666666667
14 0.6171875 0.47500000000000003 0.096875 0.09000000000000001
12 0.6526041666666667 0.35500000000000004 0.015625 0.04
12 0.7260416666666667 0.405 0.014583333333333334 0.043333333333333335
12 0.7296875 0.4083333333333334 0.013541666666666667 0.02666666666666667
12 0.8015625 0.07 0.02395833333333333 0.09000000000000001
9 0.8416666666666667 0.4758333333333334 0.03125 0.08833333333333333
9 0.8494791666666667 0.4816666666666667 0.02395833333333333 0.05666666666666667
7 0.9677083333333333 0.49250000000000005 0.029166666666666667 0.10166666666666667
9 0.9744791666666667 0.47750000000000004 0.030208333333333334 0.155
9 0.9911458333333333 0.4816666666666667 0.011458333333333333 0.08333333333333334
