8 0.3328125 0.5091666666666667 0.06770833333333333 0.07500000000000001
8 0.38177083333333334 0.49833333333333335 0.042708333333333334 0.060000000000000005
8 0.38125 0.49583333333333335 0.029166666666666667 0.065
8 0.4869791666666667 0.4891666666666667 0.051041666666666666 0.03833333333333334
12 0.528125 0.3458333333333334 0.016666666666666666 0.035
8 0.5609375 0.49250000000000005 0.051041666666666666 0.06166666666666667
12 0.5947916666666666 0.36583333333333334 0.016666666666666666 0.04166666666666667
12 0.634375 0.45083333333333336 0.010416666666666666 0.028333333333333335
8 0.6708333333333333 0.4941666666666667 0.058333333333333334 0.07166666666666667
12 0.6640625 0.4291666666666667 0.015625 0.04166666666666667
12 0.6875 0.4091666666666667 0.016666666666666666 0.035
9 0.8854166666666666 0.4716666666666667 0.020833333333333332 0.08666666666666667
9 0.8869791666666667 0.4741666666666667 0.021875 0.07833333333333334
