11 0.09895833333333333 0.21083333333333334 0.042708333333333334 0.15333333333333335
9 0.9911458333333333 0.5466666666666667 0.016666666666666666 0.11833333333333335
8 0.07447916666666667 0.5333333333333333 0.07395833333333333 0.06666666666666667
8 0.16510416666666666 0.5383333333333333 0.07604166666666666 0.06333333333333334
8 0.23958333333333334 0.5308333333333334 0.058333333333333334 0.05166666666666667
8 0.240625 0.5275000000000001 0.05 0.04833333333333334
11 0.27760416666666665 0.42250000000000004 0.02395833333333333 0.055
11 0.27708333333333335 0.42083333333333334 0.014583333333333334 0.045000000000000005
8 0.30885416666666665 0.53 0.06979166666666667 0.07
8 0.31197916666666664 0.5333333333333333 0.057291666666666664 0.05666666666666667
12 0.2947916666666667 0.41833333333333333 0.014583333333333334 0.05
8 0.45677083333333335 0.5800000000000001 0.18229166666666666 0.25
10 0.4557291666666667 0.34833333333333333 0.026041666666666668 0.07333333333333333
12 0.45625 0.3441666666666667 0.016666666666666666 0.04833333333333334
11 0.5427083333333333 0.4516666666666667 0.014583333333333334 0.03666666666666667
14 0.6880208333333333 0.4566666666666667 0.18229166666666666 0.32333333333333336
