8 0.12109375 0.5390625 0.072265625 0.0751953125
8 0.330078125 0.650390625 0.3251953125 0.41015625
12 0.28125 0.2763671875 0.0185546875 0.0537109375
12 0.2841796875 0.275390625 0.01953125 0.0595703125
12 0.3916015625 0.287109375 0.0146484375 0.05859375
9 0.5673828125 0.517578125 0.02734375 0.0751953125
12 0.564453125 0.408203125 0.015625 0.0537109375
8 0.65234375 0.529296875 0.1767578125 0.0986328125
7 0.7861328125 0.51953125 0.0732421875 0.099609375
7 0.78515625 0.51953125 0.060546875 0.08984375
8 0.9560546875 0.5146484375 0.0830078125 0.087890625
