8 0.0888671875 0.537109375 0.068359375 0.0693359375
8 0.208984375 0.556640625 0.1630859375 0.16015625
12 0.2646484375 0.484375 0.0166015625 0.0419921875
12 0.2666015625 0.474609375 0.013671875 0.0419921875
8 0.3251953125 0.501953125 0.0322265625 0.04296875
8 0.36328125 0.5205078125 0.064453125 0.068359375
12 0.3837890625 0.443359375 0.0146484375 0.0302734375
12 0.3857421875 0.4482421875 0.017578125 0.0400390625
11 0.3896484375 0.4169921875 0.015625 0.037109375
11 0.390625 0.4150390625 0.0146484375 0.033203125
8 0.4150390625 0.5078125 0.03515625 0.0478515625
8 0.48046875 0.501953125 0.03515625 0.0498046875
11 0.470703125 0.3935546875 0.0146484375 0.037109375
11 0.544921875 0.4267578125 0.0185546875 0.0537109375
11 0.5419921875 0.443359375 0.01171875 0.033203125
