8 0.04869791666666667 0.5858333333333333 0.09635416666666667 0.10333333333333335
8 0.11041666666666666 0.5625 0.03333333333333333 0.05166666666666667
8 0.15520833333333334 0.5566666666666668 0.0625 0.07
8 0.21458333333333332 0.5516666666666667 0.052083333333333336 0.07333333333333333
12 0.24114583333333334 0.35833333333333334 0.013541666666666667 0.04666666666666667
8 0.24895833333333334 0.5508333333333334 0.014583333333333334 0.045000000000000005
11 0.34322916666666664 0.3375 0.015625 0.04833333333333334
8 0.4 0.5533333333333333 0.05416666666666667 0.08
11 0.42864583333333334 0.34750000000000003 0.015625 0.05166666666666667
9 0.603125 0.5391666666666667 0.04375 0.08833333333333333
11 0.5947916666666666 0.4466666666666667 0.020833333333333332 0.05666666666666667
11 0.59375 0.43333333333333335 0.014583333333333334 0.05
7 0.6026041666666666 0.53 0.015625 0.07333333333333333
9 0.721875 0.5341666666666667 0.06875 0.12166666666666667
7 0.7255208333333333 0.5275000000000001 0.019791666666666666 0.10833333333333334
