8 0.05026041666666667 0.5833333333333334 0.09947916666666666 0.25833333333333336
8 0.15572916666666667 0.5416666666666667 0.15104166666666666 0.14666666666666667
8 0.2453125 0.53 0.08645833333333333 0.12666666666666668
8 0.29635416666666664 0.5158333333333334 0.06145833333333333 0.10500000000000001
8 0.33125 0.5141666666666667 0.052083333333333336 0.07833333333333334
8 0.35572916666666665 0.49583333333333335 0.05520833333333333 0.085
8 0.5880208333333333 0.48250000000000004 0.028125 0.028333333333333335
8 0.6854166666666667 0.5325000000000001 0.05 0.11833333333333335
8 0.784375 0.5433333333333333 0.15208333333333332 0.16
8 0.890625 0.5825 0.20416666666666666 0.24500000000000002
