8 0.11927083333333333 0.6033333333333334 0.23854166666666665 0.30333333333333334
8 0.3260416666666667 0.5416666666666667 0.035416666666666666 0.08
8 0.3302083333333333 0.5441666666666667 0.027083333333333334 0.095
8 0.38125 0.5466666666666667 0.12083333333333333 0.16666666666666669
8 0.5760416666666667 0.5041666666666667 0.03125 0.05166666666666667
8 0.596875 0.5125000000000001 0.025 0.05166666666666667
8 0.61875 0.505 0.04375 0.09666666666666668
14 0.6296875 0.505 0.05520833333333333 0.08
8 0.665625 0.5175000000000001 0.05625 0.07500000000000001
8 0.734375 0.5208333333333334 0.06666666666666667 0.08833333333333333
8 0.8177083333333334 0.53 0.11666666666666667 0.13
