8 0.025260416666666667 0.5850000000000001 0.049479166666666664 0.09833333333333334
8 0.1265625 0.5916666666666667 0.09479166666666666 0.09000000000000001
8 0.13020833333333334 0.5825 0.09166666666666666 0.095
8 0.20989583333333334 0.5583333333333333 0.06354166666666666 0.09000000000000001
8 0.21354166666666666 0.5641666666666667 0.06041666666666667 0.07166666666666667
8 0.275 0.55 0.06666666666666667 0.09000000000000001
8 0.2760416666666667 0.555 0.06041666666666667 0.09000000000000001
14 0.3338541666666667 0.5341666666666667 0.078125 0.03833333333333334
8 0.34010416666666665 0.5483333333333333 0.019791666666666666 0.02666666666666667
8 0.41302083333333334 0.5791666666666667 0.12395833333333334 0.165
9 0.6942708333333333 0.4816666666666667 0.015625 0.060000000000000005
9 0.6979166666666666 0.4733333333333334 0.014583333333333334 0.05666666666666667
