14 0.107421875 0.46875 0.21484375 0.3271484375
12 0.333984375 0.4775390625 0.0126953125 0.0419921875
8 0.400390625 0.525390625 0.0322265625 0.046875
8 0.400390625 0.5263671875 0.0283203125 0.0400390625
8 0.4384765625 0.5185546875 0.025390625 0.04296875
12 0.498046875 0.4599609375 0.0126953125 0.0302734375
11 0.4990234375 0.4619140625 0.0126953125 0.0400390625
8 0.5205078125 0.541015625 0.0322265625 0.1015625
8 0.5439453125 0.5419921875 0.04296875 0.099609375
8 0.626953125 0.5244140625 0.1630859375 0.2119140625
