8 0.044921875 0.53125 0.0810546875 0.0986328125
8 0.0712890625 0.544921875 0.072265625 0.08984375
8 0.1533203125 0.5546875 0.126953125 0.1064453125
8 0.189453125 0.5234375 0.0361328125 0.037109375
14 0.263671875 0.46875 0.1005859375 0.1962890625
8 0.3720703125 0.51953125 0.037109375 0.033203125
12 0.421875 0.3212890625 0.0185546875 0.0654296875
12 0.5 0.318359375 0.025390625 0.06640625
12 0.64453125 0.4150390625 0.02734375 0.0703125
14 0.8798828125 0.4638671875 0.2333984375 0.21484375
8 0.9404296875 0.720703125 0.11328125 0.53515625
8 0.9423828125 0.6845703125 0.11328125 0.46875
