8 0.12552083333333333 0.5916666666666667 0.20520833333333333 0.21666666666666667
8 0.24114583333333334 0.5425 0.053125 0.085
8 0.29322916666666665 0.5466666666666667 0.06145833333333333 0.08
8 0.328125 0.5475 0.03125 0.065
8 0.378125 0.5458333333333334 0.052083333333333336 0.06166666666666667
11 0.3677083333333333 0.335 0.025 0.06666666666666667
11 0.4322916666666667 0.3825 0.027083333333333334 0.07833333333333334
11 0.4322916666666667 0.38333333333333336 0.016666666666666666 0.05
8 0.47291666666666665 0.5308333333333334 0.01875 0.05166666666666667
8 0.4848958333333333 0.5283333333333333 0.017708333333333333 0.05666666666666667
8 0.5265625 0.545 0.08229166666666667 0.10333333333333335
8 0.5484375 0.5275000000000001 0.019791666666666666 0.06833333333333334
8 0.5661458333333333 0.5358333333333334 0.028125 0.07166666666666667
11 0.59375 0.3116666666666667 0.03125 0.09666666666666668
8 0.7223958333333333 0.6008333333333333 0.24479166666666666 0.23500000000000001
8 0.6192708333333333 0.54 0.036458333333333336 0.06333333333333334
9 0.8156249999999999 0.5325000000000001 0.022916666666666665 0.065
11 0.8296875 0.4425 0.021875 0.06833333333333334
11 0.871875 0.43750000000000006 0.010416666666666666 0.04833333333333334
