8 0.2099609375 0.4580078125 0.029296875 0.0400390625
8 0.21484375 0.458984375 0.0341796875 0.0380859375
8 0.23828125 0.4560546875 0.0224609375 0.03125
8 0.240234375 0.4580078125 0.0205078125 0.0302734375
8 0.27734375 0.4638671875 0.02734375 0.0380859375
8 0.279296875 0.4658203125 0.0283203125 0.03125
8 0.3212890625 0.45703125 0.0322265625 0.0419921875
8 0.3251953125 0.4619140625 0.0302734375 0.037109375
8 0.3466796875 0.4580078125 0.017578125 0.033203125
8 0.5107421875 0.4814453125 0.04296875 0.04296875
8 0.58203125 0.4755859375 0.048828125 0.078125
12 0.666015625 0.3984375 0.013671875 0.0234375
12 0.669921875 0.3876953125 0.0126953125 0.0380859375
8 0.6796875 0.4619140625 0.0302734375 0.0263671875
7 0.7080078125 0.4814453125 0.01953125 0.0498046875
