9 0.8701171875 0.578125 0.1103515625 0.4267578125
8 0.044921875 0.5869140625 0.083984375 0.193359375
8 0.083984375 0.556640625 0.0732421875 0.13671875
8 0.09375 0.5537109375 0.0625 0.1748046875
8 0.1494140625 0.56640625 0.0947265625 0.16015625
8 0.150390625 0.5595703125 0.0947265625 0.14453125
9 0.185546875 0.5224609375 0.0322265625 0.1279296875
9 0.1884765625 0.517578125 0.021484375 0.1181640625
8 0.2763671875 0.533203125 0.1103515625 0.0771484375
8 0.2919921875 0.53125 0.1142578125 0.078125
8 0.3271484375 0.5224609375 0.072265625 0.0712890625
8 0.361328125 0.515625 0.1025390625 0.078125
14 0.3525390625 0.5234375 0.0224609375 0.080078125
14 0.3798828125 0.5224609375 0.0673828125 0.078125
14 0.45703125 0.494140625 0.060546875 0.134765625
14 0.4580078125 0.48828125 0.05859375 0.13671875
8 0.51953125 0.533203125 0.046875 0.0595703125
8 0.5205078125 0.5361328125 0.044921875 0.05859375
14 0.5283203125 0.462890625 0.0576171875 0.09375
14 0.5283203125 0.48828125 0.052734375 0.126953125
9 0.6064453125 0.5166015625 0.0302734375 0.169921875
9 0.607421875 0.517578125 0.0322265625 0.162109375
9 0.6044921875 0.51953125 0.015625 0.126953125
9 0.779296875 0.572265625 0.0966796875 0.4013671875
