8 0.27239583333333334 0.6033333333333334 0.5447916666666667 0.4366666666666667
10 0.5828125 0.3166666666666667 0.028125 0.09666666666666668
9 0.6208333333333333 0.5058333333333334 0.027083333333333334 0.115
9 0.6208333333333333 0.505 0.020833333333333332 0.11666666666666667
9 0.665625 0.5033333333333334 0.029166666666666667 0.11
9 0.6682291666666667 0.49583333333333335 0.021875 0.10500000000000001
9 0.8401041666666667 0.48250000000000004 0.046875 0.14833333333333334
9 0.8739583333333333 0.4841666666666667 0.04375 0.14500000000000002
9 0.8786458333333333 0.4741666666666667 0.028125 0.16833333333333333
9 0.9020833333333333 0.5191666666666667 0.035416666666666666 0.07833333333333334
