8 0.04114583333333333 0.5195833333333334 0.08125 0.07250000000000001
8 0.19270833333333334 0.5008333333333334 0.0625 0.05166666666666667
8 0.29635416666666664 0.535 0.13854166666666667 0.14
10 0.2682291666666667 0.33416666666666667 0.017708333333333333 0.04833333333333334
11 0.35520833333333335 0.3175 0.01875 0.04166666666666667
11 0.3578125 0.3175 0.019791666666666666 0.04833333333333334
11 0.4244791666666667 0.31833333333333336 0.013541666666666667 0.043333333333333335
8 0.4578125 0.49500000000000005 0.030208333333333334 0.04
8 0.5 0.5025000000000001 0.06041666666666667 0.07833333333333334
11 0.5984375 0.41250000000000003 0.019791666666666666 0.04166666666666667
11 0.6421875 0.3591666666666667 0.021875 0.07500000000000001
8 0.6677083333333333 0.5 0.04583333333333333 0.05333333333333334
8 0.7078125 0.49500000000000005 0.08645833333333333 0.04666666666666667
8 0.765625 0.49583333333333335 0.09166666666666666 0.06833333333333334
8 0.8359375 0.4866666666666667 0.078125 0.06333333333333334
