9 0.5947265625 0.5166015625 0.0146484375 0.0595703125
8 0.021484375 0.5947265625 0.0419921875 0.13671875
9 0.009765625 0.52734375 0.0166015625 0.078125
8 0.259765625 0.6796875 0.3310546875 0.4296875
9 0.150390625 0.5390625 0.013671875 0.0712890625
12 0.1591796875 0.3994140625 0.013671875 0.044921875
8 0.4365234375 0.53125 0.0341796875 0.056640625
12 0.5146484375 0.3701171875 0.0166015625 0.056640625
9 0.6484375 0.53125 0.021484375 0.1015625
9 0.7587890625 0.5283203125 0.0478515625 0.2265625
9 0.80078125 0.5146484375 0.068359375 0.2587890625
9 0.919921875 0.5341796875 0.033203125 0.1884765625
