8 0.962890625 0.482421875 0.064453125 0.0361328125
8 0.2060546875 0.5224609375 0.052734375 0.03125
8 0.306640625 0.51953125 0.0498046875 0.0263671875
8 0.3876953125 0.5146484375 0.0283203125 0.03515625
12 0.4052734375 0.404296875 0.009765625 0.025390625
8 0.4375 0.5234375 0.0439453125 0.056640625
12 0.451171875 0.416015625 0.0087890625 0.025390625
8 0.4892578125 0.5166015625 0.0302734375 0.037109375
12 0.5166015625 0.4560546875 0.0068359375 0.021484375
14 0.5927734375 0.4912109375 0.1220703125 0.0703125
12 0.5498046875 0.4375 0.009765625 0.021484375
9 0.59765625 0.494140625 0.01171875 0.0380859375
