8 0.1904296875 0.498046875 0.12890625 0.1689453125
8 0.0830078125 0.5390625 0.095703125 0.125
8 0.3466796875 0.4990234375 0.060546875 0.0849609375
8 0.498046875 0.498046875 0.044921875 0.0732421875
8 0.5927734375 0.5 0.0283203125 0.0732421875
8 0.6162109375 0.5029296875 0.0400390625 0.1083984375
8 0.6201171875 0.505859375 0.0458984375 0.1083984375
8 0.6826171875 0.521484375 0.1044921875 0.09375
8 0.669921875 0.525390625 0.0771484375 0.1201171875
8 0.798828125 0.5595703125 0.2021484375 0.21875
8 0.7978515625 0.5537109375 0.197265625 0.1552734375
