8 0.10677083333333333 0.6025 0.21354166666666666 0.22833333333333336
14 0.24375 0.4791666666666667 0.16666666666666666 0.255
8 0.33958333333333335 0.5375000000000001 0.0375 0.07166666666666667
8 0.34270833333333334 0.5333333333333333 0.0375 0.08
8 0.41562499999999997 0.5283333333333333 0.09791666666666667 0.14333333333333334
12 0.3848958333333333 0.37333333333333335 0.015625 0.04
12 0.4536458333333333 0.3725 0.009375 0.03833333333333334
12 0.4588541666666667 0.375 0.017708333333333333 0.04666666666666667
14 0.5666666666666667 0.4716666666666667 0.14583333333333334 0.24000000000000002
8 0.6765625 0.555 0.18645833333333334 0.19
8 0.7619791666666667 0.4708333333333334 0.10520833333333333 0.07833333333333334
8 0.76875 0.47500000000000003 0.10416666666666667 0.07333333333333333
