8 0.07421875 0.466796875 0.05078125 0.0595703125
8 0.12890625 0.466796875 0.0341796875 0.0498046875
8 0.150390625 0.4697265625 0.0322265625 0.037109375
8 0.1533203125 0.46875 0.03125 0.0419921875
8 0.2373046875 0.474609375 0.05078125 0.0498046875
8 0.2412109375 0.474609375 0.0439453125 0.03515625
12 0.2412109375 0.130859375 0.029296875 0.0947265625
8 0.2919921875 0.4755859375 0.044921875 0.0419921875
8 0.3017578125 0.478515625 0.052734375 0.056640625
12 0.4677734375 0.3037109375 0.0263671875 0.087890625
