8 0.15494791666666666 0.5625 0.11510416666666666 0.11833333333333335
7 0.0109375 0.5820833333333334 0.020833333333333332 0.12250000000000001
7 0.23958333333333334 0.5466666666666667 0.01875 0.05
7 0.2546875 0.5441666666666667 0.015625 0.03833333333333334
8 0.296875 0.55 0.029166666666666667 0.03666666666666667
8 0.3098958333333333 0.545 0.015625 0.04
8 0.31979166666666664 0.5516666666666667 0.010416666666666666 0.02666666666666667
8 0.3854166666666667 0.5408333333333334 0.035416666666666666 0.05166666666666667
7 0.45625 0.54 0.0125 0.043333333333333335
9 0.58125 0.5391666666666667 0.0125 0.055
8 0.8598958333333333 0.5208333333333334 0.09479166666666666 0.04166666666666667
