10 0.0712890625 0.0849609375 0.109375 0.15625
8 0.111328125 0.5224609375 0.1298828125 0.125
8 0.119140625 0.5146484375 0.109375 0.115234375
8 0.1767578125 0.498046875 0.0986328125 0.0595703125
8 0.2880859375 0.5029296875 0.0673828125 0.0615234375
8 0.29296875 0.5048828125 0.0673828125 0.0732421875
8 0.353515625 0.5146484375 0.0849609375 0.0703125
8 0.3525390625 0.517578125 0.0712890625 0.078125
8 0.384765625 0.4892578125 0.046875 0.0615234375
8 0.4287109375 0.48828125 0.0625 0.0703125
8 0.470703125 0.494140625 0.033203125 0.0380859375
10 0.5703125 0.0283203125 0.0263671875 0.056640625
10 0.5654296875 0.3603515625 0.0126953125 0.0517578125
10 0.65234375 0.35546875 0.015625 0.0400390625
11 0.7255859375 0.41015625 0.015625 0.04296875
10 0.80078125 0.0732421875 0.025390625 0.08984375
9 0.8740234375 0.4736328125 0.0244140625 0.0703125
9 0.880859375 0.4814453125 0.0205078125 0.0537109375
7 0.9287109375 0.4970703125 0.0224609375 0.0986328125
