8 0.0478515625 0.5595703125 0.095703125 0.1630859375
14 0.099609375 0.447265625 0.109375 0.0947265625
14 0.1123046875 0.462890625 0.1064453125 0.09375
8 0.1181640625 0.552734375 0.068359375 0.115234375
8 0.25 0.5283203125 0.060546875 0.06640625
8 0.2548828125 0.533203125 0.05078125 0.06640625
14 0.2861328125 0.5048828125 0.072265625 0.0830078125
8 0.2958984375 0.50390625 0.0458984375 0.0947265625
8 0.3291015625 0.51171875 0.03125 0.0498046875
8 0.388671875 0.5283203125 0.09375 0.1162109375
8 0.412109375 0.4990234375 0.0595703125 0.1015625
8 0.4287109375 0.498046875 0.03125 0.0966796875
8 0.47265625 0.5166015625 0.041015625 0.0498046875
8 0.5244140625 0.51953125 0.0712890625 0.08984375
8 0.521484375 0.5205078125 0.0654296875 0.0849609375
8 0.8154296875 0.6416015625 0.3642578125 0.51953125
8 0.8251953125 0.623046875 0.3447265625 0.400390625
