8 0.1265625 0.5158333333333334 0.02395833333333333 0.05166666666666667
8 0.1578125 0.505 0.065625 0.05333333333333334
8 0.16458333333333333 0.5058333333333334 0.07083333333333333 0.07166666666666667
8 0.23697916666666666 0.5066666666666667 0.046875 0.060000000000000005
8 0.240625 0.5033333333333334 0.04583333333333333 0.05
8 0.27291666666666664 0.5041666666666667 0.029166666666666667 0.03166666666666667
8 0.3463541666666667 0.49833333333333335 0.036458333333333336 0.05666666666666667
12 0.3416666666666667 0.4675 0.016666666666666666 0.025
12 0.4114583333333333 0.4475 0.014583333333333334 0.03166666666666667
11 0.4609375 0.40166666666666667 0.015625 0.03333333333333333
8 0.5270833333333333 0.49833333333333335 0.035416666666666666 0.043333333333333335
8 0.5286458333333334 0.505 0.03229166666666666 0.043333333333333335
11 0.5520833333333334 0.45 0.010416666666666666 0.03666666666666667
11 0.559375 0.45083333333333336 0.010416666666666666 0.028333333333333335
8 0.6088541666666667 0.5175000000000001 0.06770833333333333 0.09166666666666667
14 0.6317708333333333 0.4691666666666667 0.05520833333333333 0.06166666666666667
