8 0.1025390625 0.5302734375 0.0517578125 0.0498046875
8 0.23046875 0.544921875 0.1904296875 0.1962890625
10 0.3603515625 0.3935546875 0.013671875 0.037109375
11 0.4130859375 0.3837890625 0.0166015625 0.037109375
8 0.4658203125 0.498046875 0.0302734375 0.0400390625
11 0.4619140625 0.3779296875 0.013671875 0.044921875
8 0.5146484375 0.509765625 0.06640625 0.0869140625
11 0.58984375 0.4228515625 0.0185546875 0.044921875
8 0.6416015625 0.5009765625 0.064453125 0.0546875
8 0.91796875 0.513671875 0.1591796875 0.18359375
