8 0.0458984375 0.5537109375 0.0908203125 0.1103515625
8 0.181640625 0.5234375 0.10546875 0.08984375
8 0.1865234375 0.5283203125 0.0751953125 0.0634765625
8 0.359375 0.490234375 0.03515625 0.046875
8 0.3828125 0.4912109375 0.013671875 0.037109375
8 0.396484375 0.486328125 0.0185546875 0.033203125
8 0.4189453125 0.486328125 0.0224609375 0.0302734375
8 0.45703125 0.4853515625 0.0224609375 0.037109375
8 0.517578125 0.474609375 0.029296875 0.0234375
8 0.5537109375 0.48828125 0.0185546875 0.0498046875
8 0.58203125 0.4970703125 0.0498046875 0.0517578125
8 0.58203125 0.4990234375 0.0439453125 0.05859375
