8 0.0791015625 0.544921875 0.04296875 0.04296875
8 0.1396484375 0.51953125 0.0283203125 0.0302734375
8 0.2255859375 0.5380859375 0.068359375 0.0869140625
10 0.2783203125 0.3134765625 0.0263671875 0.06640625
12 0.2802734375 0.310546875 0.0185546875 0.0615234375
8 0.2919921875 0.4833984375 0.0166015625 0.0234375
8 0.3056640625 0.5 0.01953125 0.0263671875
8 0.357421875 0.5244140625 0.0185546875 0.0546875
8 0.361328125 0.5205078125 0.0126953125 0.0517578125
14 0.3896484375 0.5107421875 0.052734375 0.1083984375
11 0.40625 0.2919921875 0.0205078125 0.0634765625
11 0.5029296875 0.296875 0.0185546875 0.06640625
