9 0.0453125 0.5475 0.017708333333333333 0.10166666666666667
9 0.06041666666666667 0.5683333333333334 0.016666666666666666 0.05333333333333334
9 0.0765625 0.5441666666666667 0.02395833333333333 0.115
9 0.08125 0.5425 0.01875 0.11166666666666668
8 0.1265625 0.5558333333333334 0.078125 0.08166666666666667
8 0.22708333333333333 0.545 0.08333333333333333 0.09333333333333334
8 0.28229166666666666 0.5291666666666667 0.03125 0.065
8 0.3098958333333333 0.5191666666666667 0.030208333333333334 0.065
8 0.3765625 0.5225000000000001 0.09270833333333334 0.095
8 0.4354166666666667 0.5216666666666667 0.04791666666666666 0.05333333333333334
9 0.528125 0.49500000000000005 0.0125 0.08
10 0.5817708333333333 0.31333333333333335 0.026041666666666668 0.09666666666666668
9 0.9854166666666666 0.4791666666666667 0.025 0.15833333333333335
