12 0.1103515625 0.30078125 0.017578125 0.0654296875
8 0.1943359375 0.5146484375 0.0361328125 0.04296875
8 0.197265625 0.515625 0.03515625 0.0380859375
14 0.2744140625 0.482421875 0.07421875 0.1279296875
11 0.294921875 0.314453125 0.0166015625 0.0478515625
8 0.4970703125 0.578125 0.15625 0.1728515625
11 0.439453125 0.40234375 0.0205078125 0.0517578125
9 0.65234375 0.53125 0.029296875 0.1279296875
9 0.6728515625 0.51953125 0.0185546875 0.1318359375
8 0.712890625 0.5146484375 0.0791015625 0.0546875
9 0.6962890625 0.525390625 0.025390625 0.134765625
8 0.8251953125 0.4970703125 0.12890625 0.080078125
9 0.7978515625 0.5166015625 0.0205078125 0.16015625
11 0.8046875 0.22265625 0.0322265625 0.125
