8 0.033854166666666664 0.5366666666666667 0.06770833333333333 0.15333333333333335
8 0.08645833333333333 0.5791666666666667 0.13125 0.18166666666666667
8 0.284375 0.5916666666666667 0.32916666666666666 0.42333333333333334
10 0.3182291666666667 0.32916666666666666 0.017708333333333333 0.05166666666666667
12 0.4140625 0.32583333333333336 0.017708333333333333 0.045000000000000005
12 0.49166666666666664 0.32583333333333336 0.016666666666666666 0.05166666666666667
8 0.5036458333333333 0.5166666666666667 0.021875 0.03666666666666667
8 0.5390625 0.525 0.03229166666666666 0.05
8 0.55625 0.5191666666666667 0.0125 0.035
8 0.690625 0.5625 0.15416666666666667 0.1716666666666667
9 0.6302083333333334 0.5166666666666667 0.014583333333333334 0.04
12 0.6796875 0.41583333333333333 0.015625 0.045000000000000005
14 0.8505208333333333 0.48000000000000004 0.18229166666666666 0.13
8 0.8885416666666667 0.5241666666666667 0.14583333333333334 0.08166666666666667
12 0.9328124999999999 0.25083333333333335 0.04895833333333333 0.15166666666666667
9 0.953125 0.5433333333333333 0.029166666666666667 0.12000000000000001
