10 0.1357421875 0.453125 0.02734375 0.0537109375
11 0.1396484375 0.4345703125 0.0205078125 0.0537109375
8 0.380859375 0.5712890625 0.20703125 0.248046875
8 0.369140625 0.5693359375 0.1845703125 0.21484375
8 0.5078125 0.521484375 0.0947265625 0.0703125
8 0.5087890625 0.521484375 0.0947265625 0.0830078125
8 0.607421875 0.53125 0.0830078125 0.0517578125
10 0.6982421875 0.267578125 0.0224609375 0.078125
8 0.7451171875 0.5185546875 0.0732421875 0.0498046875
8 0.880859375 0.61328125 0.2333984375 0.31640625
10 0.8310546875 0.4052734375 0.0224609375 0.0703125
