8 0.0830078125 0.5224609375 0.0791015625 0.0654296875
8 0.173828125 0.53515625 0.0888671875 0.099609375
8 0.23046875 0.509765625 0.0361328125 0.0634765625
8 0.234375 0.5224609375 0.0400390625 0.078125
8 0.328125 0.5048828125 0.060546875 0.0595703125
8 0.3291015625 0.509765625 0.0517578125 0.06640625
8 0.361328125 0.4931640625 0.025390625 0.04296875
8 0.498046875 0.494140625 0.0556640625 0.0751953125
8 0.5634765625 0.5029296875 0.0166015625 0.0400390625
8 0.580078125 0.51171875 0.0224609375 0.046875
8 0.6162109375 0.515625 0.052734375 0.068359375
