8 0.06927083333333334 0.6175 0.13854166666666667 0.395
9 0.1734375 0.5366666666666667 0.011458333333333333 0.04
8 0.3052083333333333 0.55 0.0875 0.09666666666666668
8 0.3546875 0.5241666666666667 0.040625 0.07166666666666667
8 0.353125 0.5333333333333333 0.027083333333333334 0.08
8 0.41354166666666664 0.5466666666666667 0.10833333333333334 0.15000000000000002
12 0.4348958333333333 0.3983333333333334 0.011458333333333333 0.03666666666666667
12 0.43697916666666664 0.4 0.013541666666666667 0.030000000000000002
8 0.4671875 0.5291666666666667 0.028125 0.065
12 0.5395833333333333 0.4525 0.008333333333333333 0.028333333333333335
9 0.6244791666666667 0.5108333333333334 0.017708333333333333 0.055
9 0.6260416666666666 0.5091666666666667 0.010416666666666666 0.058333333333333334
