8 0.071875 0.6125 0.1375 0.18833333333333335
8 0.165625 0.5800000000000001 0.10208333333333333 0.13
8 0.22708333333333333 0.5625 0.0625 0.09166666666666667
8 0.2625 0.55 0.06041666666666667 0.10666666666666667
8 0.27239583333333334 0.5483333333333333 0.046875 0.10666666666666667
8 0.3223958333333333 0.5341666666666667 0.040625 0.045000000000000005
8 0.37447916666666664 0.5291666666666667 0.042708333333333334 0.06166666666666667
8 0.37604166666666666 0.5266666666666667 0.04375 0.05
8 0.5494791666666666 0.54 0.11145833333333333 0.14
8 0.79375 0.6716666666666667 0.4083333333333333 0.4
9 0.6692708333333334 0.4991666666666667 0.030208333333333334 0.07833333333333334
