8 0.0673828125 0.515625 0.134765625 0.16796875
8 0.232421875 0.49609375 0.1728515625 0.1650390625
12 0.2607421875 0.3115234375 0.0185546875 0.0302734375
12 0.259765625 0.3232421875 0.0166015625 0.046875
12 0.310546875 0.3212890625 0.01953125 0.0517578125
12 0.3134765625 0.3125 0.0185546875 0.0283203125
8 0.32421875 0.48046875 0.0380859375 0.044921875
8 0.4921875 0.599609375 0.3095703125 0.3779296875
12 0.3916015625 0.3193359375 0.0146484375 0.044921875
12 0.44921875 0.31640625 0.0205078125 0.046875
12 0.572265625 0.380859375 0.0185546875 0.03515625
8 0.82421875 0.4541015625 0.1240234375 0.08203125
8 0.8310546875 0.4521484375 0.1201171875 0.0654296875
8 0.9443359375 0.5400390625 0.1025390625 0.3603515625
