8 0.1318359375 0.55859375 0.0498046875 0.0634765625
8 0.1318359375 0.5537109375 0.0458984375 0.04296875
8 0.2373046875 0.537109375 0.03515625 0.0478515625
12 0.2958984375 0.400390625 0.0146484375 0.04296875
12 0.2998046875 0.400390625 0.0166015625 0.0546875
8 0.35546875 0.537109375 0.0341796875 0.044921875
11 0.3603515625 0.404296875 0.01953125 0.0517578125
11 0.361328125 0.412109375 0.0146484375 0.037109375
8 0.4013671875 0.529296875 0.0361328125 0.0419921875
11 0.4140625 0.4111328125 0.017578125 0.0478515625
11 0.4150390625 0.419921875 0.0185546875 0.0400390625
8 0.4775390625 0.53515625 0.0341796875 0.0595703125
8 0.53515625 0.5498046875 0.099609375 0.103515625
8 0.521484375 0.4716796875 0.0205078125 0.046875
11 0.521484375 0.4765625 0.0146484375 0.037109375
8 0.646484375 0.5419921875 0.0771484375 0.0771484375
11 0.62890625 0.4384765625 0.0166015625 0.046875
8 0.841796875 0.5703125 0.1962890625 0.13671875
