8 0.015625 0.5866666666666667 0.03125 0.17
8 0.08697916666666666 0.5791666666666667 0.13229166666666667 0.18166666666666667
14 0.07604166666666666 0.5016666666666667 0.10833333333333334 0.08666666666666667
8 0.284375 0.5916666666666667 0.32916666666666666 0.42333333333333334
10 0.3182291666666667 0.32916666666666666 0.017708333333333333 0.05166666666666667
12 0.4140625 0.32583333333333336 0.017708333333333333 0.045000000000000005
8 0.49374999999999997 0.5208333333333334 0.025 0.045000000000000005
12 0.49166666666666664 0.32583333333333336 0.016666666666666666 0.05166666666666667
8 0.5286458333333334 0.52 0.021875 0.03666666666666667
8 0.5458333333333333 0.5275000000000001 0.03958333333333333 0.055
8 0.6916666666666667 0.5633333333333334 0.15625 0.17333333333333334
9 0.63125 0.5183333333333333 0.01875 0.05666666666666667
9 0.6322916666666667 0.5133333333333334 0.014583333333333334 0.04
12 0.6796875 0.41583333333333333 0.015625 0.045000000000000005
14 0.8619791666666666 0.4791666666666667 0.203125 0.135
8 0.9239583333333333 0.5208333333333334 0.14583333333333334 0.08166666666666667
12 0.9307291666666666 0.2525 0.04895833333333333 0.14833333333333334
9 0.9541666666666666 0.5416666666666667 0.029166666666666667 0.12000000000000001
