8 0.0341796875 0.5595703125 0.068359375 0.0703125
8 0.1357421875 0.5537109375 0.048828125 0.0615234375
8 0.2109375 0.5537109375 0.1181640625 0.1435546875
12 0.3544921875 0.1318359375 0.02734375 0.0771484375
8 0.4072265625 0.556640625 0.076171875 0.1064453125
8 0.509765625 0.5439453125 0.0625 0.1552734375
8 0.5830078125 0.5439453125 0.1220703125 0.162109375
11 0.5576171875 0.166015625 0.0361328125 0.0751953125
8 0.7919921875 0.619140625 0.328125 0.3154296875
11 0.724609375 0.24609375 0.03125 0.0751953125
11 0.724609375 0.232421875 0.0263671875 0.068359375
8 0.939453125 0.546875 0.1181640625 0.1630859375
11 0.927734375 0.3818359375 0.0224609375 0.0498046875
