8 0.0634765625 0.6337890625 0.126953125 0.3203125
14 0.0751953125 0.494140625 0.140625 0.1181640625
8 0.29296875 0.658203125 0.330078125 0.4228515625
8 0.154296875 0.5634765625 0.04296875 0.0634765625
12 0.3388671875 0.2490234375 0.01953125 0.0654296875
14 0.486328125 0.51171875 0.0625 0.1162109375
12 0.4658203125 0.2802734375 0.0185546875 0.0595703125
9 0.4931640625 0.533203125 0.0283203125 0.0966796875
12 0.64453125 0.3974609375 0.0224609375 0.0615234375
7 0.6865234375 0.529296875 0.0712890625 0.1181640625
8 0.8857421875 0.5478515625 0.2255859375 0.658203125
