8 0.2265625 0.5458984375 0.0302734375 0.0361328125
8 0.17578125 0.5458984375 0.0390625 0.05078125
8 0.337890625 0.5810546875 0.1865234375 0.251953125
10 0.2666015625 0.4072265625 0.0126953125 0.0380859375
11 0.3134765625 0.39453125 0.0185546875 0.0498046875
11 0.3115234375 0.3955078125 0.01171875 0.03125
11 0.357421875 0.408203125 0.017578125 0.0498046875
11 0.3583984375 0.40625 0.01171875 0.03125
11 0.431640625 0.47265625 0.015625 0.0478515625
11 0.5009765625 0.4326171875 0.0205078125 0.05859375
8 0.5419921875 0.541015625 0.0732421875 0.0517578125
