8 0.0654296875 0.529296875 0.12890625 0.17578125
8 0.9140625 0.625 0.1708984375 0.40234375
8 0.2646484375 0.5185546875 0.0751953125 0.0732421875
8 0.44921875 0.482421875 0.0419921875 0.0712890625
10 0.4482421875 0.4150390625 0.015625 0.037109375
8 0.4931640625 0.505859375 0.08203125 0.1181640625
10 0.4921875 0.3974609375 0.013671875 0.0517578125
8 0.5400390625 0.4853515625 0.029296875 0.0537109375
8 0.572265625 0.4970703125 0.03125 0.0751953125
8 0.626953125 0.4921875 0.0791015625 0.115234375
8 0.744140625 0.556640625 0.189453125 0.2001953125
