14 0.06145833333333333 0.5233333333333333 0.12291666666666666 0.08
9 0.07916666666666666 0.5566666666666668 0.027083333333333334 0.07666666666666667
9 0.08072916666666667 0.55 0.021875 0.08333333333333334
9 0.1828125 0.54 0.021875 0.08
12 0.3520833333333333 0.18250000000000002 0.035416666666666666 0.085
8 0.46875 0.535 0.1375 0.08
12 0.6046875 0.3491666666666667 0.028125 0.08833333333333333
12 0.6046875 0.3441666666666667 0.015625 0.07500000000000001
9 0.6760416666666667 0.5275000000000001 0.03125 0.125
9 0.7479166666666667 0.5266666666666667 0.0375 0.15000000000000002
9 0.828125 0.5358333333333334 0.04583333333333333 0.1716666666666667
9 0.8244791666666667 0.5416666666666667 0.034375 0.17666666666666667
9 0.9260416666666667 0.5258333333333334 0.0625 0.21166666666666667
