10 0.0634765625 0.068359375 0.0869140625 0.1337890625
8 0.2353515625 0.5166015625 0.125 0.11328125
8 0.30859375 0.50390625 0.0751953125 0.0615234375
8 0.314453125 0.5029296875 0.0556640625 0.0546875
8 0.4736328125 0.494140625 0.0419921875 0.0517578125
8 0.474609375 0.4951171875 0.02734375 0.037109375
8 0.60546875 0.5 0.123046875 0.0732421875
10 0.572265625 0.02734375 0.029296875 0.0517578125
12 0.5654296875 0.36328125 0.0146484375 0.046875
8 0.6806640625 0.486328125 0.0791015625 0.0703125
12 0.6533203125 0.3583984375 0.0166015625 0.0498046875
12 0.65234375 0.357421875 0.009765625 0.0380859375
12 0.728515625 0.4189453125 0.013671875 0.0478515625
12 0.80078125 0.0751953125 0.029296875 0.09375
8 0.8623046875 0.4892578125 0.072265625 0.0546875
8 0.9208984375 0.486328125 0.103515625 0.056640625
