10 0.0166015625 0.3603515625 0.0322265625 0.08984375
8 0.177734375 0.5556640625 0.078125 0.1015625
8 0.2421875 0.5478515625 0.0556640625 0.0751953125
8 0.2744140625 0.5390625 0.0263671875 0.0546875
9 0.3701171875 0.5205078125 0.013671875 0.0419921875
8 0.5048828125 0.525390625 0.056640625 0.09375
9 0.4970703125 0.5244140625 0.0302734375 0.1279296875
10 0.5205078125 0.3330078125 0.033203125 0.09375
8 0.6796875 0.533203125 0.2470703125 0.126953125
9 0.86328125 0.486328125 0.0341796875 0.146484375
