7 0.021354166666666667 0.5483333333333333 0.03229166666666666 0.08666666666666667
7 0.019270833333333334 0.5433333333333333 0.019791666666666666 0.07
9 0.057291666666666664 0.5383333333333333 0.014583333333333334 0.06666666666666667
9 0.07760416666666667 0.5325000000000001 0.013541666666666667 0.058333333333333334
8 0.12291666666666666 0.5308333333333334 0.09375 0.09833333333333334
14 0.12760416666666666 0.5291666666666667 0.09270833333333334 0.08833333333333333
8 0.2 0.5391666666666667 0.075 0.065
8 0.1984375 0.5066666666666667 0.065625 0.04
14 0.2015625 0.515 0.05520833333333333 0.05
14 0.2895833333333333 0.48250000000000004 0.10833333333333334 0.17500000000000002
8 0.35885416666666664 0.5208333333333334 0.03229166666666666 0.035
8 0.38958333333333334 0.52 0.03958333333333333 0.05333333333333334
12 0.42343749999999997 0.3191666666666667 0.019791666666666666 0.055
12 0.5 0.3175 0.020833333333333332 0.06166666666666667
8 0.5411458333333333 0.5158333333333334 0.03854166666666667 0.055
8 0.6567708333333333 0.5258333333333334 0.11145833333333333 0.07833333333333334
12 0.6442708333333333 0.4116666666666667 0.021875 0.06333333333333334
