8 0.1396484375 0.53125 0.1025390625 0.0703125
8 0.263671875 0.537109375 0.0966796875 0.134765625
8 0.349609375 0.52734375 0.046875 0.0712890625
8 0.3876953125 0.525390625 0.021484375 0.0302734375
14 0.4111328125 0.5146484375 0.03125 0.0615234375
8 0.4189453125 0.53125 0.0283203125 0.044921875
9 0.544921875 0.5166015625 0.0185546875 0.056640625
9 0.6005859375 0.5185546875 0.021484375 0.0732421875
9 0.6005859375 0.5185546875 0.0185546875 0.06640625
9 0.6201171875 0.5185546875 0.0185546875 0.080078125
9 0.6220703125 0.5166015625 0.0185546875 0.080078125
