8 0.0515625 0.5008333333333334 0.103125 0.07833333333333334
8 0.23177083333333334 0.4966666666666667 0.12395833333333334 0.08
8 0.44687499999999997 0.6675000000000001 0.46249999999999997 0.5283333333333333
8 0.7140625 0.4891666666666667 0.15520833333333334 0.07833333333333334
12 0.7645833333333333 0.2625 0.022916666666666665 0.07833333333333334
8 0.8036458333333333 0.4816666666666667 0.06354166666666666 0.07666666666666667
12 0.8890625 0.38 0.028125 0.06666666666666667
9 0.95 0.4783333333333334 0.03125 0.11
9 0.9494791666666667 0.4741666666666667 0.02395833333333333 0.08166666666666667
8 0.9791666666666666 0.6775 0.03958333333333333 0.255
