8 0.15 0.5433333333333333 0.12916666666666665 0.12333333333333334
9 0.2296875 0.5858333333333333 0.04479166666666667 0.2783333333333334
9 0.2765625 0.5858333333333333 0.034375 0.2516666666666667
9 0.27708333333333335 0.5816666666666667 0.027083333333333334 0.24666666666666667
9 0.30052083333333335 0.5733333333333334 0.051041666666666666 0.24333333333333335
9 0.3052083333333333 0.5800000000000001 0.041666666666666664 0.24000000000000002
8 0.37395833333333334 0.5391666666666667 0.09166666666666666 0.10166666666666667
14 0.6083333333333333 0.49083333333333334 0.21041666666666667 0.14500000000000002
14 0.5947916666666666 0.49250000000000005 0.18333333333333332 0.115
8 0.5614583333333333 0.5591666666666667 0.10208333333333333 0.12833333333333335
14 0.8505208333333333 0.43000000000000005 0.296875 0.8600000000000001
8 0.85 0.4266666666666667 0.29583333333333334 0.8433333333333334
