9 0.029296875 0.5830078125 0.033203125 0.11328125
9 0.9482421875 0.5361328125 0.0615234375 0.2705078125
8 0.1728515625 0.5771484375 0.1142578125 0.1220703125
7 0.2783203125 0.5634765625 0.0263671875 0.099609375
8 0.3134765625 0.5654296875 0.0869140625 0.1015625
8 0.4462890625 0.5712890625 0.087890625 0.1181640625
10 0.5673828125 0.3212890625 0.0263671875 0.0771484375
7 0.615234375 0.5771484375 0.0595703125 0.287109375
9 0.666015625 0.533203125 0.021484375 0.0966796875
9 0.6923828125 0.529296875 0.0205078125 0.08203125
9 0.7197265625 0.541015625 0.0244140625 0.05859375
9 0.791015625 0.5517578125 0.03515625 0.146484375
9 0.8291015625 0.546875 0.029296875 0.1630859375
9 0.8544921875 0.5595703125 0.046875 0.1982421875
