14 0.0615234375 0.48046875 0.123046875 0.1630859375
8 0.115234375 0.55859375 0.0947265625 0.099609375
8 0.181640625 0.4873046875 0.138671875 0.134765625
14 0.1767578125 0.5009765625 0.078125 0.134765625
8 0.2822265625 0.6220703125 0.271484375 0.3251953125
8 0.3837890625 0.4970703125 0.1572265625 0.26171875
14 0.3984375 0.5263671875 0.1220703125 0.23046875
8 0.5048828125 0.529296875 0.0498046875 0.0654296875
8 0.5166015625 0.54296875 0.06640625 0.078125
8 0.5810546875 0.5263671875 0.0966796875 0.13671875
8 0.65234375 0.5546875 0.169921875 0.169921875
8 0.7509765625 0.478515625 0.09375 0.16015625
