8 0.935546875 0.5458984375 0.125 0.150390625
8 0.0693359375 0.5400390625 0.0537109375 0.080078125
8 0.125 0.5400390625 0.0498046875 0.056640625
8 0.2177734375 0.5283203125 0.05078125 0.04296875
8 0.3984375 0.5400390625 0.1201171875 0.1298828125
8 0.443359375 0.53125 0.025390625 0.0751953125
8 0.4462890625 0.53515625 0.0224609375 0.0703125
8 0.5390625 0.53125 0.0341796875 0.10546875
8 0.5634765625 0.5400390625 0.0751953125 0.1064453125
8 0.6025390625 0.5625 0.099609375 0.10546875
9 0.79296875 0.4970703125 0.0361328125 0.0703125
9 0.7919921875 0.4912109375 0.0205078125 0.04296875
