8 0.17161458333333332 0.56125 0.10052083333333334 0.08916666666666667
8 0.046614583333333334 0.5491666666666667 0.0703125 0.07
8 0.2994791666666667 0.5391666666666667 0.05520833333333333 0.05166666666666667
8 0.5005208333333333 0.5091666666666667 0.08020833333333333 0.135
14 0.4953125 0.5083333333333334 0.065625 0.12666666666666668
8 0.5494791666666666 0.5258333333333334 0.042708333333333334 0.055
8 0.6098958333333333 0.5191666666666667 0.03854166666666667 0.03833333333333334
8 0.6328125 0.525 0.034375 0.03333333333333333
8 0.634375 0.5175000000000001 0.03125 0.045000000000000005
8 0.9026041666666667 0.48500000000000004 0.084375 0.08333333333333334
