8 0.0283203125 0.51171875 0.0546875 0.0908203125
8 0.12109375 0.5205078125 0.1044921875 0.0849609375
8 0.20703125 0.5205078125 0.08203125 0.0947265625
8 0.2939453125 0.521484375 0.091796875 0.09375
8 0.3857421875 0.5234375 0.0947265625 0.0869140625
8 0.4248046875 0.51171875 0.033203125 0.04296875
8 0.4619140625 0.513671875 0.0478515625 0.0498046875
8 0.607421875 0.51171875 0.0498046875 0.06640625
8 0.669921875 0.5146484375 0.091796875 0.056640625
9 0.7685546875 0.5146484375 0.0146484375 0.08984375
9 0.7802734375 0.5126953125 0.0166015625 0.0751953125
9 0.798828125 0.5078125 0.0185546875 0.0712890625
