11 0.1162109375 0.4228515625 0.056640625 0.1767578125
8 0.056640625 0.5556640625 0.0791015625 0.087890625
14 0.216796875 0.517578125 0.134765625 0.1279296875
8 0.2890625 0.5673828125 0.1630859375 0.14453125
14 0.35546875 0.5107421875 0.0498046875 0.0712890625
10 0.396484375 0.41796875 0.0126953125 0.0380859375
8 0.466796875 0.5234375 0.0244140625 0.037109375
8 0.4951171875 0.53125 0.0498046875 0.0615234375
8 0.5302734375 0.5185546875 0.0244140625 0.0537109375
8 0.55859375 0.525390625 0.0458984375 0.0615234375
10 0.564453125 0.3154296875 0.0166015625 0.0595703125
8 0.6298828125 0.5390625 0.0888671875 0.0849609375
11 0.693359375 0.41796875 0.0146484375 0.04296875
8 0.8408203125 0.564453125 0.2099609375 0.1787109375
