8 0.0478515625 0.546875 0.095703125 0.16796875
8 0.1611328125 0.5400390625 0.107421875 0.0966796875
12 0.1640625 0.4716796875 0.01171875 0.0263671875
8 0.232421875 0.5234375 0.0419921875 0.09375
8 0.2880859375 0.521484375 0.033203125 0.0595703125
8 0.3427734375 0.5185546875 0.0537109375 0.0400390625
12 0.3515625 0.390625 0.013671875 0.03515625
8 0.41796875 0.517578125 0.04296875 0.0517578125
12 0.404296875 0.39453125 0.01171875 0.033203125
12 0.4921875 0.4599609375 0.013671875 0.0400390625
8 0.5244140625 0.5126953125 0.0595703125 0.0380859375
12 0.5185546875 0.4072265625 0.0205078125 0.0546875
12 0.51953125 0.412109375 0.015625 0.0419921875
9 0.828125 0.453125 0.0166015625 0.046875
9 0.8642578125 0.4462890625 0.0224609375 0.0537109375
