9 0.5895833333333333 0.5141666666666667 0.0125 0.05
9 0.6067708333333334 0.5208333333333334 0.013541666666666667 0.055
8 0.24687499999999998 0.6758333333333334 0.35625 0.41500000000000004
9 0.12708333333333333 0.41583333333333333 0.014583333333333334 0.03166666666666667
9 0.14947916666666666 0.5466666666666667 0.028125 0.08666666666666667
12 0.15572916666666667 0.39916666666666667 0.015625 0.05166666666666667
8 0.40208333333333335 0.54 0.06458333333333333 0.11666666666666667
12 0.5177083333333333 0.37083333333333335 0.01875 0.065
9 0.6578125 0.5383333333333333 0.021875 0.09666666666666668
9 0.7895833333333333 0.5316666666666667 0.04583333333333333 0.21333333333333335
9 0.8494791666666667 0.5283333333333333 0.057291666666666664 0.2366666666666667
9 0.9385416666666666 0.5366666666666667 0.04791666666666666 0.19
