8 0.1125 0.5591666666666667 0.06666666666666667 0.07833333333333334
8 0.16510416666666666 0.5491666666666667 0.04895833333333333 0.058333333333333334
8 0.315625 0.6616666666666667 0.33125 0.36333333333333334
8 0.20520833333333333 0.5425 0.05416666666666667 0.06833333333333334
11 0.3609375 0.2816666666666667 0.02395833333333333 0.06666666666666667
9 0.48333333333333334 0.5266666666666667 0.016666666666666666 0.05
9 0.503125 0.5133333333333334 0.03125 0.1
10 0.5307291666666667 0.42083333333333334 0.017708333333333333 0.055
7 0.6057291666666667 0.5800000000000001 0.10520833333333333 0.36000000000000004
7 0.615625 0.5708333333333334 0.058333333333333334 0.29500000000000004
