8 0.125 0.4931640625 0.25 0.6767578125
14 0.1279296875 0.484375 0.25 0.6181640625
8 0.3310546875 0.4970703125 0.05078125 0.068359375
8 0.4951171875 0.625 0.33203125 0.4296875
12 0.3505859375 0.30078125 0.0185546875 0.0712890625
12 0.4736328125 0.240234375 0.021484375 0.06640625
7 0.6533203125 0.4931640625 0.0361328125 0.0869140625
12 0.6474609375 0.37109375 0.0185546875 0.044921875
8 0.689453125 0.484375 0.0361328125 0.0546875
8 0.740234375 0.4892578125 0.0849609375 0.05859375
8 0.8583984375 0.58984375 0.279296875 0.3466796875
12 0.986328125 0.23046875 0.0224609375 0.1015625
