8 0.19947916666666665 0.5433333333333333 0.04479166666666667 0.06333333333333334
8 0.20260416666666667 0.5383333333333333 0.03229166666666666 0.05666666666666667
12 0.28125 0.37083333333333335 0.016666666666666666 0.055
12 0.28229166666666666 0.375 0.014583333333333334 0.043333333333333335
8 0.35052083333333334 0.5358333333333334 0.034375 0.045000000000000005
11 0.36041666666666666 0.3841666666666667 0.016666666666666666 0.035
11 0.36302083333333335 0.3775 0.019791666666666666 0.05166666666666667
8 0.39947916666666666 0.5291666666666667 0.036458333333333336 0.04166666666666667
11 0.4244791666666667 0.3875 0.017708333333333333 0.04833333333333334
11 0.42604166666666665 0.39333333333333337 0.01875 0.04
8 0.47552083333333334 0.5358333333333334 0.042708333333333334 0.058333333333333334
8 0.51875 0.5508333333333334 0.09375 0.10166666666666667
11 0.55625 0.46416666666666667 0.020833333333333332 0.035
8 0.559375 0.455 0.020833333333333332 0.04666666666666667
8 0.58125 0.535 0.04791666666666666 0.060000000000000005
8 0.653125 0.5408333333333334 0.08541666666666667 0.07500000000000001
11 0.7302083333333333 0.39916666666666667 0.020833333333333332 0.065
8 0.8932291666666666 0.5725 0.209375 0.16166666666666668
