14 0.29296875 0.5302734375 0.0419921875 0.0732421875
14 0.29296875 0.5302734375 0.0400390625 0.0703125
8 0.3388671875 0.5498046875 0.0361328125 0.0498046875
8 0.375 0.541015625 0.029296875 0.0380859375
9 0.5751953125 0.5224609375 0.0185546875 0.0947265625
9 0.580078125 0.5166015625 0.0166015625 0.0732421875
9 0.64453125 0.5341796875 0.0185546875 0.091796875
9 0.6494140625 0.5390625 0.0146484375 0.1015625
9 0.66015625 0.5390625 0.0126953125 0.0849609375
9 0.6767578125 0.53125 0.021484375 0.0703125
9 0.6796875 0.53125 0.0244140625 0.06640625
8 0.8798828125 0.5478515625 0.1064453125 0.0615234375
