12 0.026041666666666668 0.4491666666666667 0.016666666666666666 0.04166666666666667
8 0.11666666666666667 0.505 0.07291666666666667 0.060000000000000005
12 0.159375 0.37000000000000005 0.01875 0.03666666666666667
12 0.16145833333333334 0.37833333333333335 0.01875 0.043333333333333335
8 0.20416666666666666 0.5 0.03958333333333333 0.05333333333333334
12 0.21666666666666667 0.37833333333333335 0.01875 0.03333333333333333
12 0.22083333333333333 0.3825 0.014583333333333334 0.04166666666666667
8 0.25416666666666665 0.5091666666666667 0.06041666666666667 0.065
8 0.259375 0.5075000000000001 0.041666666666666664 0.065
12 0.2989583333333333 0.44 0.014583333333333334 0.05
12 0.30104166666666665 0.43333333333333335 0.014583333333333334 0.030000000000000002
8 0.3104166666666667 0.49833333333333335 0.027083333333333334 0.06333333333333334
8 0.33958333333333335 0.49833333333333335 0.04791666666666666 0.08
8 0.33958333333333335 0.4941666666666667 0.04375 0.065
8 0.4 0.5091666666666667 0.12916666666666665 0.19833333333333333
8 0.5046875 0.5183333333333333 0.090625 0.09333333333333334
8 0.5979166666666667 0.54 0.08125 0.12666666666666668
8 0.7541666666666667 0.5266666666666667 0.24583333333333332 0.23
8 0.7114583333333333 0.54 0.16041666666666665 0.24333333333333335
8 0.8927083333333333 0.5766666666666667 0.2125 0.35000000000000003
