8 0.8848958333333333 0.5891666666666667 0.22916666666666666 0.21166666666666667
8 0.08697916666666666 0.5391666666666667 0.08854166666666667 0.06833333333333334
8 0.16770833333333332 0.5291666666666667 0.0625 0.07833333333333334
8 0.17083333333333334 0.5258333333333334 0.0625 0.08166666666666667
8 0.20885416666666667 0.5225000000000001 0.02395833333333333 0.06166666666666667
8 0.2375 0.5183333333333333 0.03333333333333333 0.05666666666666667
8 0.2895833333333333 0.5083333333333334 0.022916666666666665 0.03666666666666667
8 0.365625 0.5008333333333334 0.022916666666666665 0.035
8 0.38645833333333335 0.4941666666666667 0.022916666666666665 0.028333333333333335
8 0.42083333333333334 0.5033333333333334 0.01875 0.02666666666666667
8 0.43854166666666666 0.5083333333333334 0.029166666666666667 0.03333333333333333
8 0.721875 0.55 0.10833333333333334 0.19
8 0.7572916666666667 0.56 0.15416666666666667 0.15000000000000002
