8 0.033203125 0.5791015625 0.06640625 0.1875
8 0.146484375 0.552734375 0.0654296875 0.0654296875
8 0.19140625 0.5458984375 0.029296875 0.0615234375
8 0.2314453125 0.541015625 0.052734375 0.0712890625
8 0.2705078125 0.5380859375 0.029296875 0.0595703125
8 0.318359375 0.537109375 0.048828125 0.0615234375
8 0.3916015625 0.53515625 0.052734375 0.0634765625
11 0.4541015625 0.4501953125 0.01171875 0.04296875
8 0.4970703125 0.5244140625 0.0205078125 0.03515625
8 0.6806640625 0.53125 0.0595703125 0.068359375
11 0.689453125 0.2841796875 0.0185546875 0.0751953125
11 0.6923828125 0.28515625 0.013671875 0.0498046875
