8 0.3857421875 0.5146484375 0.0126953125 0.0166015625
14 0.068359375 0.5224609375 0.12109375 0.08203125
8 0.1904296875 0.564453125 0.1259765625 0.1220703125
12 0.3603515625 0.1962890625 0.03515625 0.0849609375
8 0.4453125 0.5205078125 0.0634765625 0.0654296875
12 0.6015625 0.3544921875 0.0283203125 0.087890625
9 0.73828125 0.53125 0.0556640625 0.16796875
9 0.7919921875 0.521484375 0.0166015625 0.13671875
9 0.814453125 0.5419921875 0.0458984375 0.1728515625
9 0.87109375 0.53125 0.0458984375 0.1748046875
10 0.9677734375 0.076171875 0.0615234375 0.1484375
