8 0.02786458333333333 0.5120833333333333 0.0546875 0.09083333333333334
8 0.12083333333333333 0.5208333333333334 0.10416666666666667 0.085
8 0.20677083333333332 0.5208333333333334 0.08229166666666667 0.095
8 0.29375 0.5216666666666667 0.09166666666666666 0.09333333333333334
8 0.3859375 0.5233333333333333 0.09479166666666666 0.08666666666666667
8 0.425 0.5116666666666667 0.03333333333333333 0.043333333333333335
8 0.4614583333333333 0.5133333333333334 0.04791666666666666 0.05
8 0.6072916666666667 0.5116666666666667 0.05 0.06666666666666667
8 0.6697916666666667 0.515 0.09166666666666666 0.05666666666666667
9 0.76875 0.515 0.014583333333333334 0.09000000000000001
9 0.7802083333333333 0.5125000000000001 0.016666666666666666 0.07500000000000001
9 0.7989583333333333 0.5075000000000001 0.01875 0.07166666666666667
