8 0.19921875 0.54296875 0.044921875 0.0634765625
8 0.2021484375 0.5380859375 0.0322265625 0.056640625
12 0.28125 0.37109375 0.0166015625 0.0546875
12 0.2822265625 0.375 0.0146484375 0.04296875
8 0.3505859375 0.5361328125 0.0341796875 0.044921875
11 0.3603515625 0.3837890625 0.0166015625 0.03515625
11 0.36328125 0.3779296875 0.01953125 0.0517578125
8 0.3994140625 0.529296875 0.0361328125 0.0419921875
11 0.4248046875 0.3876953125 0.017578125 0.0478515625
11 0.42578125 0.3935546875 0.0185546875 0.0400390625
8 0.4755859375 0.5361328125 0.04296875 0.05859375
8 0.5185546875 0.55078125 0.09375 0.1015625
11 0.556640625 0.4638671875 0.0205078125 0.03515625
8 0.5595703125 0.455078125 0.0205078125 0.046875
8 0.5810546875 0.53515625 0.0478515625 0.0595703125
8 0.6533203125 0.541015625 0.0849609375 0.0751953125
11 0.73046875 0.3994140625 0.0205078125 0.0654296875
8 0.8935546875 0.572265625 0.208984375 0.162109375
