8 0.025390625 0.572265625 0.05078125 0.162109375
8 0.1298828125 0.541015625 0.154296875 0.14453125
8 0.302734375 0.5263671875 0.04296875 0.0595703125
11 0.337890625 0.3564453125 0.0166015625 0.0537109375
12 0.3369140625 0.3544921875 0.013671875 0.03515625
8 0.3798828125 0.51953125 0.048828125 0.0654296875
8 0.4443359375 0.5263671875 0.0751953125 0.1103515625
11 0.4169921875 0.35546875 0.0126953125 0.0380859375
11 0.54296875 0.4384765625 0.0126953125 0.033203125
9 0.59765625 0.5107421875 0.01953125 0.068359375
9 0.6201171875 0.5126953125 0.017578125 0.0615234375
14 0.818359375 0.46484375 0.28515625 0.1533203125
11 0.7109375 0.3046875 0.017578125 0.0966796875
8 0.7880859375 0.5078125 0.140625 0.068359375
8 0.791015625 0.5068359375 0.125 0.0595703125
9 0.7587890625 0.5146484375 0.0205078125 0.1416015625
