8 0.0986328125 0.53125 0.08203125 0.0654296875
8 0.21484375 0.5234375 0.0693359375 0.0703125
8 0.216796875 0.51953125 0.0556640625 0.0419921875
11 0.2216796875 0.404296875 0.0244140625 0.0546875
11 0.2197265625 0.404296875 0.0146484375 0.044921875
12 0.2412109375 0.400390625 0.0146484375 0.0498046875
8 0.4267578125 0.55859375 0.1826171875 0.25
10 0.4189453125 0.3232421875 0.0263671875 0.0732421875
12 0.421875 0.3193359375 0.0166015625 0.0478515625
11 0.5166015625 0.4384765625 0.0146484375 0.037109375
14 0.65234375 0.4462890625 0.1875 0.3212890625
