8 0.1201171875 0.541015625 0.0771484375 0.08203125
8 0.1787109375 0.5400390625 0.046875 0.06640625
8 0.330078125 0.6533203125 0.330078125 0.4228515625
12 0.2802734375 0.27734375 0.021484375 0.0654296875
12 0.3896484375 0.287109375 0.021484375 0.0732421875
9 0.501953125 0.525390625 0.046875 0.0751953125
9 0.49609375 0.52734375 0.0185546875 0.0751953125
7 0.509765625 0.5302734375 0.033203125 0.0732421875
9 0.52734375 0.51953125 0.015625 0.0712890625
9 0.5498046875 0.53125 0.017578125 0.0751953125
12 0.5634765625 0.4111328125 0.0244140625 0.0654296875
9 0.5654296875 0.53125 0.01953125 0.0751953125
8 0.6611328125 0.5361328125 0.154296875 0.091796875
7 0.6630859375 0.4970703125 0.0224609375 0.0283203125
9 0.8642578125 0.5478515625 0.0732421875 0.216796875
9 0.865234375 0.546875 0.0732421875 0.216796875
8 0.9755859375 0.51953125 0.046875 0.0966796875
