8 0.1318359375 0.552734375 0.1572265625 0.1484375
8 0.2333984375 0.5556640625 0.0498046875 0.10546875
8 0.2861328125 0.537109375 0.056640625 0.0869140625
8 0.359375 0.5341796875 0.037109375 0.0546875
11 0.3876953125 0.3896484375 0.0166015625 0.0537109375
12 0.3876953125 0.39453125 0.01171875 0.0302734375
8 0.404296875 0.525390625 0.0419921875 0.06640625
8 0.4599609375 0.5390625 0.08203125 0.111328125
11 0.4501953125 0.3974609375 0.0126953125 0.03515625
11 0.5517578125 0.4619140625 0.013671875 0.0302734375
9 0.591796875 0.5166015625 0.017578125 0.0595703125
9 0.611328125 0.5185546875 0.013671875 0.0634765625
11 0.6376953125 0.390625 0.01953125 0.0546875
9 0.662109375 0.5234375 0.021484375 0.08984375
14 0.76171875 0.4853515625 0.212890625 0.1279296875
