14 0.255859375 0.5341796875 0.0576171875 0.0751953125
11 0.2734375 0.5166015625 0.013671875 0.056640625
8 0.326171875 0.5654296875 0.0849609375 0.0869140625
8 0.34375 0.5439453125 0.068359375 0.0849609375
8 0.3466796875 0.537109375 0.0498046875 0.068359375
11 0.388671875 0.4794921875 0.0126953125 0.0380859375
8 0.45703125 0.5498046875 0.052734375 0.0703125
10 0.4912109375 0.40625 0.009765625 0.03125
8 0.5048828125 0.5361328125 0.025390625 0.0517578125
8 0.52734375 0.5439453125 0.0283203125 0.05859375
8 0.564453125 0.5546875 0.0732421875 0.080078125
8 0.56640625 0.5517578125 0.056640625 0.0703125
8 0.67578125 0.57421875 0.1533203125 0.1484375
11 0.638671875 0.4375 0.0185546875 0.0478515625
11 0.63671875 0.4345703125 0.0126953125 0.03515625
