9 0.4700520833333333 0.5345833333333334 0.0140625 0.06916666666666667
8 0.15729166666666666 0.525 0.04791666666666666 0.06333333333333334
8 0.19947916666666665 0.5316666666666667 0.036458333333333336 0.043333333333333335
8 0.203125 0.5291666666666667 0.035416666666666666 0.03833333333333334
14 0.278125 0.48750000000000004 0.0875 0.14500000000000002
11 0.2453125 0.37833333333333335 0.019791666666666666 0.05
11 0.3536458333333333 0.4391666666666667 0.019791666666666666 0.04833333333333334
8 0.39739583333333334 0.5616666666666666 0.09895833333333333 0.11666666666666667
9 0.496875 0.5291666666666667 0.01875 0.085
9 0.5572916666666666 0.525 0.025 0.09666666666666668
7 0.6151041666666667 0.5241666666666667 0.04479166666666667 0.125
7 0.7098958333333333 0.5166666666666667 0.06145833333333333 0.16333333333333333
7 0.7130208333333333 0.5116666666666667 0.051041666666666666 0.17
