8 0.0107421875 0.50390625 0.021484375 0.0615234375
8 0.08203125 0.4912109375 0.0908203125 0.0830078125
8 0.16796875 0.4853515625 0.05859375 0.05859375
8 0.2705078125 0.4755859375 0.0263671875 0.025390625
12 0.3818359375 0.28125 0.0244140625 0.08203125
12 0.38671875 0.275390625 0.017578125 0.0615234375
8 0.5126953125 0.587890625 0.2666015625 0.3232421875
12 0.509765625 0.267578125 0.021484375 0.0615234375
12 0.6416015625 0.2978515625 0.0263671875 0.0732421875
8 0.7333984375 0.4677734375 0.0537109375 0.0380859375
12 0.748046875 0.3779296875 0.0244140625 0.0703125
8 0.8681640625 0.5576171875 0.2587890625 0.388671875
12 0.751953125 0.3779296875 0.0166015625 0.0498046875
