9 0.6630859375 0.51171875 0.017578125 0.0625
9 0.4521484375 0.5185546875 0.0146484375 0.0595703125
9 0.4677734375 0.521484375 0.013671875 0.0595703125
9 0.486328125 0.5224609375 0.0166015625 0.05078125
9 0.044921875 0.552734375 0.0185546875 0.0751953125
9 0.0517578125 0.546875 0.015625 0.0703125
8 0.12109375 0.541015625 0.0830078125 0.08203125
7 0.103515625 0.548828125 0.048828125 0.078125
7 0.11328125 0.5419921875 0.0634765625 0.099609375
7 0.1162109375 0.5419921875 0.056640625 0.09375
8 0.330078125 0.65234375 0.3271484375 0.412109375
12 0.2802734375 0.275390625 0.01953125 0.0615234375
12 0.3896484375 0.287109375 0.017578125 0.0703125
9 0.537109375 0.5615234375 0.076171875 0.259765625
12 0.5625 0.408203125 0.0205078125 0.0634765625
8 0.712890625 0.5322265625 0.169921875 0.087890625
8 0.7080078125 0.5126953125 0.15234375 0.0478515625
7 0.8916015625 0.5263671875 0.0615234375 0.0966796875
7 0.9609375 0.51953125 0.0654296875 0.09375
