8 0.8818359375 0.5224609375 0.0947265625 0.060546875
8 0.017578125 0.53515625 0.033203125 0.033203125
8 0.103515625 0.517578125 0.037109375 0.0380859375
8 0.1552734375 0.5185546875 0.0400390625 0.0498046875
8 0.1591796875 0.5146484375 0.03515625 0.0517578125
8 0.1796875 0.5166015625 0.01953125 0.037109375
8 0.3115234375 0.5166015625 0.037109375 0.0634765625
14 0.357421875 0.5048828125 0.0693359375 0.1162109375
8 0.7861328125 0.5283203125 0.111328125 0.0830078125
8 0.7890625 0.5283203125 0.103515625 0.0703125
