12 0.08229166666666667 0.07833333333333334 0.16458333333333333 0.15666666666666668
8 0.07395833333333333 0.525 0.14791666666666667 0.16333333333333333
8 0.11354166666666667 0.5175000000000001 0.1 0.13833333333333334
8 0.1953125 0.5016666666666667 0.07604166666666666 0.08666666666666667
8 0.3145833333333333 0.49000000000000005 0.08125 0.06666666666666667
8 0.35625 0.5225000000000001 0.058333333333333334 0.06166666666666667
8 0.46510416666666665 0.49083333333333334 0.03854166666666667 0.045000000000000005
10 0.5682291666666667 0.36083333333333334 0.02395833333333333 0.06166666666666667
8 0.5828125 0.48500000000000004 0.03229166666666666 0.05333333333333334
8 0.5833333333333334 0.48333333333333334 0.027083333333333334 0.05666666666666667
8 0.6067708333333334 0.4941666666666667 0.04895833333333333 0.055
8 0.60625 0.49000000000000005 0.041666666666666664 0.04666666666666667
8 0.6395833333333333 0.48833333333333334 0.022916666666666665 0.03333333333333333
8 0.6390625 0.4866666666666667 0.017708333333333333 0.05666666666666667
10 0.6526041666666667 0.35583333333333333 0.015625 0.04166666666666667
8 0.678125 0.5016666666666667 0.06458333333333333 0.09333333333333334
8 0.6796875 0.5 0.05520833333333333 0.06666666666666667
8 0.7432291666666666 0.5175000000000001 0.103125 0.12166666666666667
11 0.7260416666666667 0.41500000000000004 0.016666666666666666 0.05
13 0.8010416666666667 0.07666666666666667 0.05 0.11666666666666667
10 0.8 0.07500000000000001 0.027083333333333334 0.09333333333333334
8 0.8546874999999999 0.5116666666666667 0.07395833333333333 0.11333333333333334
9 0.8947916666666667 0.48250000000000004 0.022916666666666665 0.07833333333333334
9 0.9817708333333334 0.49250000000000005 0.030208333333333334 0.095
9 0.9822916666666667 0.4941666666666667 0.025 0.13166666666666668
