8 0.89453125 0.736328125 0.20703125 0.5234375
9 0.0634765625 0.5517578125 0.021484375 0.0869140625
9 0.064453125 0.5478515625 0.0224609375 0.0830078125
9 0.0869140625 0.5478515625 0.0224609375 0.087890625
9 0.0849609375 0.552734375 0.017578125 0.08203125
8 0.236328125 0.552734375 0.091796875 0.10546875
8 0.2900390625 0.53515625 0.0380859375 0.0703125
8 0.35546875 0.5322265625 0.0654296875 0.0751953125
8 0.5419921875 0.5595703125 0.115234375 0.1552734375
8 0.767578125 0.6220703125 0.3720703125 0.44140625
