7 0.0067708333333333336 0.53 0.0125 0.09666666666666668
7 0.0921875 0.5391666666666667 0.026041666666666668 0.07500000000000001
7 0.09114583333333333 0.5333333333333333 0.017708333333333333 0.06666666666666667
12 0.12864583333333332 0.45083333333333336 0.019791666666666666 0.055
8 0.334375 0.5841666666666667 0.34791666666666665 0.465
10 0.359375 0.32333333333333336 0.0125 0.04666666666666667
11 0.4552083333333333 0.33 0.016666666666666666 0.05
14 0.7119791666666666 0.4066666666666667 0.39479166666666665 0.56
8 0.9166666666666666 0.7025 0.16041666666666665 0.4716666666666667
8 0.9359375 0.4658333333333334 0.08229166666666667 0.115
14 0.9375 0.4366666666666667 0.06875 0.05
9 0.9255208333333333 0.49583333333333335 0.030208333333333334 0.10833333333333334
