10 0.0634765625 0.0673828125 0.0810546875 0.1279296875
9 0.169921875 0.5771484375 0.1806640625 0.7978515625
9 0.2119140625 0.5927734375 0.234375 0.78515625
8 0.435546875 0.4951171875 0.1162109375 0.0537109375
8 0.61328125 0.4990234375 0.119140625 0.0654296875
10 0.572265625 0.0283203125 0.0283203125 0.0537109375
12 0.5654296875 0.36328125 0.0146484375 0.04296875
12 0.6533203125 0.3583984375 0.0166015625 0.0498046875
12 0.65234375 0.357421875 0.009765625 0.0380859375
12 0.728515625 0.4189453125 0.013671875 0.0478515625
8 0.8251953125 0.4873046875 0.1181640625 0.0712890625
12 0.80078125 0.076171875 0.029296875 0.091796875
8 0.8623046875 0.4892578125 0.072265625 0.0546875
8 0.9208984375 0.486328125 0.103515625 0.056640625
