7 0.021484375 0.5478515625 0.0322265625 0.0869140625
8 0.119140625 0.5302734375 0.095703125 0.099609375
8 0.1943359375 0.541015625 0.0751953125 0.0654296875
8 0.1953125 0.5087890625 0.0654296875 0.044921875
14 0.2890625 0.4814453125 0.109375 0.1728515625
8 0.36328125 0.525390625 0.0361328125 0.037109375
8 0.3857421875 0.5205078125 0.0419921875 0.0517578125
12 0.4228515625 0.318359375 0.0205078125 0.056640625
12 0.4990234375 0.31640625 0.021484375 0.0634765625
8 0.5390625 0.5146484375 0.0361328125 0.0498046875
12 0.64453125 0.4150390625 0.02734375 0.0703125
