8 0.03958333333333333 0.53125 0.078125 0.1525
8 0.93984375 0.6108333333333333 0.11927083333333333 0.42500000000000004
8 0.15677083333333333 0.5266666666666667 0.134375 0.12666666666666668
9 0.27708333333333335 0.5066666666666667 0.03125 0.10666666666666667
8 0.346875 0.5083333333333334 0.07083333333333333 0.07333333333333333
8 0.459375 0.5008333333333334 0.0375 0.04833333333333334
8 0.46249999999999997 0.5 0.03125 0.05333333333333334
8 0.484375 0.4916666666666667 0.025 0.05666666666666667
8 0.5703125 0.48750000000000004 0.030208333333333334 0.045000000000000005
8 0.571875 0.4841666666666667 0.027083333333333334 0.035
8 0.80625 0.5516666666666667 0.13125 0.17666666666666667
