8 0.046875 0.5025000000000001 0.08958333333333333 0.08833333333333333
8 0.10833333333333334 0.49750000000000005 0.041666666666666664 0.045000000000000005
8 0.16145833333333334 0.5008333333333334 0.06666666666666667 0.065
8 0.309375 0.49083333333333334 0.03333333333333333 0.04166666666666667
12 0.3776041666666667 0.28583333333333333 0.02395833333333333 0.08166666666666667
8 0.5036458333333333 0.5866666666666667 0.23645833333333333 0.2966666666666667
11 0.5114583333333333 0.275 0.027083333333333334 0.07
11 0.6494791666666666 0.3016666666666667 0.026041666666666668 0.07333333333333333
8 0.8442708333333333 0.5575 0.2947916666666667 0.34500000000000003
11 0.7630208333333334 0.385 0.02395833333333333 0.07
