14 0.06041666666666667 0.5116666666666667 0.12083333333333333 0.11666666666666667
8 0.03854166666666667 0.5391666666666667 0.04583333333333333 0.055
8 0.09375 0.5808333333333334 0.12708333333333333 0.17833333333333334
8 0.2895833333333333 0.5933333333333334 0.31666666666666665 0.4166666666666667
10 0.31614583333333335 0.33166666666666667 0.019791666666666666 0.060000000000000005
12 0.4140625 0.32583333333333336 0.02395833333333333 0.055
12 0.41562499999999997 0.3358333333333334 0.016666666666666666 0.055
12 0.4921875 0.32916666666666666 0.02395833333333333 0.06833333333333334
12 0.4927083333333333 0.32833333333333337 0.016666666666666666 0.04666666666666667
8 0.5145833333333333 0.5308333333333334 0.041666666666666664 0.07500000000000001
8 0.5140625 0.5225000000000001 0.036458333333333336 0.055
8 0.63125 0.5433333333333333 0.04583333333333333 0.11666666666666667
8 0.7979166666666666 0.6291666666666667 0.375 0.3616666666666667
12 0.6791666666666667 0.4241666666666667 0.01875 0.055
8 0.9421875 0.52 0.08020833333333333 0.060000000000000005
12 0.9328124999999999 0.2575 0.05520833333333333 0.15833333333333335
9 0.9598958333333333 0.5233333333333333 0.026041666666666668 0.06666666666666667
