8 0.0986328125 0.5888671875 0.197265625 0.283203125
8 0.34375 0.6396484375 0.2978515625 0.361328125
8 0.220703125 0.5400390625 0.0400390625 0.0703125
10 0.2763671875 0.2802734375 0.025390625 0.06640625
10 0.3876953125 0.2861328125 0.0244140625 0.0751953125
9 0.482421875 0.5302734375 0.0244140625 0.06640625
9 0.55859375 0.525390625 0.021484375 0.080078125
10 0.5634765625 0.416015625 0.02734375 0.078125
9 0.5615234375 0.5224609375 0.01953125 0.078125
9 0.580078125 0.5205078125 0.017578125 0.08203125
9 0.6298828125 0.56640625 0.0849609375 0.2099609375
9 0.6005859375 0.52734375 0.0205078125 0.0849609375
7 0.6513671875 0.525390625 0.0322265625 0.103515625
9 0.705078125 0.5302734375 0.0263671875 0.0869140625
9 0.7294921875 0.5263671875 0.0224609375 0.08984375
9 0.791015625 0.51953125 0.0244140625 0.1064453125
8 0.9521484375 0.5263671875 0.091796875 0.0830078125
