8 0.05078125 0.5966796875 0.099609375 0.2861328125
8 0.8740234375 0.6513671875 0.25 0.6884765625
8 0.16796875 0.57421875 0.138671875 0.1552734375
8 0.400390625 0.54296875 0.0947265625 0.1083984375
8 0.4580078125 0.515625 0.0361328125 0.0478515625
9 0.6806640625 0.48046875 0.0205078125 0.068359375
9 0.69140625 0.53125 0.017578125 0.078125
9 0.71484375 0.5380859375 0.0244140625 0.0703125
9 0.7158203125 0.54296875 0.0263671875 0.0732421875
9 0.724609375 0.4853515625 0.0283203125 0.06640625
9 0.744140625 0.53125 0.0380859375 0.103515625
