8 0.0953125 0.5866666666666667 0.190625 0.21333333333333335
8 0.2453125 0.55 0.071875 0.07666666666666667
8 0.24791666666666667 0.5483333333333333 0.05625 0.05666666666666667
8 0.29010416666666666 0.5416666666666667 0.02395833333333333 0.07
8 0.31614583333333335 0.5391666666666667 0.03229166666666666 0.055
8 0.3385416666666667 0.545 0.03958333333333333 0.06333333333333334
8 0.3932291666666667 0.55 0.11770833333333333 0.09000000000000001
8 0.39947916666666666 0.5425 0.10104166666666667 0.06833333333333334
14 0.3854166666666667 0.5033333333333334 0.03333333333333333 0.04
8 0.4614583333333333 0.5216666666666667 0.04791666666666666 0.06333333333333334
14 0.4609375 0.5183333333333333 0.034375 0.05333333333333334
8 0.5114583333333333 0.5283333333333333 0.03958333333333333 0.05
8 0.6239583333333333 0.5616666666666666 0.11041666666666666 0.11666666666666667
