8 0.2353515625 0.7109375 0.470703125 0.498046875
8 0.1083984375 0.55078125 0.05859375 0.0712890625
12 0.36328125 0.2900390625 0.03125 0.0830078125
12 0.361328125 0.275390625 0.0185546875 0.0703125
9 0.486328125 0.5087890625 0.0166015625 0.0517578125
12 0.5283203125 0.40625 0.025390625 0.0634765625
9 0.541015625 0.509765625 0.0322265625 0.099609375
7 0.6220703125 0.580078125 0.10546875 0.3603515625
7 0.7373046875 0.5146484375 0.1142578125 0.1767578125
7 0.7412109375 0.5244140625 0.0947265625 0.158203125
