8 0.072265625 0.5 0.14453125 0.1484375
8 0.2548828125 0.5009765625 0.0322265625 0.0419921875
8 0.3271484375 0.5048828125 0.05078125 0.0537109375
8 0.3310546875 0.501953125 0.03515625 0.046875
11 0.3583984375 0.3232421875 0.0166015625 0.046875
11 0.361328125 0.328125 0.017578125 0.0498046875
8 0.431640625 0.4921875 0.0322265625 0.03125
11 0.4775390625 0.345703125 0.01953125 0.044921875
11 0.599609375 0.4111328125 0.015625 0.0380859375
9 0.646484375 0.4814453125 0.017578125 0.080078125
9 0.6513671875 0.4814453125 0.013671875 0.0595703125
9 0.66015625 0.4853515625 0.013671875 0.06640625
9 0.720703125 0.4833984375 0.0322265625 0.1396484375
9 0.7138671875 0.4970703125 0.01953125 0.1416015625
9 0.8837890625 0.466796875 0.01171875 0.046875
9 0.8876953125 0.4658203125 0.015625 0.044921875
9 0.8935546875 0.4677734375 0.021484375 0.0517578125
