12 0.2994791666666667 0.38 0.013541666666666667 0.030000000000000002
12 0.3052083333333333 0.3841666666666667 0.01875 0.04833333333333334
8 0.3645833333333333 0.4816666666666667 0.027083333333333334 0.04
8 0.43333333333333335 0.4733333333333334 0.03958333333333333 0.03666666666666667
8 0.43854166666666666 0.4733333333333334 0.0375 0.03666666666666667
12 0.45989583333333334 0.30083333333333334 0.019791666666666666 0.04833333333333334
12 0.4583333333333333 0.2966666666666667 0.014583333333333334 0.030000000000000002
8 0.47239583333333335 0.4716666666666667 0.030208333333333334 0.030000000000000002
8 0.5765625 0.4516666666666667 0.109375 0.07666666666666667
12 0.5625 0.3666666666666667 0.014583333333333334 0.02666666666666667
12 0.5651041666666666 0.3775 0.015625 0.045000000000000005
12 0.6416666666666666 0.30083333333333334 0.03333333333333333 0.09166666666666667
12 0.6427083333333333 0.275 0.01875 0.04
