8 0.12239583333333333 0.4916666666666667 0.24479166666666666 0.6766666666666667
14 0.12708333333333333 0.4841666666666667 0.24791666666666667 0.6183333333333334
8 0.3286458333333333 0.5008333333333334 0.05520833333333333 0.07166666666666667
8 0.49166666666666664 0.6216666666666667 0.33541666666666664 0.42333333333333334
12 0.35104166666666664 0.3016666666666667 0.01875 0.07
10 0.4744791666666667 0.2391666666666667 0.02395833333333333 0.065
10 0.6510416666666666 0.3741666666666667 0.01875 0.04833333333333334
8 0.7416666666666667 0.49083333333333334 0.08541666666666667 0.058333333333333334
8 0.8567708333333334 0.5908333333333333 0.28229166666666666 0.34500000000000003
11 0.9885416666666667 0.23083333333333333 0.01875 0.115
