9 0.951171875 0.5146484375 0.04296875 0.1875
8 0.0712890625 0.5400390625 0.111328125 0.09375
8 0.2548828125 0.5146484375 0.0341796875 0.0419921875
8 0.2568359375 0.5185546875 0.0341796875 0.037109375
8 0.32421875 0.5 0.0478515625 0.033203125
8 0.380859375 0.5126953125 0.0341796875 0.0419921875
14 0.388671875 0.484375 0.044921875 0.068359375
12 0.4169921875 0.416015625 0.013671875 0.03515625
8 0.4384765625 0.5009765625 0.0361328125 0.044921875
14 0.4921875 0.48046875 0.046875 0.0771484375
8 0.517578125 0.517578125 0.0634765625 0.0654296875
8 0.6728515625 0.53125 0.205078125 0.228515625
9 0.9814453125 0.525390625 0.0322265625 0.2470703125
