8 0.0830078125 0.4619140625 0.166015625 0.2763671875
8 0.1962890625 0.5078125 0.1005859375 0.138671875
8 0.2490234375 0.4853515625 0.021484375 0.044921875
8 0.3232421875 0.4912109375 0.1201171875 0.1513671875
12 0.287109375 0.333984375 0.0185546875 0.03125
12 0.337890625 0.3349609375 0.0146484375 0.0263671875
12 0.412109375 0.330078125 0.0146484375 0.0302734375
8 0.498046875 0.53125 0.1552734375 0.2099609375
12 0.4638671875 0.330078125 0.0185546875 0.037109375
12 0.572265625 0.3818359375 0.0166015625 0.0234375
8 0.669921875 0.4677734375 0.142578125 0.1083984375
8 0.791015625 0.453125 0.1064453125 0.0634765625
