8 0.91015625 0.5478515625 0.158203125 0.080078125
8 0.0693359375 0.544921875 0.060546875 0.04296875
8 0.068359375 0.548828125 0.0537109375 0.0654296875
8 0.1533203125 0.546875 0.04296875 0.04296875
8 0.2119140625 0.5517578125 0.048828125 0.0498046875
8 0.216796875 0.537109375 0.05078125 0.0703125
8 0.265625 0.54296875 0.0771484375 0.0947265625
8 0.390625 0.56640625 0.1064453125 0.1533203125
12 0.3681640625 0.23828125 0.02734375 0.0771484375
11 0.5029296875 0.2763671875 0.02734375 0.0771484375
8 0.5576171875 0.546875 0.0751953125 0.1728515625
8 0.6611328125 0.578125 0.203125 0.236328125
11 0.6259765625 0.3056640625 0.03125 0.0751953125
11 0.6279296875 0.3154296875 0.01953125 0.0615234375
11 0.771484375 0.4228515625 0.0224609375 0.0498046875
8 0.8037109375 0.537109375 0.072265625 0.0546875
8 0.7978515625 0.5380859375 0.0576171875 0.0634765625
8 0.9150390625 0.740234375 0.166015625 0.453125
