14 0.06614583333333333 0.55 0.13229166666666667 0.08666666666666667
8 0.0671875 0.5525 0.134375 0.08833333333333333
9 0.050520833333333334 0.5716666666666667 0.026041666666666668 0.07333333333333333
14 0.13854166666666667 0.5458333333333334 0.07083333333333333 0.085
8 0.14010416666666667 0.5525 0.071875 0.085
12 0.134375 0.43083333333333335 0.022916666666666665 0.06833333333333334
14 0.2 0.5425 0.0625 0.03833333333333334
8 0.19895833333333332 0.5616666666666666 0.06041666666666667 0.05333333333333334
8 0.3026041666666667 0.5675 0.07395833333333333 0.08166666666666667
8 0.33697916666666666 0.5608333333333334 0.034375 0.065
8 0.4927083333333333 0.5583333333333333 0.029166666666666667 0.06666666666666667
8 0.5151041666666667 0.5616666666666666 0.059375 0.07
10 0.5921875 0.3925 0.028125 0.08166666666666667
12 0.8182291666666667 0.44333333333333336 0.02395833333333333 0.04
