8 0.1220703125 0.5517578125 0.09765625 0.1064453125
8 0.1201171875 0.556640625 0.072265625 0.0830078125
8 0.208984375 0.556640625 0.1259765625 0.1630859375
8 0.203125 0.5625 0.1142578125 0.14453125
8 0.365234375 0.5185546875 0.0556640625 0.0869140625
8 0.4326171875 0.51953125 0.056640625 0.068359375
8 0.435546875 0.51953125 0.046875 0.05859375
10 0.5810546875 0.306640625 0.029296875 0.08984375
9 0.5927734375 0.513671875 0.0185546875 0.126953125
9 0.62109375 0.5048828125 0.0283203125 0.1298828125
9 0.6357421875 0.4970703125 0.0185546875 0.1298828125
9 0.654296875 0.5048828125 0.02734375 0.1201171875
