8 0.08203125 0.546875 0.0791015625 0.099609375
8 0.240234375 0.5537109375 0.22265625 0.1416015625
8 0.427734375 0.5361328125 0.1630859375 0.091796875
12 0.4228515625 0.3193359375 0.01953125 0.0615234375
12 0.498046875 0.3173828125 0.0244140625 0.0654296875
14 0.537109375 0.4755859375 0.04296875 0.068359375
14 0.5380859375 0.4833984375 0.0400390625 0.06640625
12 0.64453125 0.4130859375 0.0263671875 0.0703125
7 0.810546875 0.5146484375 0.0537109375 0.08203125
7 0.80859375 0.5107421875 0.04296875 0.0849609375
8 0.9423828125 0.7109375 0.109375 0.5048828125
8 0.9423828125 0.5166015625 0.087890625 0.0830078125
