8 0.0087890625 0.6591796875 0.0166015625 0.115234375
8 0.0283203125 0.650390625 0.03125 0.06640625
8 0.05078125 0.6572265625 0.0615234375 0.0849609375
8 0.1298828125 0.65625 0.0810546875 0.078125
8 0.1806640625 0.650390625 0.0439453125 0.06640625
8 0.181640625 0.646484375 0.03125 0.0732421875
8 0.5302734375 0.6318359375 0.0361328125 0.056640625
8 0.53515625 0.6396484375 0.041015625 0.0537109375
8 0.5654296875 0.6357421875 0.037109375 0.068359375
8 0.5966796875 0.6484375 0.068359375 0.0869140625
8 0.5947265625 0.6455078125 0.060546875 0.08203125
8 0.685546875 0.6650390625 0.1240234375 0.1201171875
8 0.8154296875 0.6728515625 0.1279296875 0.125
8 0.935546875 0.67578125 0.125 0.1220703125
