9 0.0615234375 0.51953125 0.0205078125 0.0810546875
9 0.083984375 0.525390625 0.017578125 0.09375
9 0.0966796875 0.51953125 0.013671875 0.0830078125
14 0.1728515625 0.48828125 0.150390625 0.1767578125
14 0.3076171875 0.474609375 0.0830078125 0.1669921875
8 0.3994140625 0.5029296875 0.056640625 0.0712890625
7 0.4521484375 0.5087890625 0.029296875 0.0869140625
9 0.67578125 0.4765625 0.0205078125 0.0732421875
9 0.7060546875 0.462890625 0.0185546875 0.0654296875
9 0.7216796875 0.4619140625 0.025390625 0.0732421875
9 0.7978515625 0.451171875 0.021484375 0.091796875
8 0.8466796875 0.494140625 0.044921875 0.0419921875
8 0.9560546875 0.490234375 0.060546875 0.0634765625
