8 0.123046875 0.541015625 0.24609375 0.3515625
8 0.28515625 0.5087890625 0.1162109375 0.21484375
8 0.3623046875 0.490234375 0.0439453125 0.1298828125
8 0.4052734375 0.4853515625 0.0517578125 0.1064453125
12 0.396484375 0.3564453125 0.0185546875 0.0498046875
8 0.4814453125 0.490234375 0.080078125 0.11328125
12 0.46875 0.34375 0.0185546875 0.05859375
12 0.61328125 0.4033203125 0.0185546875 0.046875
12 0.6796875 0.3310546875 0.0263671875 0.0654296875
12 0.6787109375 0.328125 0.0224609375 0.0595703125
