8 0.153125 0.5395833333333334 0.05520833333333333 0.04416666666666667
8 0.019270833333333334 0.5433333333333333 0.0375 0.10333333333333335
8 0.044270833333333336 0.5458333333333334 0.0875 0.10500000000000001
8 0.07708333333333334 0.5475 0.07708333333333334 0.055
8 0.30885416666666665 0.5366666666666667 0.04895833333333333 0.060000000000000005
8 0.3078125 0.54 0.04479166666666667 0.060000000000000005
8 0.33125 0.5325000000000001 0.025 0.058333333333333334
8 0.35833333333333334 0.525 0.03125 0.04
12 0.37447916666666664 0.42000000000000004 0.009375 0.030000000000000002
8 0.45677083333333335 0.535 0.08020833333333333 0.10666666666666667
11 0.4302083333333333 0.4091666666666667 0.010416666666666666 0.028333333333333335
11 0.4786458333333333 0.41500000000000004 0.009375 0.030000000000000002
11 0.5692708333333333 0.465 0.009375 0.03333333333333333
