9 0.9736328125 0.5517578125 0.0224609375 0.1103515625
9 0.9501953125 0.55078125 0.021484375 0.099609375
8 0.060546875 0.5888671875 0.12109375 0.24609375
8 0.1533203125 0.5673828125 0.0810546875 0.08203125
8 0.2412109375 0.5361328125 0.0537109375 0.078125
8 0.4052734375 0.548828125 0.0478515625 0.078125
8 0.48046875 0.5400390625 0.060546875 0.0966796875
8 0.552734375 0.55859375 0.0732421875 0.126953125
8 0.6572265625 0.5771484375 0.17578125 0.15625
8 0.751953125 0.5537109375 0.072265625 0.13671875
8 0.8779296875 0.521484375 0.0498046875 0.04296875
8 0.88671875 0.54296875 0.044921875 0.0546875
