8 0.12109375 0.54296875 0.072265625 0.076171875
8 0.01953125 0.6943359375 0.037109375 0.2451171875
8 0.1767578125 0.5390625 0.05078125 0.05859375
8 0.3251953125 0.65625 0.322265625 0.412109375
12 0.279296875 0.2802734375 0.025390625 0.06640625
12 0.3896484375 0.2861328125 0.0244140625 0.0751953125
9 0.4951171875 0.5263671875 0.0244140625 0.0703125
9 0.5341796875 0.5224609375 0.0126953125 0.0712890625
9 0.5439453125 0.51953125 0.01953125 0.0830078125
12 0.5634765625 0.4130859375 0.02734375 0.0732421875
9 0.56640625 0.517578125 0.0166015625 0.078125
9 0.58984375 0.5146484375 0.0263671875 0.0830078125
7 0.6279296875 0.52734375 0.033203125 0.091796875
7 0.6552734375 0.525390625 0.033203125 0.087890625
9 0.6865234375 0.52734375 0.021484375 0.08203125
9 0.7021484375 0.525390625 0.021484375 0.0869140625
9 0.724609375 0.521484375 0.01953125 0.0869140625
9 0.880859375 0.51953125 0.03515625 0.150390625
9 0.8984375 0.5087890625 0.017578125 0.0771484375
9 0.900390625 0.515625 0.0205078125 0.08203125
8 0.9541015625 0.521484375 0.0849609375 0.0869140625
