8 0.4315104166666667 0.52375 0.0328125 0.04083333333333333
8 0.38671875 0.5220833333333333 0.03697916666666667 0.04416666666666667
8 0.010677083333333334 0.5533333333333333 0.0203125 0.05
8 0.11614583333333334 0.56 0.10520833333333333 0.08
8 0.165625 0.5383333333333333 0.041666666666666664 0.060000000000000005
8 0.228125 0.5358333333333334 0.04583333333333333 0.04833333333333334
8 0.5208333333333334 0.5433333333333333 0.09791666666666667 0.11
8 0.6484375 0.5416666666666667 0.084375 0.09000000000000001
14 0.6375 0.5083333333333334 0.058333333333333334 0.08666666666666667
8 0.8088541666666667 0.5483333333333333 0.11562499999999999 0.09666666666666668
