8 0.06015625 0.5575 0.11927083333333333 0.12166666666666667
7 0.6622395833333333 0.5279166666666667 0.025520833333333333 0.08750000000000001
8 0.12135416666666667 0.54 0.078125 0.07
8 0.3302083333333333 0.65 0.325 0.41000000000000003
12 0.28072916666666664 0.2758333333333334 0.019791666666666666 0.055
12 0.3911458333333333 0.2866666666666667 0.015625 0.06333333333333334
9 0.5177083333333333 0.5216666666666667 0.010416666666666666 0.06666666666666667
9 0.528125 0.5191666666666667 0.014583333333333334 0.05166666666666667
9 0.5380208333333333 0.5183333333333333 0.02395833333333333 0.07
9 0.5390625 0.5166666666666667 0.015625 0.06333333333333334
9 0.5625 0.5225000000000001 0.025 0.08833333333333333
12 0.5630208333333333 0.40750000000000003 0.017708333333333333 0.058333333333333334
9 0.590625 0.5066666666666667 0.020833333333333332 0.060000000000000005
8 0.7833333333333333 0.5316666666666667 0.18541666666666667 0.09666666666666668
8 0.9541666666666666 0.5191666666666667 0.08958333333333333 0.08833333333333333
