8 0.12109375 0.57421875 0.08984375 0.0634765625
8 0.0439453125 0.5966796875 0.0869140625 0.087890625
8 0.240234375 0.5791015625 0.0302734375 0.0654296875
8 0.29296875 0.599609375 0.119140625 0.158203125
8 0.548828125 0.5673828125 0.072265625 0.0751953125
8 0.6083984375 0.5771484375 0.0537109375 0.0771484375
8 0.6767578125 0.58203125 0.1044921875 0.1015625
8 0.7646484375 0.5517578125 0.0556640625 0.04296875
8 0.8173828125 0.5537109375 0.0458984375 0.0595703125
8 0.8798828125 0.587890625 0.1650390625 0.134765625
8 0.97265625 0.623046875 0.052734375 0.1201171875
