8 0.05572916666666666 0.5191666666666667 0.11145833333333333 0.15833333333333335
8 0.19635416666666666 0.4891666666666667 0.06979166666666667 0.07166666666666667
8 0.24479166666666666 0.4916666666666667 0.03958333333333333 0.043333333333333335
8 0.28072916666666664 0.4758333333333334 0.030208333333333334 0.055
8 0.30572916666666666 0.48250000000000004 0.026041666666666668 0.04166666666666667
12 0.34739583333333335 0.26916666666666667 0.019791666666666666 0.058333333333333334
8 0.46770833333333334 0.535 0.15208333333333332 0.2066666666666667
10 0.45729166666666665 0.2866666666666667 0.025 0.07
12 0.634375 0.38333333333333336 0.01875 0.043333333333333335
12 0.6338541666666666 0.37583333333333335 0.013541666666666667 0.03833333333333334
12 0.7411458333333333 0.25583333333333336 0.030208333333333334 0.095
