8 0.8642578125 0.546875 0.2705078125 0.2861328125
8 0.0546875 0.505859375 0.05078125 0.0419921875
8 0.0615234375 0.515625 0.0576171875 0.0419921875
8 0.33984375 0.4951171875 0.037109375 0.0537109375
8 0.34375 0.4912109375 0.0419921875 0.0634765625
11 0.4462890625 0.3955078125 0.0126953125 0.03125
11 0.478515625 0.404296875 0.017578125 0.0380859375
11 0.54296875 0.4521484375 0.013671875 0.0302734375
8 0.5556640625 0.4951171875 0.03125 0.0498046875
8 0.58984375 0.5048828125 0.0517578125 0.0634765625
11 0.603515625 0.435546875 0.013671875 0.0419921875
8 0.6875 0.5205078125 0.123046875 0.228515625
8 0.72265625 0.5244140625 0.177734375 0.21484375
