8 0.03125 0.5673828125 0.0625 0.208984375
8 0.0361328125 0.58984375 0.072265625 0.193359375
8 0.0869140625 0.5576171875 0.0947265625 0.1953125
8 0.1123046875 0.53515625 0.0732421875 0.13671875
8 0.1240234375 0.53125 0.0517578125 0.1416015625
8 0.173828125 0.541015625 0.083984375 0.14453125
8 0.1787109375 0.537109375 0.0888671875 0.1201171875
9 0.23046875 0.5078125 0.0322265625 0.14453125
9 0.23046875 0.505859375 0.025390625 0.1416015625
8 0.298828125 0.521484375 0.1005859375 0.0732421875
9 0.26171875 0.5087890625 0.025390625 0.1318359375
9 0.26171875 0.5087890625 0.0224609375 0.111328125
8 0.298828125 0.5224609375 0.09375 0.078125
8 0.3349609375 0.5078125 0.0634765625 0.068359375
8 0.3583984375 0.5078125 0.1025390625 0.078125
14 0.3505859375 0.5146484375 0.0224609375 0.080078125
14 0.376953125 0.5078125 0.0673828125 0.078125
14 0.44921875 0.48046875 0.056640625 0.123046875
14 0.453125 0.482421875 0.056640625 0.1220703125
8 0.5107421875 0.51953125 0.044921875 0.05859375
8 0.5126953125 0.521484375 0.046875 0.0595703125
14 0.51953125 0.455078125 0.05859375 0.0869140625
14 0.517578125 0.4765625 0.052734375 0.126953125
9 0.595703125 0.5537109375 0.0576171875 0.3564453125
9 0.6484375 0.5498046875 0.072265625 0.3564453125
9 0.66796875 0.5 0.0283203125 0.1337890625
