8 0.03411458333333333 0.5870833333333334 0.0671875 0.17250000000000001
8 0.8533854166666667 0.7208333333333333 0.2921875 0.5566666666666668
8 0.10729166666666666 0.5666666666666667 0.07708333333333334 0.1366666666666667
9 0.20520833333333333 0.55 0.022916666666666665 0.10333333333333335
9 0.23489583333333333 0.5466666666666667 0.017708333333333333 0.11333333333333334
12 0.2375 0.44583333333333336 0.014583333333333334 0.03833333333333334
9 0.240625 0.5608333333333334 0.014583333333333334 0.09166666666666667
9 0.25104166666666666 0.5483333333333333 0.016666666666666666 0.09333333333333334
9 0.26458333333333334 0.5475 0.0125 0.08833333333333333
9 0.26510416666666664 0.5508333333333334 0.011458333333333333 0.07833333333333334
9 0.2760416666666667 0.5433333333333333 0.016666666666666666 0.08666666666666667
9 0.35572916666666665 0.5408333333333334 0.013541666666666667 0.085
9 0.3770833333333333 0.5358333333333334 0.03125 0.09166666666666667
9 0.4088541666666667 0.535 0.017708333333333333 0.08666666666666667
9 0.4505208333333333 0.53 0.015625 0.06333333333333334
8 0.4692708333333333 0.5291666666666667 0.030208333333333334 0.058333333333333334
9 0.4765625 0.525 0.021875 0.09333333333333334
9 0.475 0.5275000000000001 0.014583333333333334 0.08833333333333333
12 0.5140625 0.43250000000000005 0.017708333333333333 0.04166666666666667
8 0.5666666666666667 0.5658333333333334 0.1 0.15166666666666667
8 0.6625 0.6008333333333333 0.15416666666666667 0.265
