8 0.0484375 0.5950000000000001 0.096875 0.15666666666666668
8 0.1171875 0.5758333333333334 0.08229166666666667 0.11166666666666668
8 0.12083333333333333 0.5833333333333334 0.06666666666666667 0.12000000000000001
9 0.17864583333333334 0.53 0.02395833333333333 0.060000000000000005
8 0.32135416666666666 0.6108333333333333 0.3072916666666667 0.3916666666666667
8 0.45989583333333334 0.5591666666666667 0.06979166666666667 0.18500000000000003
11 0.5291666666666667 0.4491666666666667 0.01875 0.04166666666666667
8 0.5447916666666667 0.5683333333333334 0.0375 0.13
8 0.596875 0.5633333333333334 0.09166666666666666 0.19666666666666668
8 0.7328125 0.5958333333333333 0.2947916666666667 0.315
9 0.7505208333333333 0.4441666666666667 0.02395833333333333 0.028333333333333335
