8 0.0751953125 0.515625 0.10546875 0.060546875
7 0.2822265625 0.4951171875 0.0341796875 0.046875
8 0.314453125 0.5283203125 0.0830078125 0.0703125
7 0.3408203125 0.4873046875 0.0146484375 0.03515625
11 0.3740234375 0.3232421875 0.0166015625 0.04296875
11 0.3740234375 0.328125 0.01171875 0.046875
7 0.4072265625 0.5009765625 0.0419921875 0.05859375
7 0.40234375 0.4990234375 0.015625 0.0478515625
10 0.4580078125 0.4033203125 0.015625 0.0537109375
10 0.4580078125 0.400390625 0.013671875 0.0380859375
11 0.6005859375 0.33984375 0.0244140625 0.080078125
11 0.6005859375 0.34375 0.021484375 0.08984375
