9 0.0380859375 0.5654296875 0.0283203125 0.1298828125
9 0.0869140625 0.5517578125 0.0361328125 0.146484375
8 0.123046875 0.5537109375 0.0791015625 0.103515625
8 0.2275390625 0.548828125 0.080078125 0.1181640625
8 0.2822265625 0.529296875 0.021484375 0.0478515625
8 0.4013671875 0.513671875 0.017578125 0.04296875
8 0.4345703125 0.5205078125 0.0537109375 0.0654296875
9 0.44921875 0.515625 0.02734375 0.14453125
9 0.447265625 0.5263671875 0.021484375 0.126953125
9 0.474609375 0.5244140625 0.0185546875 0.1513671875
9 0.5537109375 0.505859375 0.0224609375 0.0947265625
9 0.5615234375 0.5087890625 0.009765625 0.0771484375
9 0.5751953125 0.50390625 0.0205078125 0.0947265625
9 0.5732421875 0.5009765625 0.0146484375 0.08203125
10 0.58203125 0.30859375 0.0283203125 0.09375
9 0.591796875 0.4990234375 0.0224609375 0.10546875
9 0.78515625 0.494140625 0.02734375 0.1318359375
8 0.892578125 0.6494140625 0.2099609375 0.51171875
9 0.8349609375 0.4638671875 0.025390625 0.08203125
9 0.8310546875 0.45703125 0.01171875 0.080078125
