14 0.8701171875 0.5087890625 0.2587890625 0.4599609375
8 0.1552734375 0.517578125 0.14453125 0.181640625
8 0.154296875 0.5126953125 0.12890625 0.1484375
8 0.5029296875 0.48828125 0.0478515625 0.08984375
11 0.5205078125 0.375 0.0166015625 0.0498046875
11 0.5234375 0.3779296875 0.017578125 0.0419921875
8 0.587890625 0.494140625 0.0361328125 0.0751953125
8 0.62109375 0.513671875 0.07421875 0.0703125
8 0.6259765625 0.51171875 0.056640625 0.08984375
8 0.7099609375 0.5380859375 0.080078125 0.18359375
8 0.720703125 0.5390625 0.0751953125 0.205078125
