8 0.056640625 0.544921875 0.11328125 0.16015625
8 0.119140625 0.5458984375 0.0849609375 0.1015625
14 0.130859375 0.4970703125 0.0849609375 0.0634765625
8 0.2451171875 0.5498046875 0.111328125 0.1103515625
8 0.373046875 0.5380859375 0.142578125 0.1767578125
10 0.3349609375 0.3515625 0.0146484375 0.037109375
12 0.4169921875 0.3466796875 0.013671875 0.037109375
12 0.4833984375 0.349609375 0.0126953125 0.0400390625
8 0.619140625 0.5400390625 0.10546875 0.123046875
12 0.642578125 0.4228515625 0.017578125 0.046875
12 0.6435546875 0.4228515625 0.0146484375 0.033203125
8 0.7080078125 0.5087890625 0.1025390625 0.099609375
8 0.708984375 0.5087890625 0.103515625 0.0732421875
12 0.7607421875 0.3271484375 0.029296875 0.0869140625
8 0.875 0.5224609375 0.248046875 0.2685546875
