8 0.0265625 0.535 0.053125 0.09000000000000001
8 0.16354166666666667 0.5666666666666667 0.26666666666666666 0.24333333333333335
8 0.33229166666666665 0.5066666666666667 0.03125 0.04
8 0.3802083333333333 0.4966666666666667 0.03125 0.04
11 0.42916666666666664 0.4033333333333334 0.01875 0.03333333333333333
8 0.4744791666666667 0.49833333333333335 0.030208333333333334 0.04
11 0.46979166666666666 0.3983333333333334 0.014583333333333334 0.030000000000000002
8 0.5197916666666667 0.5108333333333334 0.07708333333333334 0.09833333333333334
8 0.5802083333333333 0.5016666666666667 0.06041666666666667 0.05333333333333334
8 0.5854166666666667 0.49833333333333335 0.04375 0.05666666666666667
11 0.5822916666666667 0.4366666666666667 0.014583333333333334 0.030000000000000002
8 0.6359375 0.49833333333333335 0.046875 0.05666666666666667
8 0.8260416666666667 0.4991666666666667 0.20833333333333334 0.13166666666666668
