8 0.1083984375 0.572265625 0.2158203125 0.2216796875
14 0.0986328125 0.4443359375 0.1455078125 0.0615234375
14 0.0986328125 0.4462890625 0.12890625 0.0615234375
8 0.3564453125 0.5751953125 0.1962890625 0.2470703125
12 0.3486328125 0.2529296875 0.0185546875 0.0595703125
14 0.5 0.4814453125 0.091796875 0.123046875
12 0.46484375 0.28515625 0.0185546875 0.0595703125
12 0.4658203125 0.2841796875 0.0185546875 0.0615234375
12 0.6220703125 0.3876953125 0.015625 0.0546875
12 0.6220703125 0.388671875 0.015625 0.056640625
8 0.8134765625 0.5693359375 0.3701171875 0.5048828125
8 0.8173828125 0.5712890625 0.361328125 0.4912109375
