8 0.8861979166666667 0.62 0.2265625 0.30333333333333334
14 0.030208333333333334 0.49583333333333335 0.059375 0.10500000000000001
8 0.028125 0.52 0.05520833333333333 0.060000000000000005
14 0.0328125 0.46166666666666667 0.059375 0.060000000000000005
8 0.15833333333333333 0.49833333333333335 0.029166666666666667 0.03333333333333333
8 0.2140625 0.49333333333333335 0.057291666666666664 0.06666666666666667
8 0.3380208333333333 0.49750000000000005 0.026041666666666668 0.045000000000000005
8 0.3697916666666667 0.49833333333333335 0.04791666666666666 0.05
8 0.4302083333333333 0.49583333333333335 0.08958333333333333 0.115
8 0.5546875 0.5008333333333334 0.103125 0.12833333333333335
8 0.6416666666666666 0.5191666666666667 0.15833333333333333 0.15166666666666667
8 0.7994791666666666 0.49000000000000005 0.065625 0.07666666666666667
