9 0.98828125 0.4775390625 0.01953125 0.115234375
8 0.373046875 0.4951171875 0.0556640625 0.0703125
8 0.4052734375 0.4853515625 0.021484375 0.046875
8 0.5146484375 0.4833984375 0.048828125 0.0400390625
12 0.5361328125 0.34765625 0.0166015625 0.03515625
8 0.56640625 0.4853515625 0.0458984375 0.0517578125
12 0.5966796875 0.3642578125 0.0166015625 0.0419921875
8 0.662109375 0.490234375 0.0498046875 0.0634765625
12 0.673828125 0.42578125 0.015625 0.0419921875
12 0.697265625 0.40625 0.0166015625 0.03515625
9 0.865234375 0.47265625 0.021484375 0.078125
