9 0.041015625 0.5888671875 0.0810546875 0.6865234375
10 0.0166015625 0.341796875 0.0322265625 0.0703125
9 0.1982421875 0.552734375 0.0595703125 0.115234375
9 0.2333984375 0.533203125 0.08984375 0.1298828125
9 0.234375 0.53515625 0.087890625 0.13671875
9 0.212890625 0.5478515625 0.03125 0.115234375
9 0.271484375 0.5302734375 0.037109375 0.1337890625
8 0.513671875 0.537109375 0.392578125 0.23046875
9 0.4658203125 0.625 0.1455078125 0.54296875
10 0.5205078125 0.310546875 0.037109375 0.091796875
8 0.7939453125 0.52734375 0.2685546875 0.171875
9 0.8505859375 0.4453125 0.0478515625 0.0771484375
