9 0.08203125 0.5546875 0.0400390625 0.1337890625
8 0.10546875 0.552734375 0.033203125 0.1220703125
9 0.1025390625 0.5478515625 0.0166015625 0.1337890625
9 0.166015625 0.5263671875 0.025390625 0.0830078125
9 0.166015625 0.525390625 0.021484375 0.080078125
9 0.267578125 0.5263671875 0.0302734375 0.1201171875
7 0.2890625 0.5234375 0.01953125 0.056640625
8 0.3486328125 0.5185546875 0.0439453125 0.046875
8 0.4150390625 0.5224609375 0.1044921875 0.05859375
8 0.4169921875 0.5185546875 0.09375 0.0595703125
9 0.4501953125 0.5458984375 0.03125 0.10546875
9 0.4833984375 0.5234375 0.0302734375 0.1435546875
9 0.5615234375 0.60546875 0.142578125 0.412109375
9 0.568359375 0.572265625 0.0537109375 0.3349609375
9 0.5732421875 0.58203125 0.044921875 0.3486328125
9 0.626953125 0.572265625 0.095703125 0.421875
9 0.716796875 0.58203125 0.076171875 0.341796875
8 0.8603515625 0.55078125 0.275390625 0.224609375
