14 0.08125 0.5008333333333334 0.1375 0.08166666666666667
9 0.15833333333333333 0.5158333333333334 0.020833333333333332 0.065
9 0.20104166666666667 0.505 0.022916666666666665 0.05333333333333334
12 0.3755208333333333 0.21250000000000002 0.026041666666666668 0.07500000000000001
12 0.5854166666666667 0.3541666666666667 0.025 0.07500000000000001
12 0.584375 0.35333333333333333 0.016666666666666666 0.06333333333333334
9 0.615625 0.5 0.020833333333333332 0.08
9 0.6614583333333334 0.5058333333333334 0.029166666666666667 0.08833333333333333
8 0.6838541666666667 0.49333333333333335 0.06354166666666666 0.05666666666666667
9 0.7328125 0.5183333333333333 0.04479166666666667 0.14666666666666667
9 0.734375 0.52 0.035416666666666666 0.14666666666666667
12 0.7895833333333333 0.18083333333333335 0.07083333333333333 0.18166666666666667
12 0.7848958333333333 0.17 0.036458333333333336 0.12333333333333334
9 0.8135416666666666 0.51 0.04375 0.16333333333333333
