8 0.050520833333333334 0.5275000000000001 0.04479166666666667 0.04166666666666667
12 0.3296875 0.3516666666666667 0.017708333333333333 0.05
12 0.3307291666666667 0.35750000000000004 0.013541666666666667 0.028333333333333335
14 0.34479166666666666 0.5066666666666667 0.03333333333333333 0.05
11 0.3770833333333333 0.35833333333333334 0.010416666666666666 0.03666666666666667
11 0.3776041666666667 0.3591666666666667 0.011458333333333333 0.03166666666666667
8 0.40781249999999997 0.5125000000000001 0.028125 0.03833333333333334
11 0.4302083333333333 0.3616666666666667 0.0125 0.03666666666666667
11 0.51875 0.42083333333333334 0.016666666666666666 0.035
8 0.5984375 0.5033333333333334 0.06770833333333333 0.043333333333333335
