8 0.033854166666666664 0.5441666666666667 0.06666666666666667 0.16166666666666668
8 0.05416666666666667 0.5383333333333333 0.027083333333333334 0.05
8 0.1046875 0.525 0.034375 0.043333333333333335
8 0.21510416666666665 0.5141666666666667 0.02395833333333333 0.03166666666666667
8 0.2895833333333333 0.5275000000000001 0.09375 0.11166666666666668
11 0.3828125 0.32333333333333336 0.02395833333333333 0.08333333333333334
9 0.4473958333333333 0.5241666666666667 0.034375 0.125
9 0.628125 0.53 0.035416666666666666 0.14
9 0.66875 0.5133333333333334 0.035416666666666666 0.1366666666666667
8 0.9072916666666666 0.5458333333333334 0.18125 0.14833333333333334
8 0.9072916666666666 0.5508333333333334 0.18125 0.12833333333333335
9 0.9526041666666667 0.45583333333333337 0.02395833333333333 0.065
9 0.9557291666666666 0.455 0.02395833333333333 0.05
