8 0.07395833333333333 0.5133333333333334 0.14791666666666667 0.12333333333333334
9 0.1703125 0.5116666666666667 0.030208333333333334 0.10333333333333335
9 0.26197916666666665 0.5166666666666667 0.03229166666666666 0.16666666666666669
9 0.2609375 0.5208333333333334 0.028125 0.17500000000000002
9 0.28072916666666664 0.5141666666666667 0.02395833333333333 0.14166666666666666
9 0.28072916666666664 0.5166666666666667 0.017708333333333333 0.15666666666666668
9 0.321875 0.4783333333333334 0.03125 0.10666666666666667
9 0.321875 0.4716666666666667 0.022916666666666665 0.09333333333333334
14 0.6041666666666666 0.49750000000000005 0.28125 0.24833333333333335
8 0.6135416666666667 0.49833333333333335 0.2791666666666667 0.2566666666666667
