8 0.1828125 0.5541666666666667 0.034375 0.055
8 0.21979166666666666 0.5508333333333334 0.03958333333333333 0.05166666666666667
9 0.23072916666666665 0.5566666666666668 0.015625 0.07333333333333333
8 0.3619791666666667 0.55 0.034375 0.03666666666666667
8 0.3859375 0.5375000000000001 0.02395833333333333 0.03833333333333334
8 0.4848958333333333 0.5441666666666667 0.034375 0.06833333333333334
8 0.5104166666666666 0.5633333333333334 0.05625 0.09000000000000001
8 0.5421875 0.5725 0.040625 0.11833333333333335
8 0.590625 0.5925 0.1 0.16166666666666668
8 0.7598958333333333 0.625 0.32395833333333335 0.36000000000000004
