8 0.13723958333333333 0.5220833333333333 0.19010416666666666 0.09916666666666667
7 0.04921875 0.5825 0.09739583333333333 0.25
8 0.20104166666666667 0.48833333333333334 0.07916666666666666 0.043333333333333335
8 0.275 0.5083333333333334 0.13333333333333333 0.09666666666666668
9 0.24375 0.5741666666666667 0.035416666666666666 0.16833333333333333
9 0.26458333333333334 0.5508333333333334 0.035416666666666666 0.2316666666666667
8 0.29270833333333335 0.5083333333333334 0.06875 0.08
9 0.7453125 0.4716666666666667 0.03229166666666666 0.09333333333333334
9 0.7453125 0.4808333333333334 0.03229166666666666 0.07833333333333334
9 0.8520833333333333 0.4816666666666667 0.029166666666666667 0.06666666666666667
