8 0.07552083333333333 0.4716666666666667 0.051041666666666666 0.060000000000000005
8 0.12447916666666667 0.47000000000000003 0.034375 0.05
8 0.14895833333333333 0.47750000000000004 0.03125 0.04166666666666667
8 0.15 0.47500000000000003 0.03125 0.03666666666666667
8 0.23697916666666666 0.4816666666666667 0.051041666666666666 0.05
8 0.24010416666666667 0.48000000000000004 0.046875 0.05
12 0.23958333333333334 0.1325 0.029166666666666667 0.095
8 0.29635416666666664 0.47750000000000004 0.04895833333333333 0.04833333333333334
8 0.2984375 0.4816666666666667 0.053125 0.05666666666666667
12 0.4671875 0.3091666666666667 0.026041666666666668 0.08833333333333333
