10 0.1984375 0.34500000000000003 0.019791666666666666 0.05333333333333334
8 0.25364583333333335 0.5175000000000001 0.02395833333333333 0.03166666666666667
8 0.29375 0.5116666666666667 0.029166666666666667 0.05666666666666667
8 0.32395833333333335 0.5216666666666667 0.04791666666666666 0.06333333333333334
8 0.32916666666666666 0.5258333333333334 0.05625 0.07833333333333334
8 0.31145833333333334 0.5108333333333334 0.01875 0.018333333333333333
10 0.32135416666666666 0.40750000000000003 0.009375 0.035
8 0.35833333333333334 0.5141666666666667 0.01875 0.045000000000000005
10 0.36614583333333334 0.37000000000000005 0.017708333333333333 0.04
8 0.4192708333333333 0.5366666666666667 0.10729166666666666 0.12333333333333334
11 0.39375 0.42583333333333334 0.008333333333333333 0.021666666666666667
11 0.4197916666666667 0.4416666666666667 0.014583333333333334 0.03333333333333333
8 0.4744791666666667 0.5033333333333334 0.036458333333333336 0.05666666666666667
8 0.475 0.5116666666666667 0.03333333333333333 0.04666666666666667
11 0.4927083333333333 0.41833333333333333 0.01875 0.03666666666666667
8 0.5703125 0.5258333333333334 0.06770833333333333 0.06833333333333334
8 0.5666666666666667 0.525 0.06041666666666667 0.060000000000000005
8 0.5942708333333333 0.5166666666666667 0.021875 0.04
14 0.6442708333333333 0.5016666666666667 0.07604166666666666 0.10333333333333335
14 0.6447916666666667 0.505 0.075 0.09666666666666668
11 0.6744791666666666 0.43583333333333335 0.013541666666666667 0.035
8 0.8885416666666667 0.5583333333333333 0.17083333333333334 0.12333333333333334
8 0.8916666666666666 0.5491666666666667 0.16875 0.12166666666666667
