8 0.12708333333333333 0.5091666666666667 0.08958333333333333 0.085
10 0.14375 0.2325 0.020833333333333332 0.065
8 0.3885416666666667 0.6708333333333334 0.4770833333333333 0.5316666666666667
8 0.21145833333333333 0.4891666666666667 0.075 0.07500000000000001
14 0.20781249999999998 0.49250000000000005 0.06770833333333333 0.07500000000000001
12 0.3098958333333333 0.2225 0.021875 0.07166666666666667
10 0.45 0.23583333333333334 0.022916666666666665 0.08166666666666667
12 0.6692708333333334 0.36333333333333334 0.026041666666666668 0.060000000000000005
10 0.6692708333333334 0.35083333333333333 0.013541666666666667 0.03833333333333334
10 0.9557291666666666 0.07833333333333334 0.07395833333333333 0.15000000000000002
12 0.9520833333333333 0.065 0.041666666666666664 0.13
