8 0.146484375 0.4912109375 0.0498046875 0.0234375
8 0.1474609375 0.494140625 0.0498046875 0.0283203125
8 0.302734375 0.4833984375 0.0458984375 0.0400390625
8 0.3486328125 0.48828125 0.0791015625 0.080078125
11 0.4423828125 0.384765625 0.0146484375 0.037109375
11 0.4443359375 0.3876953125 0.0146484375 0.03125
11 0.4775390625 0.3896484375 0.0146484375 0.0302734375
11 0.48046875 0.384765625 0.017578125 0.0263671875
8 0.5224609375 0.4736328125 0.0400390625 0.0400390625
11 0.5673828125 0.4287109375 0.0166015625 0.037109375
11 0.5888671875 0.4140625 0.0146484375 0.0380859375
7 0.638671875 0.4814453125 0.03515625 0.1103515625
7 0.642578125 0.4912109375 0.033203125 0.09375
