11 0.09375 0.0673828125 0.0380859375 0.1201171875
9 0.9814453125 0.59375 0.0361328125 0.23828125
9 0.951171875 0.5927734375 0.0693359375 0.259765625
9 0.9091796875 0.595703125 0.0380859375 0.20703125
8 0.0498046875 0.6064453125 0.0986328125 0.1064453125
14 0.13671875 0.5390625 0.1201171875 0.1650390625
8 0.2119140625 0.5771484375 0.0341796875 0.0654296875
11 0.3251953125 0.0849609375 0.0341796875 0.1201171875
8 0.3369140625 0.5712890625 0.046875 0.0712890625
8 0.4033203125 0.5791015625 0.0732421875 0.0986328125
9 0.482421875 0.5537109375 0.0244140625 0.068359375
9 0.48046875 0.560546875 0.0166015625 0.0546875
9 0.6083984375 0.5380859375 0.01171875 0.0595703125
10 0.6748046875 0.33984375 0.033203125 0.123046875
