8 0.9088541666666666 0.525 0.18125 0.1366666666666667
8 0.04401041666666666 0.5654166666666667 0.08697916666666666 0.07583333333333334
8 0.11145833333333333 0.5483333333333333 0.06666666666666667 0.060000000000000005
12 0.09739583333333333 0.3275 0.02395833333333333 0.08166666666666667
8 0.16041666666666665 0.535 0.07083333333333333 0.06333333333333334
12 0.19375 0.25916666666666666 0.027083333333333334 0.085
8 0.24791666666666667 0.5583333333333333 0.10833333333333334 0.12333333333333334
13 0.3234375 0.19 0.026041666666666668 0.08
8 0.3416666666666667 0.5441666666666667 0.04791666666666666 0.058333333333333334
8 0.38958333333333334 0.5408333333333334 0.06458333333333333 0.07833333333333334
8 0.5598958333333334 0.5233333333333333 0.042708333333333334 0.05333333333333334
8 0.5619791666666667 0.5241666666666667 0.03854166666666667 0.055
13 0.5723958333333333 0.36500000000000005 0.013541666666666667 0.07
9 0.5911458333333334 0.5208333333333334 0.028125 0.115
8 0.7692708333333333 0.5316666666666667 0.190625 0.11
