8 0.162109375 0.525390625 0.068359375 0.0849609375
12 0.2080078125 0.392578125 0.0224609375 0.0478515625
12 0.2109375 0.400390625 0.017578125 0.0595703125
11 0.2255859375 0.33203125 0.0263671875 0.0654296875
11 0.224609375 0.3466796875 0.0185546875 0.037109375
8 0.265625 0.537109375 0.08984375 0.0947265625
8 0.3408203125 0.5263671875 0.0439453125 0.0498046875
8 0.400390625 0.521484375 0.03515625 0.0498046875
11 0.408203125 0.3056640625 0.021484375 0.0478515625
11 0.41015625 0.2939453125 0.0244140625 0.0654296875
11 0.546875 0.40625 0.0146484375 0.04296875
11 0.55078125 0.4033203125 0.0166015625 0.04296875
12 0.673828125 0.4326171875 0.0263671875 0.0380859375
8 0.8505859375 0.5244140625 0.1943359375 0.125
