8 0.3037109375 0.5283203125 0.037109375 0.0458984375
8 0.283203125 0.537109375 0.0380859375 0.0517578125
8 0.2412109375 0.5400390625 0.064453125 0.0634765625
8 0.1806640625 0.556640625 0.08203125 0.08984375
10 0.0166015625 0.359375 0.0302734375 0.0947265625
9 0.0908203125 0.5263671875 0.017578125 0.0537109375
9 0.236328125 0.5390625 0.0302734375 0.1279296875
9 0.431640625 0.521484375 0.0107421875 0.04296875
8 0.5048828125 0.525390625 0.056640625 0.09375
10 0.5205078125 0.32421875 0.0341796875 0.0986328125
9 0.5888671875 0.51953125 0.037109375 0.09375
9 0.638671875 0.50390625 0.0283203125 0.1181640625
9 0.6650390625 0.5107421875 0.041015625 0.111328125
9 0.6591796875 0.5126953125 0.0244140625 0.0947265625
9 0.6845703125 0.5029296875 0.0205078125 0.1103515625
8 0.8974609375 0.5205078125 0.2001953125 0.1220703125
9 0.8603515625 0.48046875 0.0341796875 0.146484375
