8 0.109375 0.55078125 0.193359375 0.1318359375
8 0.138671875 0.5458984375 0.1376953125 0.1181640625
8 0.099609375 0.578125 0.03515625 0.08984375
8 0.2314453125 0.5419921875 0.03515625 0.0732421875
9 0.2490234375 0.5478515625 0.046875 0.1220703125
8 0.330078125 0.53515625 0.052734375 0.0634765625
8 0.443359375 0.5244140625 0.0458984375 0.044921875
8 0.4990234375 0.5341796875 0.0537109375 0.1484375
8 0.5859375 0.560546875 0.142578125 0.1748046875
8 0.7841796875 0.48828125 0.0810546875 0.0771484375
8 0.818359375 0.48828125 0.146484375 0.0966796875
