8 0.052083333333333336 0.5275000000000001 0.10416666666666667 0.16833333333333333
8 0.20208333333333334 0.5216666666666667 0.18333333333333332 0.19333333333333336
12 0.2552083333333333 0.32666666666666666 0.01875 0.030000000000000002
12 0.2583333333333333 0.3416666666666667 0.016666666666666666 0.04666666666666667
8 0.31979166666666664 0.4941666666666667 0.03958333333333333 0.04166666666666667
12 0.3104166666666667 0.325 0.01875 0.030000000000000002
12 0.31197916666666664 0.3325 0.019791666666666666 0.05166666666666667
8 0.4869791666666667 0.6266666666666667 0.36354166666666665 0.43333333333333335
12 0.390625 0.3358333333333334 0.014583333333333334 0.045000000000000005
12 0.45 0.33333333333333337 0.020833333333333332 0.04666666666666667
12 0.571875 0.38583333333333336 0.01875 0.035
8 0.8536458333333333 0.5333333333333333 0.171875 0.2066666666666667
