8 0.1513671875 0.51953125 0.0771484375 0.080078125
8 0.166015625 0.5029296875 0.068359375 0.0654296875
10 0.2197265625 0.353515625 0.02734375 0.0634765625
11 0.2177734375 0.3359375 0.017578125 0.05859375
8 0.234375 0.5146484375 0.037109375 0.037109375
8 0.259765625 0.5322265625 0.029296875 0.044921875
8 0.267578125 0.51953125 0.029296875 0.0400390625
8 0.5029296875 0.5361328125 0.0654296875 0.078125
10 0.6669921875 0.353515625 0.021484375 0.0830078125
9 0.7861328125 0.5478515625 0.0302734375 0.126953125
9 0.7880859375 0.5419921875 0.0283203125 0.13671875
