8 0.15885416666666666 0.5766666666666667 0.17395833333333333 0.19333333333333336
12 0.20781249999999998 0.4766666666666667 0.026041666666666668 0.04
12 0.2046875 0.47750000000000004 0.013541666666666667 0.04166666666666667
8 0.2755208333333333 0.5116666666666667 0.04479166666666667 0.060000000000000005
8 0.34479166666666666 0.5266666666666667 0.06458333333333333 0.07
12 0.3609375 0.44333333333333336 0.017708333333333333 0.04
12 0.359375 0.44 0.014583333333333334 0.030000000000000002
11 0.3640625 0.41000000000000003 0.015625 0.03666666666666667
11 0.36614583333333334 0.4066666666666667 0.017708333333333333 0.04
8 0.4 0.5108333333333334 0.035416666666666666 0.04833333333333334
11 0.45729166666666665 0.3866666666666667 0.014583333333333334 0.03666666666666667
8 0.46875 0.5033333333333334 0.035416666666666666 0.05
11 0.525 0.445 0.016666666666666666 0.043333333333333335
11 0.525 0.445 0.010416666666666666 0.030000000000000002
11 0.5447916666666667 0.4133333333333334 0.01875 0.05333333333333334
11 0.5442708333333334 0.42000000000000004 0.011458333333333333 0.03333333333333333
