8 0.1767578125 0.50390625 0.068359375 0.05859375
11 0.28125 0.2080078125 0.0224609375 0.0703125
8 0.318359375 0.4970703125 0.0654296875 0.0712890625
8 0.365234375 0.490234375 0.03125 0.0595703125
8 0.41015625 0.4853515625 0.02734375 0.0498046875
11 0.4208984375 0.20703125 0.017578125 0.0732421875
8 0.4755859375 0.4921875 0.0537109375 0.0654296875
11 0.52734375 0.203125 0.0224609375 0.09375
8 0.5791015625 0.49609375 0.0361328125 0.044921875
8 0.83203125 0.48046875 0.0625 0.046875
11 0.814453125 0.3603515625 0.021484375 0.0537109375
11 0.8154296875 0.3720703125 0.021484375 0.0771484375
8 0.89453125 0.48046875 0.0625 0.04296875
