9 0.13072916666666667 0.49583333333333335 0.030208333333333334 0.11166666666666668
9 0.128125 0.49083333333333334 0.014583333333333334 0.08166666666666667
8 0.18958333333333333 0.49000000000000005 0.06041666666666667 0.03666666666666667
8 0.2765625 0.4841666666666667 0.08645833333333333 0.065
8 0.2755208333333333 0.4808333333333334 0.07604166666666666 0.055
9 0.2546875 0.49000000000000005 0.017708333333333333 0.060000000000000005
8 0.2546875 0.4891666666666667 0.013541666666666667 0.05166666666666667
9 0.2703125 0.48333333333333334 0.015625 0.05333333333333334
9 0.2734375 0.48333333333333334 0.015625 0.05333333333333334
12 0.7265625 0.34750000000000003 0.013541666666666667 0.03166666666666667
11 0.7875 0.35333333333333333 0.01875 0.04
11 0.7880208333333333 0.3691666666666667 0.013541666666666667 0.03166666666666667
