12 0.08984375 0.3916015625 0.0185546875 0.037109375
8 0.1240234375 0.486328125 0.0439453125 0.0400390625
12 0.1357421875 0.3896484375 0.0185546875 0.033203125
8 0.205078125 0.478515625 0.0478515625 0.056640625
8 0.2080078125 0.48046875 0.044921875 0.0498046875
12 0.19140625 0.431640625 0.0107421875 0.0302734375
8 0.2451171875 0.4755859375 0.0537109375 0.0380859375
8 0.2470703125 0.4755859375 0.0478515625 0.0517578125
8 0.2880859375 0.474609375 0.04296875 0.0537109375
8 0.29296875 0.48046875 0.048828125 0.0478515625
8 0.322265625 0.4736328125 0.0283203125 0.04296875
8 0.34765625 0.474609375 0.029296875 0.056640625
8 0.3916015625 0.474609375 0.060546875 0.0771484375
8 0.4521484375 0.478515625 0.0478515625 0.0634765625
8 0.455078125 0.474609375 0.0517578125 0.0703125
8 0.4873046875 0.482421875 0.0458984375 0.078125
8 0.4951171875 0.4833984375 0.048828125 0.0634765625
8 0.53515625 0.482421875 0.0693359375 0.068359375
8 0.5341796875 0.484375 0.0439453125 0.0615234375
8 0.5830078125 0.4931640625 0.046875 0.08984375
8 0.66796875 0.484375 0.1337890625 0.125
