8 0.20781249999999998 0.6091666666666667 0.3697916666666667 0.445
8 0.39166666666666666 0.5691666666666667 0.13125 0.1716666666666667
12 0.3458333333333333 0.42083333333333334 0.01875 0.055
11 0.475 0.36583333333333334 0.016666666666666666 0.055
8 0.5109375 0.545 0.040625 0.05
10 0.5265625 0.4441666666666667 0.017708333333333333 0.05166666666666667
10 0.7083333333333334 0.3191666666666667 0.0375 0.115
9 0.7260416666666667 0.535 0.016666666666666666 0.07333333333333333
9 0.74375 0.525 0.020833333333333332 0.06666666666666667
8 0.8880208333333334 0.5558333333333334 0.08020833333333333 0.095
8 0.9270833333333334 0.5591666666666667 0.07083333333333333 0.095
8 0.9770833333333333 0.5483333333333333 0.041666666666666664 0.11333333333333334
