8 0.06640625 0.6220703125 0.1318359375 0.36328125
8 0.1279296875 0.5380859375 0.06640625 0.0703125
8 0.173828125 0.541015625 0.0517578125 0.0517578125
8 0.330078125 0.6591796875 0.328125 0.41796875
12 0.27734375 0.2802734375 0.0244140625 0.06640625
12 0.388671875 0.2861328125 0.0244140625 0.0751953125
9 0.48828125 0.5244140625 0.021484375 0.068359375
12 0.5634765625 0.4140625 0.02734375 0.0751953125
9 0.5625 0.525390625 0.0205078125 0.0732421875
9 0.5751953125 0.5205078125 0.017578125 0.08203125
9 0.583984375 0.5205078125 0.0185546875 0.08203125
9 0.6005859375 0.51953125 0.0244140625 0.091796875
7 0.6259765625 0.52734375 0.033203125 0.091796875
7 0.654296875 0.5263671875 0.033203125 0.08984375
9 0.6865234375 0.525390625 0.021484375 0.0869140625
9 0.701171875 0.5263671875 0.0244140625 0.0869140625
9 0.724609375 0.521484375 0.0205078125 0.0869140625
9 0.7685546875 0.5205078125 0.0341796875 0.1181640625
8 0.9501953125 0.51953125 0.095703125 0.0830078125
