8 0.00040435791015625 0.0009162902832031251 0.00021667480468750002 0.00020904541015625002
8 0.00039520263671875003 0.000905609130859375 0.00020141601562500002 0.00019989013671875002
8 0.00047607421875000004 0.0008392333984375 8.850097656250001e-05 5.4931640625e-05
8 0.00048828125 0.0008415222167968751 9.46044921875e-05 7.476806640625e-05
8 0.0005958557128906251 0.0008644104003906251 7.171630859375e-05 0.00012054443359375
8 0.0006149291992187501 0.0008705139160156251 8.850097656250001e-05 0.00012054443359375
12 0.0006561279296875 0.000736236572265625 4.2724609375000004e-05 0.00012969970703125
12 0.000653839111328125 0.000728607177734375 3.204345703125e-05 0.00011749267578125
8 0.0008026123046875 0.000843048095703125 0.00010070800781250001 9.307861328125001e-05
8 0.000890350341796875 0.0008285522460937501 4.119873046875e-05 7.324218750000001e-05
8 0.0009552001953125 0.0008056640625000001 5.4931640625e-05 5.7983398437500004e-05
8 0.0009582519531250001 0.00081939697265625 5.1879882812500005e-05 6.7138671875e-05
12 0.0009635925292968751 0.00036468505859375003 2.288818359375e-05 7.324218750000001e-05
12 0.000966644287109375 0.000377655029296875 2.5939941406250003e-05 8.087158203125001e-05
12 0.00099639892578125 0.0006561279296875 2.44140625e-05 7.324218750000001e-05
12 0.00100250244140625 0.0006507873535156251 2.44140625e-05 5.9509277343750005e-05
8 0.0010955810546875 0.00080413818359375 5.7983398437500004e-05 7.324218750000001e-05
8 0.00118865966796875 0.000951385498046875 0.0001373291015625 0.00024261474609375
8 0.001258087158203125 0.0009712219238281251 0.00020294189453125 0.00025482177734375
12 0.001102447509765625 0.000632476806640625 2.288818359375e-05 6.256103515625001e-05
12 0.00110626220703125 0.000646209716796875 2.44140625e-05 6.256103515625001e-05
12 0.0011756896972656252 0.00043487548828125 2.8991699218750002e-05 8.850097656250001e-05
12 0.0011756896972656252 0.00041885375976562504 2.5939941406250003e-05 6.561279296875e-05
12 0.001194000244140625 0.000713348388671875 2.5939941406250003e-05 6.256103515625001e-05
8 0.001556396484375 0.00121612548828125 0.00038452148437500004 0.0006256103515625
12 0.0011909484863281252 0.000691986083984375 1.678466796875e-05 4.4250488281250005e-05
12 0.00142669677734375 0.000606536865234375 2.44140625e-05 6.561279296875e-05
12 0.0014320373535156251 0.0006278991699218751 2.8991699218750002e-05 8.087158203125001e-05
9 0.0015609741210937502 0.0008590698242187501 2.1362304687500002e-05 0.0001220703125