9 0.0009562174479166666 0.00086328125 2.5227864583333333e-05 9.114583333333334e-05
9 0.0009269205729166667 0.0008489583333333335 2.44140625e-05 8.072916666666668e-05
8 0.0006640625 0.0013593750000000001 0.0005338541666666667 0.0006276041666666667
9 0.0002099609375 0.0006744791666666667 2.2786458333333334e-05 4.947916666666667e-05
9 0.00025553385416666666 0.0009218750000000002 4.3945312500000005e-05 0.0001354166666666667
9 0.0002408854166666667 0.0009036458333333334 1.9531250000000004e-05 0.00012239583333333335
12 0.00025716145833333336 0.0006640625000000002 2.44140625e-05 7.812500000000002e-05
8 0.0007145182291666667 0.0008697916666666667 5.0455729166666666e-05 7.291666666666667e-05
12 0.0008219401041666667 0.0006276041666666667 2.9296875e-05 9.635416666666668e-05
9 0.001044921875 0.0009166666666666668 3.4179687499999996e-05 0.0001510416666666667
9 0.0012483723958333333 0.001 7.161458333333333e-05 0.0003333333333333334
9 0.0013623046875000002 0.0010104166666666668 8.951822916666667e-05 0.0003697916666666667
9 0.0014908854166666666 0.0009869791666666668 7.486979166666666e-05 0.00029687500000000005