8 0.0015594482421875 0.000933837890625 0.00020141601562500002 0.0001739501953125
8 0.0006866455078125 0.0013481140136718751 0.0005462646484375001 0.00078582763671875
11 0.000689697265625 0.0007522583007812501 2.1362304687500002e-05 5.4931640625e-05
8 0.00074310302734375 0.001010894775390625 6.40869140625e-05 0.00025482177734375
8 0.0008247375488281251 0.0008338928222656251 5.0354003906250004e-05 7.781982421875001e-05
11 0.0009178161621093751 0.000624847412109375 3.204345703125e-05 7.781982421875001e-05
11 0.000909423828125 0.000621795654296875 2.1362304687500002e-05 7.781982421875001e-05
8 0.000966644287109375 0.00083160400390625 3.5095214843750004e-05 5.7983398437500004e-05
11 0.001061248779296875 0.0007171630859375 2.288818359375e-05 5.7983398437500004e-05
11 0.00105743408203125 0.0007354736328125 1.8310546875000003e-05 5.7983398437500004e-05
11 0.0014846801757812502 0.0006072998046875001 2.44140625e-05 7.324218750000001e-05
11 0.0014801025390625 0.000629425048828125 1.8310546875000003e-05 7.781982421875001e-05