8 0.000283203125 0.0011406250000000001 0.0002823893229166667 0.0004934895833333334
12 0.0001611328125 0.000546875 3.906250000000001e-05 0.00012760416666666668
8 0.0007747395833333333 0.0008098958333333334 4.720052083333334e-05 7.812500000000002e-05
8 0.0007666015625000001 0.0008020833333333334 3.255208333333333e-05 7.031250000000001e-05
8 0.0008805338541666666 0.0008281250000000001 6.34765625e-05 0.000125
8 0.0008544921875 0.0008072916666666668 2.7669270833333335e-05 8.854166666666667e-05
8 0.0009277343750000001 0.0008463541666666668 7.161458333333333e-05 0.00012239583333333335
8 0.0009195963541666667 0.0008151041666666668 5.696614583333334e-05 7.291666666666667e-05
8 0.0010074869791666667 0.0008437500000000001 0.00010253906250000001 0.00011718750000000002
12 0.0009798177083333334 0.0005 3.580729166666667e-05 0.0001328125
9 0.0009895833333333334 0.0008828124999999999 4.3945312500000005e-05 0.00015885416666666668
9 0.00146484375 0.0008776041666666667 5.533854166666667e-05 0.0002421875
9 0.0014762369791666667 0.0008906250000000001 6.0221354166666675e-05 0.0002421875