8 0.0015594482421875 0.0013549804687500002 0.000262451171875 0.0007751464843750001
8 0.00018844604492187502 0.0012062072753906252 0.00018768310546875 0.00059661865234375
8 0.00047531127929687503 0.000820159912109375 7.171630859375e-05 7.781982421875001e-05
8 0.00047760009765625 0.0008262634277343751 7.324218750000001e-05 8.392333984375e-05
8 0.00053558349609375 0.000811767578125 6.40869140625e-05 6.7138671875e-05
8 0.0005767822265625001 0.00080413818359375 4.57763671875e-05 7.324218750000001e-05
8 0.000690460205078125 0.000830841064453125 9.002685546875e-05 0.00012054443359375
8 0.0007156372070312501 0.000804901123046875 5.4931640625e-05 7.781982421875001e-05
8 0.0008796691894531251 0.0008026123046875 6.256103515625001e-05 7.324218750000001e-05
8 0.000988006591796875 0.0008514404296875001 9.918212890625e-05 0.00012512207031250002
8 0.0013763427734375 0.0010276794433593751 0.00034179687500000003 0.00041351318359375
8 0.0013702392578125002 0.001018524169921875 0.0003204345703125 0.00040130615234375