7 0.0002044677734375 0.00080413818359375 3.35693359375e-05 0.00012512207031250002
8 0.000386810302734375 0.0008209228515625001 0.00012664794921875 0.0001434326171875
8 0.00046768188476562503 0.000797271728515625 9.307861328125001e-05 0.00010223388671875
8 0.00068206787109375 0.0008705139160156251 0.00029602050781250003 0.00015411376953125002
8 0.0005805969238281251 0.00084075927734375 0.00012664794921875 0.00014648437500000002
12 0.000632476806640625 0.00038604736328125 2.8991699218750002e-05 0.0001068115234375
12 0.0008018493652343751 0.00039825439453125 3.5095214843750004e-05 0.00010986328125
12 0.0007957458496093751 0.000366973876953125 2.288818359375e-05 7.476806640625e-05
12 0.000970458984375 0.00041961669921875 2.74658203125e-05 0.00010986328125
12 0.0012672424316406252 0.000583648681640625 2.288818359375e-05 8.392333984375e-05
12 0.0012756347656250001 0.0005729675292968751 2.74658203125e-05 8.087158203125001e-05