8 0.0015617370605468751 0.0008209228515625001 0.00021514892578125002 0.000128173828125
14 0.000194549560546875 0.0007766723632812501 0.00019378662109375002 0.00034179687500000003
14 0.00017318725585937502 0.000835418701171875 0.00017242431640625 0.00039520263671875003
8 0.000154876708984375 0.000988006591796875 0.00015411376953125002 0.00029754638671875
8 0.00046234130859375 0.000986480712890625 0.00030822753906250004 0.00032806396484375
11 0.00041122436523437504 0.000562286376953125 2.8991699218750002e-05 7.781982421875001e-05
8 0.0010528564453125 0.00139923095703125 0.0006011962890625001 0.0007476806640625
11 0.00049591064453125 0.000566864013671875 3.0517578125e-05 7.781982421875001e-05
12 0.0006256103515625 0.00055694580078125 2.74658203125e-05 7.324218750000001e-05
12 0.000713348388671875 0.000567626953125 2.8991699218750002e-05 7.324218750000001e-05
12 0.00090789794921875 0.0006698608398437501 2.74658203125e-05 7.019042968750001e-05
8 0.0013580322265625 0.000807952880859375 0.00015563964843750002 0.00011444091796875