8 0.00015706380208333336 0.00090234375 0.00015625000000000003 0.00016406250000000004
8 0.0014851888020833333 0.0008281250000000001 0.00015380859375 0.00013151041666666668
8 0.0015616861979166668 0.0009322916666666668 0.00017740885416666667 0.0001953125
8 0.00020182291666666667 0.0008541666666666668 6.0221354166666675e-05 8.072916666666668e-05
8 0.0002294921875 0.0008411458333333335 3.4179687499999996e-05 7.812500000000002e-05
8 0.00032552083333333337 0.0008333333333333335 6.673177083333334e-05 6.25e-05
8 0.00040690104166666663 0.0008125000000000001 4.8828125e-05 7.812500000000002e-05
8 0.0005891927083333334 0.0008255208333333334 6.673177083333334e-05 9.895833333333334e-05
8 0.0006738281250000001 0.0008020833333333334 5.371093750000001e-05 6.25e-05
8 0.0006966145833333334 0.0007734375000000001 3.580729166666667e-05 4.4270833333333337e-05
8 0.000791015625 0.0008645833333333334 0.00010579427083333334 0.0001510416666666667
8 0.0008626302083333334 0.0007994791666666668 5.371093750000001e-05 7.812500000000002e-05
8 0.000947265625 0.0008229166666666668 6.0221354166666675e-05 9.635416666666668e-05
8 0.0010139973958333333 0.0008177083333333334 8.463541666666667e-05 8.593750000000001e-05
8 0.0012125651041666667 0.0008489583333333334 0.00015950520833333333 0.00014583333333333335