8 0.0006722005208333334 0.00078125 2.44140625e-05 3.906250000000001e-05
8 0.00011393229166666665 0.00087109375 0.00011311848958333333 9.505208333333334e-05
8 0.0004166666666666667 0.0009583333333333335 0.00023274739583333334 0.0002447916666666667
8 0.00048339843750000005 0.0008151041666666668 4.8828125e-05 6.510416666666668e-05
12 0.0005192057291666666 0.0007187500000000001 1.9531250000000004e-05 3.906250000000001e-05
8 0.0005777994791666667 0.0008385416666666667 6.0221354166666675e-05 8.593750000000001e-05
11 0.0006070963541666667 0.0005963541666666667 2.604166666666667e-05 6.510416666666668e-05
11 0.0006070963541666666 0.0006015625000000001 2.2786458333333334e-05 5.468750000000001e-05
8 0.0006331380208333334 0.0008020833333333335 4.8828125e-05 5.9895833333333344e-05
11 0.0007014973958333334 0.0005911458333333334 2.44140625e-05 5.208333333333334e-05
11 0.0007014973958333333 0.0006171875000000001 2.2786458333333334e-05 6.770833333333334e-05
11 0.0008756510416666667 0.0007031250000000001 2.2786458333333334e-05 5.208333333333334e-05