14 0.0005322265624999999 0.0010026041666666668 0.0003662109375 0.0006015625000000001
14 0.0005745442708333333 0.0010182291666666668 0.000361328125 0.0005963541666666668
8 0.0007242838541666667 0.0009036458333333334 0.00020507812500000002 0.0001744791666666667
8 0.0007161458333333334 0.0009140625000000002 0.0001904296875 0.00021614583333333335
8 0.0008024088541666668 0.0008437500000000001 5.696614583333334e-05 9.375000000000002e-05
8 0.00083984375 0.0008255208333333334 6.835937499999999e-05 0.00010677083333333335
8 0.0009147135416666668 0.0008020833333333335 4.720052083333334e-05 6.770833333333334e-05
8 0.0011637369791666667 0.0008203125000000001 4.8828125e-05 0.00010416666666666667
8 0.0011930338541666667 0.0008593750000000001 4.720052083333334e-05 0.0001354166666666667
8 0.0012890625 0.0008802083333333334 0.00011230468749999999 0.00019010416666666668
8 0.0012565104166666666 0.0008984375000000001 7.486979166666666e-05 0.00022395833333333336
8 0.0014632161458333333 0.0009062500000000002 0.00022786458333333336 0.0002526041666666667
8 0.0014827473958333333 0.0009192708333333335 0.00024576822916666665 0.0002604166666666667
8 0.0015592447916666667 0.0010338541666666669 0.0001220703125 0.0003776041666666667
8 0.0015559895833333335 0.0010546875 0.00011067708333333334 0.0004583333333333334