12 0.00015787760416666668 0.0007031250000000002 3.743489583333333e-05 8.593750000000001e-05
12 0.00015462239583333333 0.0007005208333333334 2.9296875e-05 7.812500000000002e-05
8 0.0003043619791666667 0.0009010416666666667 9.928385416666667e-05 9.895833333333334e-05
8 0.000322265625 0.0008984375000000001 3.092447916666667e-05 8.072916666666668e-05
8 0.0007014973958333333 0.0011432291666666667 0.0003369140625 0.0004687500000000001
12 0.0005826822916666667 0.0006901041666666668 3.4179687499999996e-05 9.375000000000002e-05
8 0.0007666015625 0.0010078125 0.0001383463541666667 0.00025
11 0.0008138020833333333 0.0005807291666666668 3.255208333333333e-05 0.00010677083333333335
8 0.0008837890624999999 0.0008906250000000001 6.34765625e-05 7.812500000000002e-05
10 0.0008968098958333334 0.0007187500000000001 2.604166666666667e-05 9.895833333333334e-05
10 0.0013395182291666668 0.00047916666666666675 6.510416666666667e-05 0.00020052083333333337
9 0.0013297526041666668 0.0009036458333333334 3.092447916666667e-05 0.00015625000000000003
9 0.0013736979166666667 0.0009192708333333335 4.2317708333333335e-05 0.0001666666666666667