8 0.00029678344726562504 0.0008743286132812501 0.00012054443359375 0.00012512207031250002
8 0.00031280517578125 0.000836944580078125 0.0001068115234375 0.00010223388671875
10 0.00036468505859375003 0.000601959228515625 4.2724609375000004e-05 9.918212890625e-05
11 0.00035400390625000004 0.0005706787109375 2.74658203125e-05 9.1552734375e-05
8 0.00039520263671875003 0.0008331298828125 5.7983398437500004e-05 5.7983398437500004e-05
8 0.00042877197265625 0.0008666992187500001 4.57763671875e-05 7.019042968750001e-05
8 0.00044097900390625003 0.000843048095703125 4.57763671875e-05 6.256103515625001e-05
8 0.000836944580078125 0.0008987426757812501 0.00010223388671875 0.0001220703125
10 0.0010589599609375 0.000617218017578125 3.35693359375e-05 0.00012969970703125
9 0.0012519836425781252 0.0009552001953125 4.730224609375e-05 0.0001983642578125
9 0.001253509521484375 0.00095367431640625 4.4250488281250005e-05 0.000213623046875