8 5.340576171875e-05 0.000907135009765625 5.1879882812500005e-05 9.307861328125001e-05
8 0.00011596679687500001 0.00089263916015625 7.324218750000001e-05 7.9345703125e-05
8 0.000446319580078125 0.00091705322265625 0.00017852783203125002 0.00019226074218750002
11 0.0003662109375 0.000553131103515625 4.8828125e-05 8.392333984375e-05
8 0.00046005249023437503 0.000838470458984375 4.4250488281250005e-05 6.561279296875e-05
8 0.00050506591796875 0.000848388671875 5.1879882812500005e-05 7.324218750000001e-05
14 0.000608062744140625 0.00087738037109375 0.00012664794921875 0.000244140625
11 0.000713348388671875 0.000698089599609375 6.256103515625001e-05 8.392333984375e-05
11 0.000724029541015625 0.0007026672363281251 2.288818359375e-05 6.256103515625001e-05
8 0.00088043212890625 0.0008262634277343751 0.00011596679687500001 0.00010223388671875
8 0.00118255615234375 0.00085601806640625 0.0001983642578125 0.00017700195312500002
8 0.001299285888671875 0.00085601806640625 0.00013580322265625 0.0002105712890625
8 0.001558685302734375 0.0009506225585937501 0.00035247802734375 0.0003173828125
8 0.001555633544921875 0.0009292602539062501 0.00034027099609375 0.0002838134765625