8 0.00035781860351562504 0.0009315490722656251 0.00016326904296875002 0.00018157958984375
8 0.000405120849609375 0.000882720947265625 5.340576171875e-05 5.9509277343750005e-05
8 0.00043716430664062503 0.0008720397949218751 5.645751953125e-05 7.476806640625e-05
8 0.00054931640625 0.0008636474609375 6.7138671875e-05 6.7138671875e-05
8 0.0007118225097656251 0.00091705322265625 0.00010833740234375001 0.00014038085937500002
11 0.000646209716796875 0.00071868896484375 2.288818359375e-05 5.1879882812500005e-05
11 0.0006416320800781251 0.0007102966308593751 1.678466796875e-05 4.119873046875e-05
11 0.000701141357421875 0.0007064819335937501 1.678466796875e-05 3.96728515625e-05
11 0.0007049560546875 0.0007110595703125 1.8310546875000003e-05 5.1879882812500005e-05
8 0.0007781982421875 0.0008514404296875001 4.57763671875e-05 5.7983398437500004e-05
8 0.001117706298828125 0.000966644287109375 0.00019989013671875002 0.00020599365234375