8 9.440104166666668e-05 0.000921875 9.358723958333334e-05 0.00019270833333333336
8 0.0014583333333333334 0.0010846354166666667 0.0003776041666666667 0.00036067708333333335
8 0.00028808593750000004 0.0008515625000000001 0.00013997395833333334 0.00010416666666666667
12 0.000390625 0.0007395833333333334 2.2786458333333334e-05 7.812500000000002e-05
12 0.0003873697916666667 0.0007187500000000001 1.9531250000000004e-05 4.687500000000001e-05
8 0.0004736328125 0.0008098958333333334 4.8828125e-05 6.770833333333334e-05
8 0.0006282552083333334 0.0008255208333333334 7.324218750000001e-05 9.895833333333334e-05
8 0.0006184895833333334 0.0008125000000000001 5.371093750000001e-05 8.593750000000001e-05
12 0.0006510416666666667 0.0006223958333333333 2.9296875e-05 8.072916666666668e-05
12 0.0006494140625 0.0005937500000000001 2.2786458333333334e-05 3.6458333333333336e-05
8 0.0007161458333333334 0.0008098958333333334 6.998697916666667e-05 9.114583333333334e-05
11 0.0007389322916666667 0.0006223958333333334 3.092447916666667e-05 6.25e-05
11 0.0007356770833333334 0.0006145833333333333 2.2786458333333334e-05 4.166666666666667e-05
11 0.0008935546875 0.0007109375000000001 3.580729166666667e-05 6.770833333333334e-05
11 0.0008837890625000001 0.0007031250000000001 2.2786458333333334e-05 3.6458333333333336e-05
8 0.0009114583333333335 0.0008593750000000001 3.580729166666667e-05 0.00012239583333333335
8 0.0010091145833333334 0.0008697916666666668 0.00012044270833333335 0.00013802083333333334
8 0.0009765625 0.0008828125000000001 7.486979166666666e-05 0.00016145833333333336
11 0.0009570312500000001 0.0006744791666666668 2.2786458333333334e-05 7.291666666666667e-05
11 0.0009554036458333334 0.0006848958333333334 1.9531250000000004e-05 4.166666666666667e-05
8 0.001083984375 0.0009713541666666668 0.00012369791666666668 0.00029687500000000005
8 0.0011735026041666667 0.0009322916666666668 0.00020833333333333335 0.00025