8 0.0015616861979166666 0.0014635416666666668 0.0003377278645833334 0.00096875
8 0.000185546875 0.0009296875 0.00010579427083333334 0.00013020833333333336
8 0.00044596354166666667 0.0010052083333333334 0.00021809895833333336 0.0003489583333333334
8 0.0004947916666666667 0.0009531250000000002 7.161458333333333e-05 0.00018750000000000003
8 0.0004866536458333333 0.0009322916666666669 4.720052083333334e-05 0.00017187500000000002
8 0.0005224609375 0.0009244791666666668 7.649739583333334e-05 0.00016145833333333336
8 0.000537109375 0.0009192708333333335 5.533854166666667e-05 0.00016145833333333336
8 0.0006559244791666667 0.0008723958333333334 7.486979166666666e-05 9.375000000000002e-05
8 0.0008089192708333334 0.0009192708333333335 9.440104166666668e-05 0.00013020833333333336
8 0.00080078125 0.0009140624999999999 8.463541666666667e-05 0.00013020833333333336
8 0.0008300781250000001 0.00096875 5.0455729166666666e-05 0.00019270833333333336
8 0.0009879557291666665 0.0009791666666666668 0.00019205729166666666 0.0002682291666666667
8 0.0009667968750000001 0.0010052083333333334 0.00016438802083333333 0.0003020833333333334
8 0.0012434895833333334 0.0012500000000000002 0.00032877604166666667 0.0006614583333333333
8 0.0013818359375 0.0011640625000000002 0.0004524739583333333 0.000515625