8 0.00047760009765625 0.0008331298828125 0.00014038085937500002 0.000213623046875
14 0.000478363037109375 0.000835418701171875 0.00013885498046875 0.00020599365234375
8 0.0006195068359375 0.0008567810058593751 0.00014648437500000002 0.00019989013671875002
12 0.0005950927734375 0.000637054443359375 1.52587890625e-05 4.119873046875e-05
8 0.000659942626953125 0.000820159912109375 4.119873046875e-05 9.613037109375001e-05
11 0.00066375732421875 0.00064849853515625 2.44140625e-05 5.4931640625e-05
8 0.000800323486328125 0.0008857727050781251 0.00014495849609375 0.00019073486328125
11 0.000716400146484375 0.00065155029296875 2.288818359375e-05 5.7983398437500004e-05
7 0.0008552551269531251 0.0008018493652343751 3.5095214843750004e-05 9.918212890625e-05
11 0.0008514404296875001 0.000724029541015625 2.1362304687500002e-05 4.730224609375e-05
11 0.000865936279296875 0.0007118225097656251 2.5939941406250003e-05 6.561279296875e-05
8 0.0015113830566406252 0.0010887145996093751 0.00040435791015625 0.00039825439453125