8 0.0011824544270833334 0.0008359375000000001 0.00010579427083333334 8.593750000000001e-05
8 0.000166015625 0.0009609375 0.0001318359375 0.00012760416666666668
8 0.00027018229166666667 0.0009583333333333335 0.00013020833333333333 0.00011197916666666668
8 0.00036295572916666665 0.0009114583333333335 7.812500000000002e-05 0.00010677083333333335
10 0.00041015625000000004 0.0005963541666666667 2.7669270833333335e-05 8.854166666666667e-05
8 0.0004573567708333334 0.0009062499999999999 7.486979166666666e-05 0.00011458333333333334
8 0.0006966145833333334 0.001104166666666667 0.00027018229166666667 0.00040104166666666673
11 0.0005045572916666667 0.0005703125000000001 1.7903645833333333e-05 7.812500000000002e-05
11 0.0006054687500000001 0.0005807291666666668 2.1158854166666667e-05 6.770833333333334e-05
8 0.000888671875 0.0009609375 0.0001904296875 0.00019010416666666668
11 0.0007731119791666666 0.0007109375000000002 1.9531250000000004e-05 6.25e-05
8 0.0010921223958333334 0.0008515625000000001 0.00014485677083333334 0.00010677083333333335
11 0.0010319010416666666 0.0005182291666666667 6.184895833333334e-05 0.00019270833333333336