8 0.0006477864583333333 0.0009192708333333335 0.00019694010416666666 0.00014843750000000002
14 0.0007747395833333333 0.0008229166666666667 0.00015625000000000003 8.333333333333334e-05
11 0.0007063802083333333 0.0007994791666666668 4.3945312500000005e-05 0.00012239583333333335
8 0.0008024088541666668 0.0008906250000000001 9.928385416666667e-05 0.00011197916666666668
8 0.0009667968749999999 0.0009375000000000002 0.00014811197916666667 0.0001666666666666667
10 0.0009342447916666667 0.0007083333333333334 1.7903645833333333e-05 5.729166666666667e-05
8 0.0010465494791666668 0.0008645833333333334 4.069010416666667e-05 7.812500000000002e-05
8 0.0011116536458333334 0.0008880208333333334 9.27734375e-05 0.00010677083333333335
8 0.0011507161458333335 0.0008515625000000001 3.906250000000001e-05 8.072916666666668e-05
10 0.0011555989583333333 0.0005989583333333334 2.604166666666667e-05 9.375000000000002e-05
8 0.001212565104166667 0.0008776041666666668 7.161458333333333e-05 9.635416666666668e-05
8 0.0013444010416666667 0.0009088541666666668 0.00011230468749999999 0.00011979166666666669
11 0.0013232421875000002 0.0007083333333333334 1.7903645833333333e-05 6.510416666666668e-05
8 0.0015608723958333336 0.0010390625 0.0001318359375 0.0002838541666666667