8 0.000419921875 0.0012447916666666666 0.00041829427083333334 0.0009791666666666668
14 0.0004085286458333334 0.0012395833333333336 0.00040690104166666674 0.0009661458333333335
12 0.0005647786458333334 0.0005260416666666667 3.092447916666667e-05 0.00011197916666666668
8 0.0010319010416666666 0.0012916666666666669 0.000498046875 0.0006640625000000002
12 0.0005647786458333334 0.0004739583333333334 2.44140625e-05 5.9895833333333344e-05
12 0.0007552083333333334 0.0004270833333333334 2.7669270833333335e-05 0.00010416666666666667
12 0.0010237630208333333 0.0006015625000000001 3.092447916666667e-05 6.770833333333334e-05
7 0.00103515625 0.0008359375000000001 4.069010416666667e-05 0.0001510416666666667
8 0.0012288411458333335 0.0008151041666666668 0.00014648437500000002 0.00012239583333333335
8 0.0012141927083333334 0.0008046875000000001 0.0001318359375 8.333333333333334e-05
8 0.0015592447916666667 0.0011927083333333336 0.0004166666666666667 0.0005416666666666668
12 0.0015592447916666667 0.0004166666666666667 4.069010416666667e-05 0.000125
12 0.0015608723958333336 0.0003515625000000001 3.4179687499999996e-05 6.510416666666668e-05