12 0.00028157552083333333 0.0006432291666666668 3.580729166666667e-05 0.00010156250000000001
12 0.000283203125 0.0006250000000000001 2.44140625e-05 6.770833333333334e-05
7 0.0004524739583333333 0.0007838541666666667 3.092447916666667e-05 9.895833333333334e-05
8 0.000546875 0.0007786458333333334 7.812500000000002e-05 8.854166666666667e-05
8 0.0006087239583333334 0.00078125 5.859375e-05 7.291666666666667e-05
8 0.0006070963541666667 0.0007760416666666667 5.371093750000001e-05 8.854166666666667e-05
8 0.0006819661458333334 0.0007864583333333335 7.649739583333334e-05 9.635416666666668e-05
12 0.0007356770833333334 0.0004921875000000001 1.9531250000000004e-05 7.812500000000002e-05
12 0.0007438151041666667 0.0004921875 2.44140625e-05 6.510416666666668e-05
8 0.0010563151041666668 0.0008307291666666668 0.0002311197916666667 0.00012239583333333335
12 0.0008496093750000001 0.0005026041666666667 2.2786458333333334e-05 7.812500000000002e-05
12 0.0008528645833333333 0.0005000000000000001 2.1158854166666667e-05 9.375000000000002e-05
12 0.0009651692708333333 0.0005 2.604166666666667e-05 5.9895833333333344e-05
12 0.0009635416666666668 0.0005130208333333334 2.44140625e-05 7.031250000000001e-05
12 0.0011751302083333334 0.0006458333333333334 2.44140625e-05 7.812500000000002e-05
12 0.0011767578125 0.0006380208333333334 2.2786458333333334e-05 6.25e-05
8 0.0014599609375 0.0007578125000000001 0.00010416666666666667 7.031250000000001e-05
8 0.0014583333333333334 0.00078125 8.951822916666667e-05 0.00010416666666666667
8 0.0015576171875 0.0008151041666666668 4.2317708333333335e-05 9.895833333333334e-05
8 0.0015592447916666667 0.0008151041666666668 4.069010416666667e-05 9.635416666666668e-05