8 0.00015462239583333333 0.0009687500000000002 0.00015462239583333333 0.00026302083333333337
8 0.00044108072916666666 0.0009973958333333334 0.0002848307291666667 0.0003333333333333334
12 0.0004117838541666667 0.0005416666666666668 2.9296875e-05 4.687500000000001e-05
12 0.00041015625000000004 0.0005677083333333334 2.604166666666667e-05 7.291666666666667e-05
8 0.0010579427083333335 0.0013645833333333335 0.0006054687500000001 0.0007239583333333334
12 0.0004996744791666666 0.0005598958333333334 3.092447916666667e-05 8.072916666666668e-05
8 0.0005305989583333333 0.0008046875000000001 6.184895833333334e-05 6.510416666666668e-05
12 0.0004996744791666667 0.00053125 2.9296875e-05 4.687500000000001e-05
12 0.0006217447916666667 0.0005598958333333335 2.2786458333333334e-05 7.031250000000001e-05
12 0.0007194010416666668 0.0005572916666666668 3.255208333333333e-05 7.291666666666667e-05
12 0.0009049479166666667 0.0006406250000000001 2.9296875e-05 5.468750000000001e-05
8 0.0014111328125 0.0009348958333333335 0.00021321614583333332 0.00026302083333333337