9 0.0007486979166666666 0.0008151041666666668 1.6276041666666666e-05 8.854166666666667e-05
8 0.0007731119791666666 0.0008281250000000001 2.2786458333333334e-05 8.854166666666667e-05
8 0.0008300781250000001 0.0008437500000000001 5.696614583333334e-05 0.0001328125
8 0.0008610026041666667 0.0008411458333333334 6.184895833333334e-05 0.00011458333333333334
8 0.0006892903645833333 0.0008528645833333335 7.975260416666667e-05 0.00012239583333333335
9 0.0014249674479166667 0.0008736979166666667 5.289713541666667e-05 0.00022265625000000004
9 0.00132080078125 0.0008645833333333334 3.906250000000001e-05 0.00018619791666666668
9 0.0012849934895833334 0.0008880208333333334 5.289713541666667e-05 0.00021093750000000002
8 0.00028808593750000004 0.0009088541666666668 0.00021321614583333332 0.0001510416666666667
8 0.0004475911458333334 0.0009010416666666667 0.0001220703125 0.00016145833333333336
9 0.0005143229166666667 0.0013359375 0.00010579427083333334 0.0007161458333333334
9 0.0006136067708333334 0.0013802083333333333 0.00018391927083333335 0.0008489583333333334
9 0.0011214192708333332 0.0007734375 4.3945312500000005e-05 9.635416666666668e-05
9 0.0011490885416666665 0.0008880208333333334 6.835937499999999e-05 0.00015364583333333335
9 0.0011848958333333334 0.0009192708333333335 7.161458333333333e-05 0.00025
9 0.0012239583333333334 0.0008932291666666668 4.557291666666667e-05 0.00023177083333333337
9 0.0014697265625 0.0009088541666666668 5.0455729166666666e-05 0.00017708333333333335
9 0.0015299479166666667 0.0009166666666666668 7.975260416666667e-05 0.00025