8 0.001528167724609375 0.000865936279296875 0.00014801025390625002 8.697509765625e-05
8 4.8828125e-05 0.000875091552734375 4.2724609375000004e-05 4.4250488281250005e-05
8 0.000109100341796875 0.0008628845214843751 5.0354003906250004e-05 6.561279296875e-05
8 0.000191497802734375 0.0008491516113281251 3.5095214843750004e-05 4.730224609375e-05
8 0.000295257568359375 0.0009063720703125001 8.392333984375e-05 0.0001220703125
8 0.00029602050781250003 0.000896453857421875 7.324218750000001e-05 9.918212890625e-05
8 0.00048980712890625 0.000867462158203125 5.7983398437500004e-05 9.918212890625e-05
14 0.000569915771484375 0.0008934020996093751 0.00010833740234375001 0.00018157958984375
8 0.001043701171875 0.0008857727050781251 0.000128173828125 9.918212890625e-05
8 0.001070404052734375 0.000875091552734375 0.00013580322265625 0.00010223388671875
8 0.001140594482421875 0.00088043212890625 0.00010223388671875 0.0001068115234375
8 0.0013511657714843752 0.000882720947265625 0.00017852783203125002 0.00012054443359375