8 0.0015594482421875 0.00120849609375 0.0006164550781250001 0.000579833984375
8 0.000102996826171875 0.0009506225585937501 0.00010223388671875 0.0001068115234375
8 0.00012359619140625 0.000949859619140625 0.0001220703125 7.476806640625e-05
14 0.00045928955078125 0.000960540771484375 0.000225830078125 0.00023651123046875
14 0.00044403076171875 0.0009613037109375 0.0002044677734375 0.000225830078125
8 0.0005043029785156251 0.000957489013671875 0.00011138916015625001 0.00012969970703125
8 0.00050506591796875 0.000952911376953125 9.46044921875e-05 0.00012054443359375
11 0.000600433349609375 0.00040283203125000003 4.119873046875e-05 0.0001373291015625
8 0.000637054443359375 0.0008987426757812501 4.4250488281250005e-05 5.4931640625e-05
8 0.0007568359375 0.0008911132812500001 4.2724609375000004e-05 5.4931640625e-05
11 0.00095367431640625 0.0007003784179687501 3.96728515625e-05 0.00012512207031250002