9 0.0009559631347656251 0.0008636474609375 2.5939941406250003e-05 9.1552734375e-05
9 0.00092620849609375 0.0008491516113281251 2.44140625e-05 8.087158203125001e-05
8 0.00066375732421875 0.0013587951660156252 0.0005340576171875 0.00062713623046875
9 0.000209808349609375 0.0006744384765625 2.288818359375e-05 4.8828125e-05
9 0.000255584716796875 0.000922393798828125 4.4250488281250005e-05 0.00013580322265625
9 0.000240325927734375 0.0009033203125 1.983642578125e-05 0.0001220703125
12 0.00025787353515625003 0.0006645202636718751 2.44140625e-05 7.781982421875001e-05
8 0.000714874267578125 0.0008697509765625 5.0354003906250004e-05 7.324218750000001e-05
12 0.000821685791015625 0.0006278991699218751 2.8991699218750002e-05 9.613037109375001e-05
9 0.00104522705078125 0.0009162902832031251 3.35693359375e-05 0.00015106201171875
9 0.0012489318847656251 0.00099945068359375 7.171630859375e-05 0.0003326416015625
9 0.001361846923828125 0.0010101318359375 9.002685546875e-05 0.00036926269531250004
9 0.001491546630859375 0.000988006591796875 7.476806640625e-05 0.00029754638671875