8 0.000247955322265625 0.000909423828125 0.00012054443359375 0.000128173828125
8 0.0007720947265625 0.001354217529296875 0.0005126953125 0.00066680908203125
12 0.000455474853515625 0.00048675537109375003 3.5095214843750004e-05 0.00010375976562500001
12 0.0006278991699218751 0.000507354736328125 3.5095214843750004e-05 0.00011749267578125
8 0.000800323486328125 0.000897979736328125 9.307861328125001e-05 0.00016632080078125
7 0.000811767578125 0.0008857727050781251 4.2724609375000004e-05 0.00012969970703125
7 0.0008224487304687501 0.0008857727050781251 5.1879882812500005e-05 0.00011444091796875
9 0.00083160400390625 0.000861358642578125 2.1362304687500002e-05 0.00011138916015625001
9 0.0008552551269531251 0.000861358642578125 2.288818359375e-05 0.00011138916015625001
12 0.0009002685546875 0.00069580078125 3.96728515625e-05 0.00010375976562500001
9 0.000988006591796875 0.0008934020996093751 8.697509765625e-05 0.00013275146484375002
9 0.0009696960449218751 0.000876617431640625 3.5095214843750004e-05 0.00011138916015625001
7 0.001056671142578125 0.0008880615234375 5.0354003906250004e-05 0.0001373291015625
7 0.0010543823242187501 0.00089263916015625 3.96728515625e-05 0.0001373291015625
9 0.00108184814453125 0.000888824462890625 3.35693359375e-05 0.00012054443359375
9 0.001108551025390625 0.0008911132812500001 3.204345703125e-05 0.00014038085937500002
9 0.00114898681640625 0.000885009765625 3.35693359375e-05 0.0001373291015625
9 0.001151275634765625 0.0008644104003906251 3.5095214843750004e-05 0.00011138916015625001