8 0.00014648437500000002 0.000982666015625 0.00014648437500000002 0.00026550292968750003
8 0.000453948974609375 0.0010101318359375 0.00030975341796875 0.000360107421875
12 0.00040359497070312504 0.0005645751953125 2.5939941406250003e-05 7.324218750000001e-05
12 0.00041122436523437504 0.0005424499511718751 2.8991699218750002e-05 4.730224609375e-05
8 0.001070404052734375 0.0013862609863281251 0.0006240844726562501 0.00074005126953125
8 0.000525665283203125 0.000807952880859375 6.256103515625001e-05 6.561279296875e-05
12 0.00049591064453125 0.000559234619140625 3.0517578125e-05 8.087158203125001e-05
12 0.000499725341796875 0.000531768798828125 2.8991699218750002e-05 4.730224609375e-05
12 0.0006202697753906251 0.00055999755859375 2.288818359375e-05 7.019042968750001e-05
12 0.000716400146484375 0.0005645751953125 3.204345703125e-05 7.324218750000001e-05
12 0.000904083251953125 0.000640869140625 2.8991699218750002e-05 5.4931640625e-05
8 0.001459503173828125 0.00101318359375 0.00032196044921875 0.000408935546875
8 0.001441192626953125 0.001000213623046875 0.00027923583984375 0.00034942626953125003