8 0.000698089599609375 0.001239776611328125 0.00044403076171875 0.00062713623046875
12 0.000689697265625 0.0007598876953125001 2.1362304687500002e-05 5.4931640625e-05
8 0.0007270812988281251 0.0010124206542968751 4.730224609375e-05 0.00025787353515625003
8 0.0008338928222656251 0.000835418701171875 5.0354003906250004e-05 7.781982421875001e-05
11 0.000913238525390625 0.0006111145019531251 3.204345703125e-05 7.781982421875001e-05
11 0.000909423828125 0.000638580322265625 2.1362304687500002e-05 7.781982421875001e-05
8 0.000966644287109375 0.00083160400390625 3.5095214843750004e-05 5.7983398437500004e-05
11 0.001052093505859375 0.0007217407226562501 2.288818359375e-05 5.7983398437500004e-05
11 0.0010505676269531251 0.000739288330078125 1.678466796875e-05 5.9509277343750005e-05
8 0.0015571594238281252 0.0008285522460937501 0.00015106201171875 0.00010375976562500001
11 0.00144805908203125 0.0006195068359375 2.44140625e-05 7.324218750000001e-05
11 0.00144500732421875 0.000638580322265625 1.8310546875000003e-05 7.781982421875001e-05
8 0.001560211181640625 0.0008361816406250001 0.00012969970703125 0.00014038085937500002