8 0.00024495442708333335 0.001295572916666667 0.000244140625 0.0006627604166666667
12 0.00014485677083333334 0.0006744791666666668 2.44140625e-05 9.114583333333334e-05
12 0.00014485677083333334 0.0006406250000000001 2.1158854166666667e-05 5.208333333333334e-05
8 0.00046386718750000003 0.0010078125 0.0002945963541666667 0.00026302083333333337
12 0.0006705729166666668 0.0004687500000000001 2.9296875e-05 8.333333333333334e-05
12 0.0006673177083333333 0.0004687500000000001 2.44140625e-05 7.552083333333335e-05
8 0.0008056640625000001 0.0008802083333333334 0.00010416666666666667 0.00014062500000000002
11 0.0008219401041666667 0.0004765625 2.9296875e-05 8.072916666666668e-05
8 0.0011490885416666667 0.0009531250000000002 0.00013997395833333334 0.0002604166666666667
8 0.0011002604166666667 0.0008229166666666668 8.138020833333334e-05 8.072916666666668e-05
11 0.0010546875 0.0006562500000000001 2.9296875e-05 9.114583333333334e-05
8 0.0015608723958333334 0.0011848958333333336 0.0004996744791666666 0.0006380208333333334