9 0.0014190673828125 0.000891876220703125 6.40869140625e-05 0.00026092529296875
8 0.0015617370605468751 0.0013511657714843752 0.00025787353515625003 0.00066375732421875
8 0.00017547607421875 0.000992584228515625 0.00016174316406250002 0.00016937255859375002
8 0.000168609619140625 0.00098724365234375 0.00013885498046875 0.0001434326171875
8 0.0005096435546875 0.0008697509765625 0.0001220703125 7.324218750000001e-05
9 0.000455474853515625 0.0008987426757812501 2.5939941406250003e-05 0.0001068115234375
9 0.00045242309570312503 0.0008911132812500001 1.983642578125e-05 8.544921875000001e-05
9 0.000543212890625 0.0008834838867187501 2.74658203125e-05 9.1552734375e-05
9 0.000582122802734375 0.000875091552734375 3.204345703125e-05 9.307861328125001e-05
9 0.00057830810546875 0.0008644104003906251 2.44140625e-05 8.392333984375e-05
8 0.0007041931152343751 0.000930023193359375 0.00011138916015625001 0.00013275146484375002