8 0.00020141601562500002 0.0012519836425781252 0.00020141601562500002 0.00052032470703125
14 0.00023040771484375002 0.0008934020996093751 0.0002288818359375 0.00022125244140625
8 0.000290679931640625 0.000926971435546875 9.002685546875e-05 0.00010223388671875
8 0.00072784423828125 0.0013557434082031251 0.0005157470703125001 0.0006607055664062501
12 0.00054473876953125 0.00044479370117187503 3.35693359375e-05 0.00011138916015625001
8 0.00081787109375 0.0009162902832031251 0.0001312255859375 0.00013275146484375002
8 0.00081787109375 0.0009162902832031251 0.00012512207031250002 0.00012969970703125
12 0.00074310302734375 0.00048980712890625 3.35693359375e-05 0.0001068115234375
12 0.0010200500488281251 0.0006721496582031251 3.5095214843750004e-05 0.00010223388671875
9 0.00108642578125 0.0008857727050781251 2.74658203125e-05 0.00012969970703125
9 0.0011138916015625 0.00088043212890625 3.35693359375e-05 0.0001373291015625
8 0.001560211181640625 0.0014091491699218751 0.00037078857421875 0.00105133056640625