9 0.0015616861979166668 0.0010494791666666667 3.4179687499999996e-05 0.0003033854166666667
8 0.0002311197916666667 0.0009010416666666667 9.765625e-05 6.770833333333334e-05
8 0.00027018229166666667 0.0009088541666666669 9.440104166666668e-05 0.00010937500000000002
8 0.00026041666666666666 0.0008776041666666668 8.138020833333334e-05 6.25e-05
8 0.00036458333333333335 0.0008906250000000001 8.463541666666667e-05 7.812500000000002e-05
8 0.0004964192708333334 0.0008880208333333334 0.00010579427083333334 8.072916666666668e-05
11 0.0004801432291666667 0.0006015625000000001 4.557291666666667e-05 0.00015625000000000003
11 0.0006070963541666667 0.0007447916666666668 3.743489583333333e-05 8.593750000000001e-05
11 0.0006038411458333334 0.0007395833333333334 2.604166666666667e-05 7.031250000000001e-05
8 0.0007226562500000001 0.0008906250000000001 9.114583333333334e-05 8.072916666666668e-05
8 0.0009423828125000001 0.0011250000000000001 0.00028157552083333333 0.000390625
8 0.0010270182291666667 0.0009270833333333335 0.000126953125 0.0001666666666666667
8 0.0010139973958333333 0.0009166666666666669 0.00010416666666666667 0.00014062500000000002
11 0.0009586588541666667 0.0007708333333333334 2.44140625e-05 5.208333333333334e-05
14 0.001298828125 0.0010026041666666668 0.0002848307291666667 0.0005052083333333334
8 0.0014680989583333334 0.0009505208333333335 3.906250000000001e-05 0.00014062500000000002
9 0.0015104166666666666 0.0009583333333333333 3.906250000000001e-05 0.00021875000000000003