9 8.30078125e-05 0.0009270833333333335 4.3945312500000005e-05 0.00014583333333333335
9 7.975260416666667e-05 0.0009166666666666668 3.743489583333333e-05 0.00011718750000000002
8 0.0002490234375 0.0009010416666666667 0.00011393229166666668 0.00011979166666666669
7 0.00032552083333333337 0.0009088541666666669 6.998697916666667e-05 0.00014062500000000002
8 0.0007747395833333334 0.001346354166666667 0.000517578125 0.0006536458333333333
9 0.00030598958333333335 0.0009062500000000002 3.255208333333333e-05 0.00012760416666666668
9 0.0003255208333333333 0.0009010416666666667 3.4179687499999996e-05 0.00012760416666666668
9 0.00032063802083333337 0.0008567708333333334 2.44140625e-05 8.593750000000001e-05
12 0.00045410156249999997 0.0004817708333333334 3.092447916666667e-05 9.895833333333334e-05
12 0.000625 0.0005026041666666667 3.092447916666667e-05 0.00011197916666666668
9 0.0008186848958333334 0.0008671874999999999 3.255208333333333e-05 9.895833333333334e-05
9 0.0008203125000000001 0.0008697916666666668 2.2786458333333334e-05 9.375000000000002e-05
9 0.0008365885416666667 0.0008593749999999999 2.604166666666667e-05 9.895833333333334e-05
9 0.00083984375 0.0008671875000000001 2.44140625e-05 0.00010937500000000002
12 0.0008968098958333334 0.0006875000000000002 3.4179687499999996e-05 9.895833333333334e-05
8 0.0013313802083333335 0.0009557291666666668 0.00045572916666666673 0.00021614583333333335
9 0.0010009765625000001 0.0008515625000000001 3.580729166666667e-05 0.00011458333333333334
7 0.0013004557291666668 0.0009895833333333334 0.0001904296875 0.00029687500000000005
8 0.0014453125000000002 0.0008802083333333334 0.00018880208333333336 0.00011718750000000002