7 0.000606536865234375 0.000775909423828125 1.373291015625e-05 5.340576171875e-05
8 0.00034332275390625 0.0007781982421875 8.850097656250001e-05 5.4931640625e-05
8 0.0006591796875 0.000782012939453125 4.57763671875e-05 6.256103515625001e-05
8 0.000690460205078125 0.000768280029296875 2.5939941406250003e-05 4.730224609375e-05
8 0.0007408142089843751 0.0007766723632812501 4.4250488281250005e-05 5.4931640625e-05
12 0.0007781982421875 0.00059661865234375 2.1362304687500002e-05 4.8828125e-05
12 0.0007827758789062501 0.0006011962890625001 1.8310546875000003e-05 4.8828125e-05
12 0.0008529663085937501 0.0006072998046875001 2.1362304687500002e-05 5.1879882812500005e-05
12 0.0008514404296875001 0.0005958557128906251 1.8310546875000003e-05 4.730224609375e-05
12 0.0009140014648437501 0.0006164550781250001 2.44140625e-05 5.1879882812500005e-05
12 0.0009162902832031251 0.000609588623046875 1.678466796875e-05 4.730224609375e-05
12 0.001039886474609375 0.0006797790527343751 2.288818359375e-05 4.119873046875e-05
12 0.0010429382324218751 0.000705718994140625 2.5939941406250003e-05 6.561279296875e-05
12 0.001107025146484375 0.0006660461425781251 2.288818359375e-05 6.256103515625001e-05
12 0.001105499267578125 0.0006439208984375 1.983642578125e-05 3.96728515625e-05
8 0.001239776611328125 0.0007843017578125001 0.00012359619140625 7.019042968750001e-05
8 0.001407623291015625 0.000797271728515625 0.00013275146484375002 0.00010223388671875