8 0.0003841145833333333 0.0012968750000000003 0.0003841145833333333 0.0010572916666666669
14 0.00039225260416666667 0.0012395833333333336 0.0003873697916666667 0.0009661458333333335
8 0.0005566406250000001 0.0008385416666666668 8.463541666666667e-05 0.00011197916666666668
8 0.0010302734375000002 0.0013046875000000003 0.0005224609375 0.0006640625000000002
12 0.0005631510416666667 0.0005260416666666667 2.9296875e-05 0.00010937500000000002
10 0.0007600911458333333 0.00042447916666666675 3.743489583333333e-05 0.00010156250000000001
8 0.0011458333333333333 0.0008489583333333335 0.0001904296875 0.000125
8 0.0011555989583333333 0.0008385416666666667 0.00017252604166666667 0.00011458333333333334
10 0.0010319010416666666 0.0006223958333333334 3.092447916666667e-05 7.812500000000002e-05
8 0.0012239583333333334 0.0008098958333333334 0.00013346354166666669 9.114583333333334e-05
8 0.0015592447916666667 0.0011927083333333334 0.00044108072916666666 0.0005390625
11 0.0015592447916666667 0.0004479166666666667 3.092447916666667e-05 0.0001744791666666667