8 0.000258636474609375 0.0009796142578125 0.00025787353515625003 0.000213623046875
9 0.0009002685546875 0.00088653564453125 2.74658203125e-05 0.000128173828125
9 0.0008636474609375 0.0008567810058593751 2.1362304687500002e-05 9.918212890625e-05
9 0.0008323669433593751 0.0008544921875 1.983642578125e-05 9.1552734375e-05
8 0.000769805908203125 0.0013366699218750001 0.0005081176757812501 0.000640869140625
12 0.00045318603515625004 0.0004730224609375 3.0517578125e-05 8.544921875000001e-05
12 0.0006240844726562501 0.000495147705078125 2.44140625e-05 9.307861328125001e-05
12 0.0008934020996093751 0.00067901611328125 2.5939941406250003e-05 8.544921875000001e-05
8 0.001155853271484375 0.000904083251953125 0.00027008056640625 0.00015411376953125002
7 0.001276397705078125 0.00089263916015625 9.918212890625e-05 0.00015563964843750002
8 0.0015617370605468751 0.00088043212890625 0.00013885498046875 0.0001373291015625