8 0.0015617370605468751 0.0013519287109375001 0.00027008056640625 0.0007904052734375001
8 0.00013580322265625 0.0011795043945312502 0.00013427734375 0.00044860839843750003
8 0.000432586669921875 0.0008544921875 0.00015716552734375 0.00010375976562500001
8 0.000476837158203125 0.00082550048828125 4.4250488281250005e-05 8.850097656250001e-05
8 0.000732421875 0.000945281982421875 0.00016174316406250002 0.00021820068359375
9 0.0008110046386718751 0.0008644104003906251 2.5939941406250003e-05 0.00013275146484375002
9 0.0008148193359375001 0.00086517333984375 2.44140625e-05 0.0001220703125
9 0.0008438110351562501 0.0008666992187500001 3.0517578125e-05 0.0001220703125
9 0.000848388671875 0.0008491516113281251 2.44140625e-05 0.00011444091796875
9 0.0009506225585937501 0.00084686279296875 3.35693359375e-05 0.0001068115234375
9 0.000972747802734375 0.0008590698242187501 2.288818359375e-05 0.00014038085937500002
9 0.00100250244140625 0.000853729248046875 1.8310546875000003e-05 0.00013580322265625
9 0.00103302001953125 0.000850677490234375 2.1362304687500002e-05 0.00012969970703125
9 0.001262664794921875 0.000890350341796875 6.256103515625001e-05 0.00014801025390625002