9 0.001514434814453125 0.00077362060546875 3.204345703125e-05 9.765625e-05
8 0.000249481201171875 0.000835418701171875 8.087158203125001e-05 9.613037109375001e-05
8 0.000389862060546875 0.0008300781250000001 9.307861328125001e-05 8.544921875000001e-05
8 0.00039520263671875003 0.000835418701171875 9.765625e-05 9.307861328125001e-05
8 0.00046539306640625 0.0008300781250000001 7.324218750000001e-05 0.00010375976562500001
8 0.00046768188476562503 0.00081787109375 6.866455078125e-05 8.544921875000001e-05
11 0.000428009033203125 0.000457763671875 2.5939941406250003e-05 7.324218750000001e-05
11 0.00043182373046875 0.00044479370117187503 2.74658203125e-05 7.781982421875001e-05
8 0.0005706787109375 0.0007995605468750001 4.8828125e-05 5.7983398437500004e-05
11 0.0006889343261718751 0.000492095947265625 2.8991699218750002e-05 9.307861328125001e-05
11 0.00094757080078125 0.000640106201171875 2.44140625e-05 5.9509277343750005e-05
9 0.001049041748046875 0.0008026123046875 2.5939941406250003e-05 0.00010986328125
9 0.0010498046875 0.000791168212890625 2.1362304687500002e-05 9.307861328125001e-05
9 0.0010696411132812501 0.0008026123046875 2.1362304687500002e-05 0.00010375976562500001