10 0.0002593994140625 0.0002471923828125 0.0002593994140625 0.0002471923828125
8 0.000171661376953125 0.0008438110351562501 8.392333984375e-05 7.019042968750001e-05
8 0.00016632080078125 0.0008705139160156251 5.7983398437500004e-05 8.087158203125001e-05
8 0.000179290771484375 0.00080413818359375 6.561279296875e-05 4.8828125e-05
8 0.000347137451171875 0.000835418701171875 0.00016021728515625 9.918212890625e-05
8 0.000502777099609375 0.0008796691894531251 0.00015716552734375 0.00013275146484375002
8 0.00061187744140625 0.000859832763671875 0.0001129150390625 0.00011749267578125
8 0.0007080078125000001 0.0008094787597656251 5.4931640625e-05 6.256103515625001e-05
8 0.0007041931152343751 0.0008071899414062501 4.4250488281250005e-05 5.4931640625e-05
8 0.0007637023925781251 0.0008094787597656251 5.0354003906250004e-05 6.561279296875e-05
8 0.00086517333984375 0.00079345703125 3.35693359375e-05 6.7138671875e-05
8 0.0008720397949218751 0.0007942199707031251 4.119873046875e-05 6.561279296875e-05
8 0.000905609130859375 0.000804901123046875 4.4250488281250005e-05 7.476806640625e-05
10 0.000907135009765625 0.0006111145019531251 3.814697265625e-05 9.613037109375001e-05
8 0.0009216308593750001 0.0008071899414062501 2.74658203125e-05 8.850097656250001e-05
8 0.0009620666503906251 0.000798797607421875 5.340576171875e-05 7.476806640625e-05
8 0.00096893310546875 0.0008071899414062501 5.1879882812500005e-05 7.324218750000001e-05
8 0.001018524169921875 0.000820159912109375 5.9509277343750005e-05 0.00010223388671875
10 0.0010314941406250001 0.00059051513671875 2.44140625e-05 6.7138671875e-05
11 0.001146697998046875 0.000690460205078125 2.5939941406250003e-05 7.781982421875001e-05
12 0.0012901306152343752 0.00021133422851562502 7.781982421875001e-05 0.00018157958984375
10 0.0012710571289062502 0.00019073486328125 4.2724609375000004e-05 0.00014648437500000002
8 0.00140380859375 0.000885009765625 0.00011596679687500001 0.00017700195312500002
8 0.001525115966796875 0.000797271728515625 0.00011444091796875 9.918212890625e-05
9 0.0015167236328125 0.0008262634277343751 3.96728515625e-05 0.00015106201171875
9 0.001528167724609375 0.00079345703125 3.5095214843750004e-05 0.0001220703125