8 0.000390625 0.0008880208333333334 8.138020833333334e-05 0.00011979166666666669
8 0.0003938802083333333 0.0008697916666666668 7.975260416666667e-05 9.635416666666668e-05
12 0.00046386718750000003 0.0007343750000000001 2.9296875e-05 7.031250000000001e-05
12 0.0004654947916666667 0.0007473958333333334 3.092447916666667e-05 8.333333333333334e-05
8 0.000615234375 0.0008723958333333334 6.998697916666667e-05 0.00010677083333333335
8 0.0007633463541666667 0.0009687500000000002 0.000166015625 0.00020312500000000002
8 0.0007698567708333333 0.0007838541666666667 0.00015299479166666668 0.00017968750000000002
14 0.000751953125 0.0008203125000000001 0.000126953125 0.00019270833333333336
11 0.0007145182291666667 0.0005546875000000001 4.2317708333333335e-05 0.00010416666666666667
11 0.0007080078125000001 0.0005442708333333335 2.9296875e-05 7.812500000000002e-05
11 0.000888671875 0.0007109375000000002 2.44140625e-05 7.812500000000002e-05
9 0.0009293619791666668 0.0008619791666666668 4.069010416666667e-05 9.375000000000002e-05
11 0.00109375 0.0005182291666666667 5.859375e-05 0.00011458333333333334
11 0.0010921223958333334 0.0005338541666666667 4.2317708333333335e-05 0.0001354166666666667