8 0.00017822265625 0.0010481770833333335 0.00017740885416666667 0.0002903645833333334
9 0.00019856770833333334 0.0009062500000000002 2.604166666666667e-05 0.00011979166666666669
9 0.00022135416666666668 0.0009088541666666668 2.1158854166666667e-05 0.00010677083333333335
9 0.000244140625 0.0009010416666666667 2.9296875e-05 0.00010416666666666667
11 0.0002913411458333333 0.0007005208333333334 3.255208333333333e-05 9.895833333333334e-05
9 0.0002978515625 0.0009166666666666668 3.255208333333333e-05 0.00011979166666666669
9 0.000302734375 0.0009270833333333335 3.743489583333333e-05 0.00012239583333333335
8 0.0004687500000000001 0.0008984375000000001 9.928385416666667e-05 0.00010677083333333335
8 0.0005680338541666667 0.0008984374999999999 0.00011230468749999999 0.00014583333333333335
8 0.00076171875 0.0011250000000000001 0.00029622395833333334 0.0003489583333333334
8 0.0009684244791666667 0.0009661458333333335 0.0002311197916666667 0.0002421875
11 0.0008121744791666667 0.0006666666666666668 3.092447916666667e-05 0.00010677083333333335
9 0.0009944661458333333 0.0010286458333333335 7.812500000000002e-05 0.00030989583333333336
9 0.0010123697916666666 0.0010026041666666668 4.3945312500000005e-05 0.00031250000000000006
9 0.001083984375 0.0009713541666666668 3.4179687499999996e-05 0.00025
9 0.0011116536458333334 0.00096875 4.069010416666667e-05 0.000265625
9 0.0011458333333333333 0.0009583333333333335 4.8828125e-05 0.00023958333333333337
9 0.0011572265625000003 0.0009765625 5.208333333333334e-05 0.0002708333333333334
8 0.0013720703125000002 0.0008932291666666667 0.00016438802083333333 0.00016145833333333336
8 0.0013639322916666665 0.0008671875000000001 0.00011881510416666666 0.00012239583333333335