8 8.30078125e-05 0.0009062500000000002 8.30078125e-05 0.00014062500000000002
8 0.00046386718750000003 0.0010755208333333335 0.0004166666666666667 0.00038020833333333336
8 0.0005436197916666666 0.0008229166666666668 4.8828125e-05 6.25e-05
8 0.0006184895833333333 0.0008072916666666668 4.8828125e-05 6.25e-05
11 0.0006852213541666667 0.0006562500000000001 2.9296875e-05 5.208333333333334e-05
8 0.0007649739583333333 0.0008098958333333334 4.720052083333334e-05 6.25e-05
11 0.0007454427083333333 0.0006458333333333334 2.2786458333333334e-05 4.687500000000001e-05
8 0.0008723958333333334 0.0008750000000000001 0.00012044270833333335 0.00015364583333333335
8 0.0009537760416666666 0.0008255208333333334 9.440104166666668e-05 8.333333333333334e-05
8 0.0009488932291666667 0.0008229166666666668 6.835937499999999e-05 8.854166666666667e-05
11 0.0009212239583333334 0.0007057291666666668 2.2786458333333334e-05 4.687500000000001e-05
8 0.0010302734375000002 0.0008229166666666668 7.324218750000001e-05 8.854166666666667e-05
8 0.0014534505208333333 0.0008828125000000001 0.00032552083333333337 0.0002057291666666667