8 0.00030670166015625 0.0008872985839843751 0.0001068115234375 0.00013275146484375002
12 0.00034255981445312504 0.0006507873535156251 3.5095214843750004e-05 7.476806640625e-05
12 0.00034332275390625 0.0006721496582031251 2.74658203125e-05 9.307861328125001e-05
11 0.00037307739257812504 0.000569915771484375 4.119873046875e-05 0.00010223388671875
11 0.00036544799804687504 0.0005706787109375 2.8991699218750002e-05 5.7983398437500004e-05
8 0.0004852294921875 0.000913238525390625 0.00014038085937500002 0.00014801025390625002
8 0.000566864013671875 0.000861358642578125 6.866455078125e-05 7.781982421875001e-05
8 0.0006530761718750001 0.000853729248046875 5.4931640625e-05 7.781982421875001e-05
11 0.0006546020507812501 0.000514984130859375 3.35693359375e-05 7.476806640625e-05
11 0.000659942626953125 0.000510406494140625 3.814697265625e-05 0.00010223388671875
11 0.000865936279296875 0.0006683349609375001 2.288818359375e-05 6.7138671875e-05
11 0.000873565673828125 0.00066375732421875 2.5939941406250003e-05 6.7138671875e-05
12 0.0010734558105468751 0.000705718994140625 4.119873046875e-05 5.9509277343750005e-05
8 0.0014808654785156252 0.00091705322265625 0.00030364990234375003 0.0001953125