8 0.0015594482421875 0.0014984130859375 0.000482177734375 0.0007995605468750001
8 0.00023422241210937502 0.001019287109375 0.00023345947265625 0.0002349853515625
8 0.000408172607421875 0.000934600830078125 0.00012359619140625 0.00011749267578125
8 0.000476837158203125 0.000907135009765625 7.781982421875001e-05 0.00010223388671875
8 0.00053253173828125 0.000875091552734375 6.7138671875e-05 8.087158203125001e-05
8 0.000547027587890625 0.0008705139160156251 2.8991699218750002e-05 8.392333984375e-05
8 0.000579071044921875 0.0008590698242187501 4.4250488281250005e-05 7.019042968750001e-05
8 0.000655364990234375 0.0008567810058593751 5.0354003906250004e-05 5.9509277343750005e-05
8 0.000843048095703125 0.000904083251953125 5.645751953125e-05 0.00013580322265625
8 0.000876617431640625 0.0009506225585937501 5.340576171875e-05 0.000225830078125
8 0.0010589599609375 0.001015472412109375 0.0002105712890625 0.00029449462890625
8 0.0011955261230468751 0.00112762451171875 0.00020294189453125 0.00037231445312500003