14 0.00036214192708333335 0.0010651041666666669 0.000361328125 0.00041796875000000005
8 0.0005240885416666666 0.0009531250000000002 0.00015299479166666668 0.00014062500000000002
8 0.0005810546875 0.0009114583333333335 7.486979166666666e-05 9.375000000000002e-05
8 0.0008089192708333334 0.0008776041666666667 9.602864583333333e-05 8.593750000000001e-05
12 0.0007698567708333333 0.0007916666666666668 2.2786458333333334e-05 7.031250000000001e-05
8 0.0009440104166666667 0.0008932291666666668 8.138020833333334e-05 0.00011197916666666668
12 0.0009733072916666666 0.0006484375000000001 1.46484375e-05 5.208333333333334e-05
11 0.0010791015625 0.0006432291666666667 1.9531250000000004e-05 6.510416666666668e-05
11 0.0011555989583333333 0.0006692708333333333 1.7903645833333333e-05 7.291666666666667e-05
8 0.0012711588541666667 0.0008671874999999999 0.00011393229166666668 8.333333333333334e-05
11 0.0013118489583333335 0.0007161458333333334 1.9531250000000004e-05 6.510416666666668e-05