10 0.0002593994140625 0.0002471923828125 0.0002593994140625 0.0002471923828125
8 0.000171661376953125 0.0008438110351562501 8.392333984375e-05 7.019042968750001e-05
8 0.0001678466796875 0.000875091552734375 5.7983398437500004e-05 8.087158203125001e-05
8 0.000179290771484375 0.00080413818359375 6.561279296875e-05 4.8828125e-05
8 0.000351715087890625 0.000835418701171875 0.00016021728515625 9.918212890625e-05
8 0.00054168701171875 0.0008872985839843751 0.0001495361328125 0.00012969970703125
8 0.00067291259765625 0.000846099853515625 0.0001129150390625 0.00011749267578125
8 0.000714874267578125 0.00081024169921875 4.4250488281250005e-05 5.4931640625e-05
8 0.0007293701171875001 0.0008018493652343751 5.4931640625e-05 6.256103515625001e-05
8 0.000768280029296875 0.000804901123046875 5.0354003906250004e-05 6.561279296875e-05
8 0.0008949279785156251 0.000800323486328125 4.119873046875e-05 6.561279296875e-05
8 0.0008895874023437501 0.0008071899414062501 3.0517578125e-05 6.7138671875e-05
10 0.000907135009765625 0.0006111145019531251 3.814697265625e-05 9.613037109375001e-05
8 0.0009407043457031251 0.000820159912109375 5.9509277343750005e-05 8.087158203125001e-05
8 0.0009368896484375001 0.00079498291015625 4.8828125e-05 5.4931640625e-05
8 0.001024627685546875 0.0008285522460937501 7.781982421875001e-05 0.00010375976562500001
8 0.001015472412109375 0.000798797607421875 6.561279296875e-05 7.476806640625e-05
8 0.0011230468750000001 0.0008697509765625 0.00012512207031250002 0.00016174316406250002
10 0.0010314941406250001 0.00059051513671875 2.44140625e-05 6.7138671875e-05
11 0.001146697998046875 0.0006874084472656251 2.5939941406250003e-05 7.476806640625e-05
9 0.001209259033203125 0.000820159912109375 3.814697265625e-05 0.00010223388671875
12 0.0012901306152343752 0.00021133422851562502 7.781982421875001e-05 0.00018157958984375
10 0.0012710571289062502 0.00019073486328125 4.2724609375000004e-05 0.00014648437500000002
8 0.0013977050781250001 0.000885009765625 0.00011596679687500001 0.00017700195312500002
9 0.001456451416015625 0.0008148193359375001 3.5095214843750004e-05 0.0001220703125
9 0.00146484375 0.000830841064453125 3.96728515625e-05 0.00015106201171875