8 0.000247955322265625 0.000909423828125 0.00012054443359375 0.000128173828125
8 0.00031585693359375004 0.00089569091796875 7.324218750000001e-05 0.00010375976562500001
8 0.00077362060546875 0.0013511657714843752 0.0005157470703125001 0.0006607055664062501
12 0.0004547119140625 0.000484466552734375 3.35693359375e-05 0.00010223388671875
12 0.0006256103515625 0.000505828857421875 3.35693359375e-05 0.00011444091796875
9 0.0008209228515625001 0.0008796691894531251 7.324218750000001e-05 0.00011749267578125
9 0.000789642333984375 0.000882720947265625 2.8991699218750002e-05 0.00011749267578125
7 0.0008224487304687501 0.0008857727050781251 5.1879882812500005e-05 0.00011444091796875
9 0.0008361816406250001 0.000867462158203125 2.44140625e-05 0.00011138916015625001
9 0.000872802734375 0.000888824462890625 2.74658203125e-05 0.00011749267578125
12 0.000899505615234375 0.000693511962890625 3.814697265625e-05 0.00010223388671875
9 0.0008987426757812501 0.000888824462890625 3.0517578125e-05 0.00011749267578125
8 0.0011535644531250001 0.000909423828125 0.0002410888671875 0.0001434326171875
7 0.001053619384765625 0.000798797607421875 3.5095214843750004e-05 4.4250488281250005e-05
9 0.001407623291015625 0.001025390625 0.00011444091796875 0.00033874511718750004
9 0.0014091491699218751 0.0010238647460937501 0.00011444091796875 0.00033874511718750004
8 0.0015609741210937502 0.0008872985839843751 7.324218750000001e-05 0.00015106201171875