8 0.00026397705078125 0.0008605957031250001 0.0001434326171875 0.0001373291015625
8 0.00015716552734375 0.000930023193359375 0.00015563964843750002 0.00026092529296875
8 0.0015609741210937502 0.0011154174804687501 0.000457763671875 0.0005096435546875
8 0.00046386718750000003 0.0008491516113281251 0.00010375976562500001 0.00011138916015625001
8 0.00045623779296875003 0.0008209228515625001 7.62939453125e-05 7.019042968750001e-05
8 0.000543975830078125 0.00082550048828125 7.781982421875001e-05 0.00010375976562500001
8 0.0005310058593750001 0.00079345703125 5.4931640625e-05 6.7138671875e-05
12 0.0005043029785156251 0.0007194519042968751 1.983642578125e-05 4.730224609375e-05
8 0.000684356689453125 0.000804901123046875 4.730224609375e-05 7.781982421875001e-05
12 0.00069732666015625 0.000640106201171875 2.1362304687500002e-05 4.119873046875e-05
8 0.000737762451171875 0.0007995605468750001 5.340576171875e-05 7.324218750000001e-05
11 0.000759124755859375 0.000655364990234375 2.288818359375e-05 4.119873046875e-05
11 0.0008743286132812501 0.0007217407226562501 2.44140625e-05 3.6621093750000005e-05
8 0.000896453857421875 0.000835418701171875 3.5095214843750004e-05 0.00011749267578125
8 0.00098419189453125 0.000836944580078125 0.0001068115234375 0.00010223388671875
8 0.000970458984375 0.0008590698242187501 8.850097656250001e-05 0.00012512207031250002
11 0.000913238525390625 0.000716400146484375 1.983642578125e-05 4.119873046875e-05
8 0.001178741455078125 0.00096893310546875 0.00018157958984375 0.0002838134765625
8 0.001116943359375 0.0009819030761718751 0.00011901855468750001 0.00032806396484375