8 0.00081787109375 0.0007786458333333334 3.0110677083333337e-05 2.8645833333333336e-05
8 0.0007820638020833333 0.0007760416666666667 4.150390625e-05 2.604166666666667e-05
8 0.0007161458333333334 0.0007760416666666667 1.5462239583333335e-05 2.0833333333333336e-05
8 0.0005305989583333333 0.0008033854166666667 7.649739583333334e-05 4.4270833333333337e-05
8 0.0004117838541666667 0.0008411458333333334 0.00010091145833333333 0.00010677083333333335
8 0.0004606119791666667 0.0008177083333333334 8.138020833333334e-05 5.729166666666667e-05
8 0.0006461588541666666 0.0008958333333333334 0.00013509114583333334 0.00016406250000000004
9 0.0009114583333333335 0.0008151041666666668 2.7669270833333335e-05 9.895833333333334e-05
8 0.0012825520833333335 0.0007473958333333334 3.092447916666667e-05 4.947916666666667e-05
8 0.0014306640625 0.0007552083333333334 7.324218750000001e-05 5.729166666666667e-05
8 0.001513671875 0.0007526041666666667 8.138020833333334e-05 6.510416666666668e-05