8 0.0015609741210937502 0.0015617370605468751 0.00052490234375 0.00084686279296875
8 0.00042648315429687504 0.0010047912597656251 0.00025177001953125 0.00029144287109375
8 0.00039215087890625004 0.000983428955078125 0.0002044677734375 0.00025482177734375
8 0.00052642822265625 0.0008880615234375 7.019042968750001e-05 8.544921875000001e-05
8 0.0005218505859375 0.0008720397949218751 5.1879882812500005e-05 6.256103515625001e-05
8 0.00075531005859375 0.0008880615234375 7.62939453125e-05 0.00010986328125
8 0.0007423400878906251 0.0008666992187500001 5.645751953125e-05 6.7138671875e-05
8 0.0007980346679687501 0.0009368896484375001 4.8828125e-05 0.00015869140625
8 0.00088043212890625 0.000966644287109375 0.00012512207031250002 0.00020294189453125
8 0.001082611083984375 0.00103607177734375 0.00027618408203125 0.0002685546875
8 0.00108795166015625 0.001049041748046875 0.0002777099609375 0.00030670166015625