9 0.00022048950195312502 0.000897979736328125 3.814697265625e-05 0.00015411376953125002
9 0.00021820068359375 0.0008895874023437501 3.35693359375e-05 0.0001373291015625
9 0.00024566650390625 0.0008941650390625 2.74658203125e-05 0.00014648437500000002
9 0.000263214111328125 0.000888824462890625 2.288818359375e-05 0.00010223388671875
14 0.000461578369140625 0.0009140014648437501 0.00021209716796875 0.00025024414062500003
14 0.0006134033203125 0.000885009765625 0.0001312255859375 0.0002471923828125
8 0.00072479248046875 0.000861358642578125 8.850097656250001e-05 0.00011138916015625001
7 0.000787353515625 0.000882720947265625 4.57763671875e-05 0.00013580322265625
9 0.001099395751953125 0.000815582275390625 3.204345703125e-05 0.00011444091796875
9 0.00112152099609375 0.000787353515625 4.2724609375000004e-05 9.1552734375e-05
9 0.00111846923828125 0.000791168212890625 3.0517578125e-05 9.613037109375001e-05
9 0.00113983154296875 0.0007843017578125001 3.0517578125e-05 9.1552734375e-05
9 0.00117034912109375 0.000797271728515625 3.96728515625e-05 0.00011444091796875
9 0.0013130187988281252 0.000827789306640625 5.645751953125e-05 0.00014801025390625002
8 0.0013641357421875 0.0008186340332031251 7.019042968750001e-05 6.561279296875e-05
8 0.0015594482421875 0.0008338928222656251 0.00012512207031250002 7.781982421875001e-05