8 0.0002001953125 0.0012421875000000002 0.0002001953125 0.0005078125
14 0.0002278645833333333 0.0008750000000000001 0.00022298177083333333 0.00020052083333333337
8 0.00027832031250000003 0.0009270833333333335 7.812500000000002e-05 0.00010156250000000001
8 0.0007194010416666667 0.0013593750000000001 0.0005159505208333333 0.0006614583333333333
12 0.0005452473958333335 0.0004401041666666667 3.255208333333333e-05 0.00010416666666666667
12 0.0007421875 0.00048697916666666665 3.092447916666667e-05 0.00010156250000000001
14 0.0007698567708333333 0.0008515625000000001 5.859375e-05 0.00011979166666666669
9 0.0008447265625000001 0.0008958333333333336 5.208333333333334e-05 0.0001432291666666667
9 0.0008154296875 0.0008958333333333334 2.2786458333333334e-05 0.0001354166666666667
12 0.0010205078125 0.0006692708333333333 3.580729166666667e-05 9.895833333333334e-05
8 0.0015608723958333334 0.0013854166666666667 0.000361328125 0.0010390625