8 0.00024261474609375 0.000890350341796875 0.0001220703125 9.918212890625e-05
8 0.000249481201171875 0.0008987426757812501 0.00012664794921875 0.00010986328125
8 0.00040435791015625 0.0008720397949218751 7.9345703125e-05 0.00011138916015625001
8 0.000408935546875 0.00086212158203125 7.9345703125e-05 8.544921875000001e-05
8 0.0006187438964843751 0.000882720947265625 9.613037109375001e-05 0.00012969970703125
8 0.0007919311523437501 0.000966644287109375 0.000164794921875 0.00020294189453125
14 0.0007713317871093751 0.00082550048828125 0.00012664794921875 0.00019226074218750002
8 0.0007804870605468751 0.00077056884765625 0.00013580322265625 0.0001373291015625
11 0.000745391845703125 0.0006378173828125001 3.814697265625e-05 7.019042968750001e-05
8 0.00095367431640625 0.0008705139160156251 0.0001434326171875 0.00012054443359375
11 0.0009178161621093751 0.000684356689453125 3.204345703125e-05 7.476806640625e-05