8 0.00016937255859375002 0.0007781982421875 6.7138671875e-05 7.019042968750001e-05
9 0.000264739990234375 0.0008026123046875 2.5939941406250003e-05 9.1552734375e-05
8 0.0004852294921875 0.000798797607421875 5.7983398437500004e-05 7.781982421875001e-05
9 0.000514984130859375 0.0007781982421875 1.983642578125e-05 7.019042968750001e-05
8 0.00062103271484375 0.0007781982421875 4.8828125e-05 6.7138671875e-05
8 0.000730133056640625 0.00084075927734375 0.00012664794921875 0.00017700195312500002
8 0.00070953369140625 0.0008209228515625001 9.1552734375e-05 0.000128173828125
8 0.000743865966796875 0.0007598876953125001 4.119873046875e-05 4.8828125e-05
8 0.000798797607421875 0.0007575988769531251 4.4250488281250005e-05 5.9509277343750005e-05
9 0.000998687744140625 0.00077362060546875 2.8991699218750002e-05 8.850097656250001e-05
8 0.001194000244140625 0.000789642333984375 0.00017547607421875 0.00012054443359375