8 0.0003873697916666667 0.0012994791666666669 0.0003873697916666667 0.0010572916666666669
14 0.0003938802083333333 0.0012395833333333336 0.00038899739583333337 0.0009661458333333335
8 0.0005566406250000001 0.0008333333333333334 8.30078125e-05 0.00010677083333333335
8 0.0010319010416666666 0.0013072916666666669 0.0005208333333333333 0.0006666666666666668
12 0.0005631510416666667 0.0005260416666666667 2.9296875e-05 0.00010937500000000002
10 0.0007584635416666667 0.0004270833333333334 3.580729166666667e-05 0.00010416666666666667
7 0.0010498046875 0.0008385416666666667 5.696614583333334e-05 0.0001354166666666667
10 0.0010302734375 0.0006197916666666667 3.092447916666667e-05 7.552083333333335e-05
8 0.001259765625 0.0008463541666666667 0.00018880208333333336 0.00013020833333333336
8 0.0012516276041666667 0.0008437500000000001 0.0001806640625 0.00011979166666666669
8 0.0015592447916666667 0.0011927083333333334 0.000439453125 0.0005390625
11 0.0015592447916666667 0.00044270833333333337 3.255208333333333e-05 0.0001666666666666667