8 6.4849853515625e-05 0.0007843017578125001 5.0354003906250004e-05 5.7983398437500004e-05
8 0.000145721435546875 0.0008132934570312501 9.307861328125001e-05 9.1552734375e-05
8 0.00027618408203125 0.000806427001953125 9.1552734375e-05 0.00011138916015625001
8 0.000374603271484375 0.000791168212890625 6.866455078125e-05 9.307861328125001e-05
12 0.0006439208984375 0.0005043029785156251 3.0517578125e-05 7.476806640625e-05
8 0.0008872985839843751 0.0009445190429687501 0.00019683837890625 0.000244140625
12 0.000798797607421875 0.000514984130859375 1.983642578125e-05 8.087158203125001e-05
12 0.0009712219238281251 0.0005577087402343751 2.8991699218750002e-05 9.613037109375001e-05
8 0.0013290405273437501 0.0009735107421875001 0.0003326416015625 0.00032348632812500004
12 0.001120758056640625 0.000653839111328125 2.5939941406250003e-05 7.781982421875001e-05
12 0.001451873779296875 0.0005500793457031251 4.730224609375e-05 0.00016937255859375002