8 0.00150634765625 0.0008541666666666668 0.00024495442708333335 0.00014062500000000002
8 0.00036214192708333335 0.0011770833333333336 0.000361328125 0.0005963541666666668
8 0.00041015625000000004 0.0008072916666666668 8.30078125e-05 5.9895833333333344e-05
8 0.00041341145833333334 0.0008125000000000001 8.463541666666667e-05 7.031250000000001e-05
8 0.00046875 0.0008281250000000001 6.835937499999999e-05 6.510416666666668e-05
8 0.00047037760416666674 0.0008203125000000001 5.696614583333334e-05 5.9895833333333344e-05
8 0.0005908203125000001 0.0008046875000000001 5.371093750000001e-05 6.25e-05
8 0.0006998697916666667 0.0008281250000000001 8.951822916666667e-05 0.00011979166666666669
8 0.0007259114583333333 0.0007994791666666668 5.533854166666667e-05 7.812500000000002e-05
8 0.0007975260416666667 0.0007760416666666667 3.255208333333333e-05 3.385416666666667e-05
8 0.0009667968750000001 0.0008463541666666667 9.27734375e-05 0.00013020833333333336
8 0.001259765625 0.0009687500000000002 0.00025716145833333336 0.0002447916666666667