8 0.00015950520833333333 0.0009166666666666669 0.00015787760416666668 0.00015364583333333335
8 0.00016764322916666666 0.0009270833333333335 8.951822916666667e-05 0.00014583333333333335
8 0.00025227864583333336 0.0009114583333333335 9.440104166666668e-05 9.895833333333334e-05
8 0.0002506510416666667 0.0009270833333333335 8.789062500000001e-05 0.00011718750000000002
8 0.00029296875000000004 0.0008880208333333334 4.069010416666667e-05 8.593750000000001e-05
8 0.0005729166666666667 0.0009505208333333335 0.00012858072916666668 0.00017187500000000002
14 0.00111328125 0.0008828125000000001 0.0004850260416666667 0.0002786458333333334
14 0.0010807291666666667 0.0008854166666666667 0.000419921875 0.00026302083333333337
8 0.0010660807291666666 0.0009036458333333334 7.324218750000001e-05 0.00013802083333333334
8 0.0012190755208333333 0.0008828125000000001 0.00010416666666666667 0.000125
8 0.0012158203125 0.0009088541666666668 8.789062500000001e-05 0.00015885416666666668