8 0.00032877604166666667 0.0009713541666666668 0.00021484375000000003 0.00019270833333333336
8 0.00032389322916666667 0.0009869791666666668 0.00020345052083333337 0.00020833333333333335
14 0.000556640625 0.0009010416666666667 0.00015950520833333333 0.0002708333333333334
14 0.0005631510416666667 0.0008880208333333334 0.00016276041666666668 0.0002708333333333334
8 0.0005794270833333333 0.0008489583333333334 3.743489583333333e-05 6.25e-05
8 0.0005940755208333334 0.0008437500000000001 2.7669270833333335e-05 5.468750000000001e-05
8 0.0006168619791666667 0.0008333333333333334 2.7669270833333335e-05 4.4270833333333337e-05
8 0.0008105468750000001 0.0008619791666666667 4.2317708333333335e-05 9.895833333333334e-05
8 0.0008414713541666668 0.0008645833333333334 5.208333333333334e-05 8.333333333333334e-05
8 0.0009130859375 0.0009010416666666669 9.602864583333333e-05 0.00012239583333333335
8 0.0009163411458333334 0.0009140624999999999 9.440104166666668e-05 0.0001432291666666667
8 0.001005859375 0.0009661458333333335 0.00011067708333333334 0.00020833333333333335
8 0.0009879557291666665 0.0009687500000000002 8.789062500000001e-05 0.0002135416666666667
8 0.0013671875000000001 0.0010833333333333335 0.000419921875 0.0004322916666666667
8 0.001357421875 0.0010546875 0.000400390625 0.0003854166666666667