8 0.0015616861979166668 0.0012395833333333336 0.0003759765625 0.0006419270833333334
8 0.00013590494791666666 0.0008593750000000001 0.00013509114583333334 0.0001744791666666667
8 0.00027018229166666667 0.0008828125000000001 0.00015950520833333333 0.000125
11 0.0004964192708333334 0.0006744791666666668 2.9296875e-05 5.9895833333333344e-05
11 0.0005110677083333333 0.0006614583333333335 3.092447916666667e-05 9.375000000000002e-05
8 0.0007242838541666667 0.0008072916666666668 5.533854166666667e-05 8.072916666666668e-05
8 0.0008593750000000001 0.0007994791666666668 4.8828125e-05 6.770833333333334e-05
11 0.0009179687500000001 0.0005026041666666667 3.4179687499999996e-05 8.854166666666667e-05
11 0.0009147135416666668 0.0005130208333333333 2.9296875e-05 4.947916666666667e-05
8 0.001025390625 0.0008229166666666668 7.486979166666666e-05 0.00011197916666666668
11 0.0010921223958333334 0.0006614583333333333 2.2786458333333334e-05 9.114583333333334e-05
11 0.0012890625 0.0005598958333333334 3.906250000000001e-05 0.00015885416666666668
11 0.0012890625 0.000546875 3.255208333333333e-05 8.333333333333334e-05