8 0.0002718098958333333 0.001 0.00019368489583333336 0.0002174479166666667
9 0.0002766927083333334 0.0008697916666666667 2.44140625e-05 5.468750000000001e-05
12 0.0002766927083333334 0.0007734375000000001 2.2786458333333334e-05 7.031250000000001e-05
8 0.00037923177083333336 0.0009322916666666668 5.696614583333334e-05 0.00012239583333333335
8 0.0005159505208333333 0.0009791666666666668 0.0001611328125 0.00020833333333333335
8 0.0005517578125000001 0.0008645833333333335 4.2317708333333335e-05 5.208333333333334e-05
12 0.0005777994791666667 0.0005963541666666668 1.9531250000000004e-05 8.593750000000001e-05
11 0.0007259114583333334 0.0005703125000000001 2.1158854166666667e-05 7.812500000000002e-05
8 0.0008333333333333334 0.0008932291666666668 8.789062500000001e-05 9.375000000000002e-05
11 0.00083984375 0.0006093750000000001 2.44140625e-05 7.031250000000001e-05
11 0.0012272135416666668 0.0006302083333333334 4.2317708333333335e-05 0.00011458333333333334