8 0.0015616861979166668 0.0011223958333333335 0.00037841796875 0.0003919270833333334
8 0.00029134114583333334 0.0009739583333333333 0.00015950520833333333 0.00019270833333333336
8 0.00029785156250000005 0.0009531250000000002 0.00016438802083333333 0.00018750000000000003
8 0.0003580729166666667 0.0009348958333333335 7.324218750000001e-05 0.00012239583333333335
8 0.0003629557291666667 0.0009427083333333335 7.161458333333333e-05 0.0001328125
8 0.00041829427083333334 0.0009010416666666669 8.951822916666667e-05 0.00010937500000000002
8 0.00042317708333333335 0.0009114583333333335 8.30078125e-05 0.00010937500000000002
8 0.00045572916666666673 0.0008906250000000001 5.371093750000001e-05 0.00011197916666666668
8 0.0004931640625000001 0.0008854166666666668 5.0455729166666666e-05 9.114583333333334e-05
8 0.0005550130208333334 0.0008619791666666668 6.34765625e-05 8.072916666666668e-05
8 0.0008268229166666667 0.0008567708333333335 5.0455729166666666e-05 6.510416666666668e-05
8 0.0008984375000000001 0.0008984375000000001 4.720052083333334e-05 0.00011979166666666669
8 0.0009602864583333333 0.0009296875000000002 6.835937499999999e-05 0.00014062500000000002
8 0.0010384114583333332 0.0009296875 0.00010579427083333334 0.00014843750000000002
8 0.0010481770833333335 0.0009401041666666668 0.00010904947916666668 0.00015364583333333335
8 0.0012076822916666666 0.0009895833333333334 0.0002099609375 0.00023177083333333337
8 0.0012044270833333334 0.0009817708333333334 0.00020507812500000002 0.00020833333333333335