8 0.00039825439453125 0.0009101867675781251 0.00020141601562500002 0.00026397705078125
8 0.0002044677734375 0.00093994140625 0.0001495361328125 0.0001953125
8 0.0005889892578125 0.000846099853515625 9.46044921875e-05 0.00013275146484375002
8 0.0008132934570312501 0.000835418701171875 7.019042968750001e-05 0.00011444091796875
8 0.0009483337402343751 0.000838470458984375 4.4250488281250005e-05 0.00011444091796875
8 0.000994110107421875 0.0008705139160156251 6.256103515625001e-05 0.00016937255859375002
8 0.0010047912597656251 0.000875091552734375 7.171630859375e-05 0.00016937255859375002
8 0.001148223876953125 0.0008880615234375 0.00016326904296875002 0.00014648437500000002
8 0.001107025146484375 0.000914764404296875 0.00012054443359375 0.00018768310546875
8 0.001406097412109375 0.00104522705078125 0.00031585693359375004 0.00034179687500000003
8 0.0014007568359375002 0.000986480712890625 0.00030822753906250004 0.00024261474609375