7 0.00011230468749999999 0.0009088541666666669 5.371093750000001e-05 0.00010937500000000002
12 9.765625e-05 0.0007343750000000001 3.743489583333333e-05 9.114583333333334e-05
7 9.27734375e-05 0.0009010416666666667 2.604166666666667e-05 0.00010416666666666667
9 0.00014485677083333334 0.0009036458333333334 3.743489583333333e-05 0.000125
9 0.0001513671875 0.0009062500000000002 4.069010416666667e-05 0.00011979166666666669
7 0.00013346354166666666 0.0008932291666666668 1.6276041666666666e-05 0.00010677083333333335
8 0.00033691406250000003 0.0008776041666666667 0.00013671874999999999 0.00011458333333333334
14 0.0003352864583333333 0.0008802083333333334 0.00012858072916666668 0.00013020833333333336
14 0.00041341145833333334 0.0008437500000000001 8.789062500000001e-05 8.854166666666667e-05
8 0.00043131510416666665 0.0008515625000000001 9.765625e-05 9.114583333333334e-05
8 0.0004248046875 0.0008723958333333334 8.951822916666667e-05 7.552083333333335e-05
9 0.00046386718750000003 0.0008593750000000001 3.743489583333333e-05 0.00011458333333333334
14 0.0005891927083333334 0.0008671875000000001 0.00015625000000000003 0.0002291666666666667
8 0.000634765625 0.0008359375000000001 5.0455729166666666e-05 5.468750000000001e-05
8 0.0007031250000000001 0.0008307291666666667 5.533854166666667e-05 5.468750000000001e-05
8 0.0006982421875 0.0008203125000000001 4.3945312500000005e-05 4.687500000000001e-05
12 0.0007161458333333334 0.0005546875000000001 3.092447916666667e-05 9.375000000000002e-05
8 0.0007486979166666666 0.0008333333333333335 4.3945312500000005e-05 6.25e-05
12 0.0008284505208333333 0.0005598958333333335 3.743489583333333e-05 0.00010156250000000001
8 0.0008968098958333334 0.0008437500000000001 6.835937499999999e-05 7.031250000000001e-05
12 0.0010416666666666667 0.0006953125000000001 3.580729166666667e-05 0.00010416666666666667
8 0.0015592447916666667 0.0012760416666666666 0.0003759765625 0.0007057291666666668
8 0.0015592447916666667 0.0012135416666666666 0.00036458333333333335 0.0006250000000000001