9 0.00107666015625 0.0008906250000000001 3.6621093750000005e-05 0.00019270833333333336
8 0.00035481770833333334 0.0008697916666666668 0.00019694010416666666 0.00012239583333333335
8 0.000419921875 0.0008463541666666667 5.533854166666667e-05 0.00011458333333333334
8 0.0004606119791666667 0.0008255208333333334 3.580729166666667e-05 9.114583333333334e-05
8 0.0004947916666666667 0.0008177083333333334 3.255208333333333e-05 8.593750000000001e-05
8 0.0005257161458333334 0.0008072916666666668 2.9296875e-05 5.729166666666667e-05
8 0.0007063802083333334 0.0009401041666666669 0.0001611328125 0.00021875000000000003
8 0.0007194010416666667 0.0008072916666666668 4.557291666666667e-05 7.552083333333335e-05
9 0.0007405598958333333 0.0008203125000000001 1.6276041666666666e-05 8.333333333333334e-05
8 0.0007600911458333333 0.0008151041666666668 2.1158854166666667e-05 8.333333333333334e-05
8 0.0008333333333333334 0.0008463541666666667 6.184895833333334e-05 0.00011458333333333334
9 0.0009830729166666666 0.0008723958333333334 2.2786458333333334e-05 0.00016927083333333334
9 0.0010432942708333334 0.0008828125000000001 2.7669270833333335e-05 0.0001666666666666667
9 0.0011116536458333334 0.0008854166666666667 2.2786458333333334e-05 0.00017968750000000002
9 0.0011946614583333336 0.0008828125000000001 2.2786458333333334e-05 0.00020052083333333337
9 0.0012972005208333334 0.0008828124999999999 3.743489583333333e-05 0.00019010416666666668