14 0.000273895263671875 0.000875091552734375 0.00024566650390625 0.00012969970703125
9 0.000301361083984375 0.0008911132812500001 2.5939941406250003e-05 0.00010986328125
9 0.00035781860351562504 0.0008705139160156251 3.5095214843750004e-05 8.392333984375e-05
12 0.0006202697753906251 0.000473785400390625 4.119873046875e-05 0.00011749267578125
12 0.00091094970703125 0.0006561279296875 3.0517578125e-05 9.1552734375e-05
12 0.0009101867675781251 0.000661468505859375 2.5939941406250003e-05 9.918212890625e-05
9 0.0009544372558593751 0.0008666992187500001 3.204345703125e-05 0.00012512207031250002
9 0.001025390625 0.0008880615234375 4.57763671875e-05 0.0001373291015625
8 0.001555633544921875 0.001490020751953125 0.00055999755859375 0.00081024169921875
8 0.0010848999023437501 0.00086212158203125 7.62939453125e-05 0.00010375976562500001
9 0.001104736328125 0.000905609130859375 4.57763671875e-05 0.00018463134765625002
12 0.00115814208984375 0.0005340576171875 7.9345703125e-05 0.00021667480468750002
12 0.001141357421875 0.000510406494140625 5.7983398437500004e-05 0.00016937255859375002