8 0.0015616861979166668 0.0008893229166666667 0.00013997395833333334 0.00014453125000000002
8 0.0008430989583333333 0.0009179687500000001 0.00021891276041666668 0.0001471354166666667
8 0.00025065104166666665 0.0008984375000000001 0.0001220703125 0.00010937500000000002
8 0.0007698567708333333 0.0013385416666666667 0.0005078125 0.0006406250000000001
12 0.00045410156249999997 0.0004765625000000001 3.092447916666667e-05 9.114583333333334e-05
12 0.0006233723958333334 0.0004973958333333334 2.604166666666667e-05 9.895833333333334e-05
9 0.0008463541666666667 0.0008463541666666668 1.9531250000000004e-05 8.072916666666668e-05
9 0.0008951822916666666 0.0008958333333333334 3.580729166666667e-05 0.00014843750000000002
12 0.0008935546875 0.0006822916666666668 2.7669270833333335e-05 9.114583333333334e-05
9 0.0009375 0.0008567708333333335 3.092447916666667e-05 0.00011197916666666668
7 0.0010611979166666667 0.0008958333333333336 5.859375e-05 0.0001432291666666667
7 0.0012760416666666666 0.0008932291666666668 9.928385416666667e-05 0.00015625000000000003