8 0.00015182495117187502 0.00099639892578125 0.00015106201171875 0.00016174316406250002
8 0.0001983642578125 0.000919342041015625 5.1879882812500005e-05 8.087158203125001e-05
8 0.00029144287109375 0.0009246826171875 9.765625e-05 0.00010986328125
8 0.00037612915039062503 0.000919342041015625 8.087158203125001e-05 0.00011444091796875
12 0.00038757324218750003 0.00059661865234375 2.1362304687500002e-05 7.324218750000001e-05
8 0.000400543212890625 0.00089569091796875 2.288818359375e-05 7.019042968750001e-05
11 0.00054779052734375 0.0005653381347656251 2.44140625e-05 7.476806640625e-05
8 0.000667572021484375 0.0009277343750000001 8.392333984375e-05 0.00012512207031250002
11 0.00068206787109375 0.000583648681640625 2.44140625e-05 8.087158203125001e-05
9 0.000977325439453125 0.00091094970703125 6.866455078125e-05 0.0001373291015625
11 0.000945281982421875 0.0007415771484375 3.204345703125e-05 8.850097656250001e-05
11 0.0009391784667968751 0.000716400146484375 2.288818359375e-05 7.781982421875001e-05
7 0.00095367431640625 0.0008857727050781251 2.44140625e-05 0.00011444091796875
9 0.0011810302734375 0.000930023193359375 0.0001068115234375 0.00019073486328125
7 0.00114898681640625 0.0009086608886718751 3.0517578125e-05 0.00016937255859375002