9 0.0015617370605468751 0.0010658264160156251 3.5095214843750004e-05 0.00033721923828125
9 0.0013786315917968751 0.0009895324707031251 7.476806640625e-05 0.00025787353515625003
14 0.0011650085449218751 0.0009391784667968751 0.00017852783203125002 0.00036468505859375003
8 0.00042266845703125004 0.001041412353515625 0.000421142578125 0.00031280517578125
8 0.00029449462890625 0.00110626220703125 0.000286865234375 0.000286865234375
8 0.0005218505859375 0.001007843017578125 0.00011901855468750001 0.00015411376953125002
8 0.000530242919921875 0.0010162353515625001 0.00011749267578125 0.00015869140625
8 0.000600433349609375 0.0009315490722656251 0.00010833740234375001 0.00011138916015625001
8 0.000661468505859375 0.000907135009765625 0.00016021728515625 0.00013580322265625
8 0.0007064819335937501 0.000959014892578125 7.324218750000001e-05 0.00013275146484375002
8 0.0007637023925781251 0.0008514404296875001 7.781982421875001e-05 5.7983398437500004e-05
8 0.0009658813476562501 0.001030731201171875 0.0002410888671875 0.00032501220703125