8 0.0003987630208333333 0.0008880208333333335 3.580729166666667e-05 5.208333333333334e-05
8 0.0004541015625000001 0.0009010416666666669 6.0221354166666675e-05 6.25e-05
8 0.0005322265624999999 0.0008958333333333334 7.161458333333333e-05 6.25e-05
8 0.0006477864583333334 0.0008984375000000001 8.138020833333334e-05 7.812500000000002e-05
8 0.000986328125 0.0012031250000000002 0.0003662109375 0.0005234375
11 0.0007405598958333333 0.0006692708333333335 3.092447916666667e-05 9.375000000000002e-05
8 0.0010286458333333335 0.0009635416666666668 0.00010253906250000001 0.00019010416666666668
8 0.0011165364583333333 0.0009114583333333336 7.324218750000001e-05 0.0001432291666666667
8 0.0011002604166666667 0.0008906249999999999 3.906250000000001e-05 8.593750000000001e-05
14 0.0014143880208333335 0.0010026041666666668 0.00031575520833333336 0.0005572916666666668
8 0.0014534505208333333 0.0009375000000000002 3.580729166666667e-05 0.00014062500000000002
9 0.0014811197916666668 0.0008958333333333334 3.4179687499999996e-05 0.00014843750000000002
9 0.0015250651041666668 0.0008671875000000001 4.069010416666667e-05 0.0001328125