8 0.00016764322916666666 0.0009192708333333335 0.00014322916666666667 0.00011328125000000002
8 0.00025878906250000007 0.0008515625000000001 3.743489583333333e-05 6.25e-05
8 0.0004443359375 0.0008828124999999999 0.00010904947916666668 8.333333333333334e-05
8 0.00044921874999999997 0.0008723958333333335 0.00011067708333333334 8.072916666666668e-05
12 0.0005305989583333333 0.0006432291666666667 2.604166666666667e-05 6.510416666666668e-05
12 0.0005338541666666667 0.0006380208333333334 2.7669270833333335e-05 5.468750000000001e-05
8 0.0006282552083333334 0.0008750000000000001 7.975260416666667e-05 9.635416666666668e-05
8 0.0006282552083333334 0.0008854166666666667 7.486979166666666e-05 0.00010416666666666667
12 0.0006298828125 0.0006562500000000001 2.604166666666667e-05 5.9895833333333344e-05
12 0.0006298828125 0.0006510416666666667 2.2786458333333334e-05 5.9895833333333344e-05
8 0.0007389322916666667 0.0008750000000000001 7.161458333333333e-05 0.00011979166666666669
12 0.0007096354166666666 0.0006848958333333334 2.2786458333333334e-05 5.9895833333333344e-05
12 0.0007096354166666667 0.0006640625000000002 2.1158854166666667e-05 4.687500000000001e-05
8 0.0008203125000000001 0.0008958333333333334 0.00011067708333333334 0.00013020833333333336
10 0.0008154296875 0.0007473958333333334 2.1158854166666667e-05 5.468750000000001e-05
8 0.0009114583333333335 0.0008723958333333334 0.00011393229166666668 0.00014843750000000002
8 0.0008968098958333334 0.0008776041666666668 8.30078125e-05 0.00014062500000000002
8 0.001005859375 0.0008463541666666667 6.184895833333334e-05 7.291666666666667e-05
8 0.0011702473958333335 0.0009375 0.00019368489583333336 0.00017708333333333335
12 0.0010546875 0.0007083333333333334 2.9296875e-05 8.072916666666668e-05
12 0.0010611979166666667 0.0007057291666666667 3.255208333333333e-05 8.072916666666668e-05