14 0.0015609741210937502 0.0011459350585937501 0.00034179687500000003 0.0006103515625
8 0.000128173828125 0.0009445190429687501 0.00010070800781250001 0.0001739501953125
8 0.00015869140625 0.000957489013671875 0.000128173828125 0.00019989013671875002
8 0.0004913330078125 0.000974273681640625 0.00038452148437500004 0.00024261474609375
9 0.000621795654296875 0.000942230224609375 5.9509277343750005e-05 0.00021820068359375
9 0.0006164550781250001 0.0009368896484375001 4.8828125e-05 0.000213623046875
9 0.000730133056640625 0.001043701171875 6.561279296875e-05 0.00037231445312500003
9 0.000737762451171875 0.0010406494140625 7.171630859375e-05 0.00036926269531250004
9 0.0007461547851562501 0.00101776123046875 3.35693359375e-05 0.00032348632812500004
9 0.0007568359375 0.0010047912597656251 3.35693359375e-05 0.00032806396484375
9 0.00084991455078125 0.0008544921875 5.1879882812500005e-05 0.0002105712890625
9 0.000852203369140625 0.0008743286132812501 5.340576171875e-05 0.00023193359375000002