8 0.000252532958984375 0.0012947082519531251 0.00025177001953125 0.00068206787109375
8 0.0002410888671875 0.0011199951171875 0.0002410888671875 0.00047912597656250003
8 0.0002716064453125 0.000789642333984375 3.96728515625e-05 6.561279296875e-05
8 0.0004669189453125 0.00082550048828125 6.40869140625e-05 9.1552734375e-05
8 0.000537872314453125 0.0008071899414062501 4.730224609375e-05 7.324218750000001e-05
8 0.00053253173828125 0.000804901123046875 3.35693359375e-05 6.561279296875e-05
8 0.0006126403808593751 0.000846099853515625 6.866455078125e-05 9.918212890625e-05
8 0.0006103515625 0.000836944580078125 6.40869140625e-05 8.392333984375e-05
8 0.0006950378417968751 0.0008438110351562501 7.476806640625e-05 0.00010986328125
8 0.0006866455078125 0.00084686279296875 5.7983398437500004e-05 0.00010375976562500001
8 0.0007171630859375 0.000868988037109375 4.57763671875e-05 0.00012969970703125
8 0.000739288330078125 0.0008567810058593751 5.340576171875e-05 0.00012054443359375
8 0.0008590698242187501 0.000930023193359375 0.0001434326171875 0.00019073486328125
11 0.00102691650390625 0.000598907470703125 3.96728515625e-05 0.00012969970703125
11 0.0010353088378906251 0.000614166259765625 4.4250488281250005e-05 7.781982421875001e-05