8 5.1116943359375e-05 0.0010528564453125 5.0354003906250004e-05 0.000213623046875
8 0.000199127197265625 0.001036834716796875 0.00015106201171875 0.00023651123046875
8 0.0006797790527343751 0.0012863159179687502 0.00046234130859375 0.00067138671875
8 0.000724029541015625 0.000986480712890625 5.340576171875e-05 0.00020294189453125
8 0.0007720947265625 0.0008575439453125 6.40869140625e-05 9.1552734375e-05
8 0.0007614135742187501 0.0008666992187500001 4.8828125e-05 0.00010986328125
11 0.00081024169921875 0.000726318359375 1.8310546875000003e-05 5.4931640625e-05
8 0.0008743286132812501 0.0009819030761718751 4.8828125e-05 0.00021820068359375
8 0.001137542724609375 0.0010284423828125 0.00027008056640625 0.0003021240234375
9 0.0015464782714843751 0.00098419189453125 0.00011749267578125 0.00038757324218750003
9 0.001544952392578125 0.000984954833984375 0.00010528564453125 0.00038604736328125