8 0.00021667480468750002 0.0011444091796875 0.00021667480468750002 0.00044860839843750003
14 0.000302886962890625 0.000806427001953125 0.00010528564453125 0.00012969970703125
8 0.00029983520507812503 0.0009429931640625001 8.087158203125001e-05 0.00015869140625
8 0.000363922119140625 0.000934600830078125 8.087158203125001e-05 0.00015106201171875
8 0.000493621826171875 0.0008796691894531251 8.087158203125001e-05 9.918212890625e-05
8 0.00048828125 0.00088043212890625 7.019042968750001e-05 8.544921875000001e-05
14 0.000528717041015625 0.000846099853515625 9.002685546875e-05 0.00011444091796875
8 0.0005310058593750001 0.0008781433105468751 5.1879882812500005e-05 0.00015411376953125002
8 0.0006805419921875 0.000890350341796875 9.46044921875e-05 0.00013580322265625
8 0.0007720947265625 0.000850677490234375 6.40869140625e-05 7.781982421875001e-05
8 0.0008453369140625001 0.000867462158203125 8.23974609375e-05 9.613037109375001e-05
8 0.0010124206542968751 0.001026153564453125 0.00016632080078125 0.00029754638671875
8 0.001068878173828125 0.0009979248046875 0.00021209716796875 0.0002532958984375
8 0.001403045654296875 0.00114898681640625 0.00041961669921875 0.00043029785156250004