7 0.000116729736328125 0.0009033203125 7.476806640625e-05 0.00012512207031250002
12 9.918212890625e-05 0.000724029541015625 3.0517578125e-05 8.087158203125001e-05
9 0.000106048583984375 0.000909423828125 2.5939941406250003e-05 0.00012512207031250002
7 0.00013580322265625 0.0009010314941406251 4.8828125e-05 0.00011138916015625001
9 0.000116729736328125 0.000904083251953125 2.288818359375e-05 0.00012054443359375
9 0.000145721435546875 0.0009033203125 3.814697265625e-05 0.00012512207031250002
7 0.00013656616210937502 0.00089263916015625 1.678466796875e-05 0.0001068115234375
7 0.00017242431640625 0.00090179443359375 3.35693359375e-05 0.0001068115234375
7 0.00016708374023437502 0.00089263916015625 2.5939941406250003e-05 0.00010375976562500001
8 0.00033721923828125 0.0008781433105468751 0.0001373291015625 0.00011444091796875
14 0.000335693359375 0.0008796691894531251 0.000128173828125 0.00012969970703125
14 0.00041809082031250003 0.0008438110351562501 8.850097656250001e-05 8.850097656250001e-05
8 0.00043182373046875 0.0008514404296875001 9.765625e-05 9.1552734375e-05
8 0.000431060791015625 0.000868988037109375 9.002685546875e-05 7.476806640625e-05
9 0.00046463012695312504 0.000859832763671875 3.814697265625e-05 0.00011444091796875
14 0.00059051513671875 0.0008666992187500001 0.00015563964843750002 0.0002288818359375
8 0.000676727294921875 0.0008377075195312501 3.814697265625e-05 5.1879882812500005e-05
12 0.0007156372070312501 0.00054473876953125 3.0517578125e-05 8.544921875000001e-05
8 0.0007484436035156251 0.0008338928222656251 4.4250488281250005e-05 6.256103515625001e-05
12 0.0008285522460937501 0.00055999755859375 3.35693359375e-05 0.0001068115234375
8 0.0010009765625000001 0.000872802734375 0.000164794921875 0.00014648437500000002
12 0.001041412353515625 0.0006874084472656251 3.204345703125e-05 9.918212890625e-05
9 0.0014678955078125 0.00128936767578125 0.0002105712890625 0.00069580078125