8 0.00046875 0.0010104166666666668 0.00033203125 0.0004609375000000001
8 0.00045572916666666673 0.0009895833333333334 0.00030110677083333335 0.00040104166666666673
8 0.0005387369791666666 0.0009166666666666668 0.00012532552083333333 0.00025
8 0.0005387369791666666 0.0009036458333333334 0.00010416666666666667 0.00025
8 0.0006608072916666667 0.0008307291666666668 0.00015787760416666668 0.00015885416666666668
12 0.0006396484375000001 0.0005338541666666667 2.604166666666667e-05 7.812500000000002e-05
12 0.0006477864583333333 0.000515625 3.4179687499999996e-05 5.9895833333333344e-05
12 0.0007633463541666667 0.000515625 3.4179687499999996e-05 4.687500000000001e-05
12 0.0007552083333333334 0.0005390625 2.1158854166666667e-05 5.9895833333333344e-05
12 0.0009375 0.0006223958333333334 2.604166666666667e-05 5.468750000000001e-05
12 0.0009423828125000001 0.0006380208333333334 2.44140625e-05 7.031250000000001e-05
8 0.0015380859375000002 0.0010208333333333334 0.0004117838541666667 0.0004401041666666667
8 0.0015397135416666667 0.0009973958333333334 0.0003971354166666667 0.00037239583333333336
12 0.0013313802083333333 0.00045052083333333337 5.533854166666667e-05 0.00013802083333333334
10 0.0013362630208333334 0.000484375 4.8828125e-05 0.00014062500000000002