8 0.00015462239583333333 0.0009192708333333332 8.626302083333333e-05 8.333333333333334e-05
8 0.00014811197916666667 0.0009114583333333335 6.835937499999999e-05 5.9895833333333344e-05
8 0.000234375 0.0009010416666666667 7.324218750000001e-05 7.031250000000001e-05
8 0.0004801432291666667 0.0009843750000000002 0.00023274739583333334 0.00026302083333333337
8 0.0006250000000000001 0.0008802083333333334 6.34765625e-05 0.00010156250000000001
8 0.0007080078125000001 0.0008828125000000001 7.649739583333334e-05 0.00011197916666666668
8 0.0007682291666666666 0.0008671874999999999 6.510416666666667e-05 0.00011458333333333334
8 0.00076171875 0.0008411458333333334 4.557291666666667e-05 7.291666666666667e-05
8 0.0010498046875 0.00103125 0.00025227864583333336 0.0002838541666666667
14 0.0011246744791666666 0.0008619791666666668 0.00011881510416666666 7.552083333333335e-05
8 0.0011930338541666667 0.0008750000000000001 0.00014648437500000002 9.635416666666668e-05
9 0.0013460286458333334 0.0009453125 5.696614583333334e-05 0.00021875000000000003
9 0.0013541666666666667 0.0009453125 4.2317708333333335e-05 0.00025
9 0.0013460286458333334 0.0009322916666666668 2.604166666666667e-05 0.00023958333333333337