9 0.0012710571289062502 0.0008682250976562501 3.6621093750000005e-05 0.0001129150390625
8 7.8582763671875e-05 0.0009368896484375001 7.781982421875001e-05 8.23974609375e-05
11 0.00039138793945312503 0.00057830810546875 5.9509277343750005e-05 0.00019226074218750002
11 0.00039901733398437503 0.000585174560546875 5.645751953125e-05 0.00018157958984375
10 0.00053253173828125 0.00069732666015625 3.35693359375e-05 0.0001220703125
11 0.000528717041015625 0.0007026672363281251 2.288818359375e-05 7.781982421875001e-05
8 0.000684356689453125 0.00087738037109375 7.781982421875001e-05 0.0001068115234375
8 0.0007369995117187501 0.0008438110351562501 2.44140625e-05 3.96728515625e-05
8 0.000774383544921875 0.0008491516113281251 5.0354003906250004e-05 5.9509277343750005e-05
8 0.00085601806640625 0.000875091552734375 9.765625e-05 0.00012969970703125
11 0.000789642333984375 0.000505828857421875 2.288818359375e-05 0.00010223388671875
10 0.0007957458496093751 0.0004974365234375 2.8991699218750002e-05 9.1552734375e-05
10 0.000965118408203125 0.000473785400390625 3.204345703125e-05 9.307861328125001e-05
11 0.000972747802734375 0.00048370361328125004 3.204345703125e-05 0.00010375976562500001