9 0.000225830078125 0.00092315673828125 2.74658203125e-05 0.000164794921875
9 0.000191497802734375 0.0009162902832031251 2.8991699218750002e-05 0.00011444091796875
9 0.000257110595703125 0.0009292602539062501 3.204345703125e-05 0.0001739501953125
9 0.00031204223632812504 0.0009483337402343751 3.5095214843750004e-05 0.00019073486328125
9 0.000359344482421875 0.0009407043457031251 3.814697265625e-05 0.00018463134765625002
10 5.340576171875e-05 0.000609588623046875 5.1879882812500005e-05 0.00012969970703125
9 0.0007675170898437501 0.001502227783203125 0.0002197265625 0.0010696411132812501
9 0.0007537841796875001 0.001509857177734375 0.000189208984375 0.00105743408203125
9 0.0010009765625000001 0.0015594482421875 0.0003631591796875 0.0013671875000000001
9 0.0014434814453125001 0.0013702392578125002 0.0001953125 0.0008026123046875
8 0.0015495300292968752 0.0009277343750000001 0.00016326904296875002 0.00026550292968750003