7 5.859375e-05 0.0009244791666666668 5.0455729166666666e-05 0.0001354166666666667
7 4.557291666666667e-05 0.0009036458333333334 3.092447916666667e-05 0.00010937500000000002
9 0.00010091145833333333 0.0008932291666666667 2.2786458333333334e-05 0.00010416666666666667
9 0.0001318359375 0.0008776041666666668 2.1158854166666667e-05 9.114583333333334e-05
8 0.00026529947916666667 0.0009062500000000002 0.00014648437500000002 0.00015364583333333335
14 0.0002718098958333333 0.0008958333333333334 0.00014485677083333334 0.00013802083333333334
8 0.00037109375000000006 0.0008932291666666667 0.0001171875 0.00010156250000000001
8 0.000361328125 0.0008229166666666668 0.00010253906250000001 6.25e-05
14 0.0003580729166666667 0.0008437500000000001 8.626302083333333e-05 7.812500000000002e-05
14 0.000537109375 0.0008906250000000001 0.00016927083333333334 0.0002734375
8 0.0005859375000000001 0.0008411458333333334 5.0455729166666666e-05 5.468750000000001e-05
8 0.0006396484375 0.0008541666666666667 6.184895833333334e-05 8.333333333333334e-05
12 0.0006770833333333334 0.0005416666666666668 3.092447916666667e-05 8.593750000000001e-05
12 0.0007975260416666667 0.0005442708333333333 3.255208333333333e-05 9.635416666666668e-05
8 0.0008756510416666667 0.0008489583333333334 6.0221354166666675e-05 8.593750000000001e-05
8 0.00111328125 0.0008828125000000001 0.00017415364583333334 0.00012239583333333335
12 0.0010237630208333336 0.0006927083333333334 3.4179687499999996e-05 9.895833333333334e-05