8 0.0015609741210937502 0.0014656066894531252 0.0003021240234375 0.00075531005859375
8 0.000176239013671875 0.0011192321777343751 0.00017547607421875 0.00027313232421875003
9 0.0002838134765625 0.0009559631347656251 2.74658203125e-05 0.00013580322265625
9 0.00031509399414062503 0.0009506225585937501 2.8991699218750002e-05 0.000128173828125
9 0.00042266845703125004 0.0009239196777343751 2.74658203125e-05 0.00011444091796875
9 0.00042266845703125004 0.000937652587890625 2.74658203125e-05 0.00011138916015625001
8 0.000518035888671875 0.0009483337402343751 9.002685546875e-05 0.00011138916015625001
8 0.00054168701171875 0.0009140014648437501 3.96728515625e-05 9.1552734375e-05
8 0.000638580322265625 0.0008880615234375 8.392333984375e-05 4.8828125e-05
8 0.000699615478515625 0.0008697509765625 5.0354003906250004e-05 4.8828125e-05
8 0.000785064697265625 0.00092620849609375 9.613037109375001e-05 0.00014038085937500002
8 0.0008171081542968751 0.000875091552734375 3.5095214843750004e-05 6.256103515625001e-05
8 0.000930023193359375 0.000914764404296875 9.307861328125001e-05 0.00011749267578125
8 0.000974273681640625 0.000986480712890625 7.171630859375e-05 0.00018463134765625002
8 0.0010589599609375 0.00103607177734375 0.00010375976562500001 0.00025024414062500003
8 0.0013015747070312502 0.0011955261230468751 0.0002899169921875 0.00043182373046875