14 0.00019205729166666666 0.0008723958333333334 0.00019205729166666666 0.00025
8 0.00025390624999999995 0.0009453125 0.00014648437500000002 0.00014843750000000002
8 0.00039225260416666667 0.0008671875000000001 0.00021647135416666668 0.00021093750000000002
14 0.00033691406250000003 0.0008880208333333334 0.0001220703125 0.00021093750000000002
8 0.0006510416666666666 0.0012213541666666668 0.00042317708333333335 0.0005
8 0.0007226562500000001 0.0009817708333333334 0.00024576822916666665 0.0004088541666666667
14 0.0007177734375 0.0009947916666666668 0.0001904296875 0.00035156250000000004
8 0.0008284505208333335 0.0008776041666666667 7.812500000000002e-05 0.00010156250000000001
8 0.0008593749999999999 0.0009088541666666668 0.00010416666666666667 0.00012239583333333335
8 0.0009814453125000001 0.0009244791666666668 0.00014973958333333332 0.00020833333333333335
8 0.0011523437500000002 0.0009947916666666668 0.00026529947916666667 0.0002604166666666667
8 0.0012434895833333334 0.0008671875000000001 0.00014322916666666667 0.0002447916666666667