8 0.00021820068359375 0.000881195068359375 0.000128173828125 0.00010223388671875
8 0.000389862060546875 0.000872802734375 0.00010833740234375001 0.00010986328125
8 0.000382232666015625 0.000844573974609375 8.697509765625e-05 6.561279296875e-05
11 0.00036544799804687504 0.0006744384765625 3.814697265625e-05 8.544921875000001e-05
11 0.000354766845703125 0.00066680908203125 2.288818359375e-05 7.019042968750001e-05
12 0.00038833618164062504 0.0006645202636718751 2.288818359375e-05 7.781982421875001e-05
8 0.0008094787597656251 0.001068115234375 0.00028533935546875 0.000390625
10 0.000675201416015625 0.000562286376953125 4.119873046875e-05 0.00011444091796875
12 0.0006721496582031251 0.000536346435546875 2.5939941406250003e-05 7.476806640625e-05
11 0.0008186340332031251 0.0007141113281250001 2.288818359375e-05 5.7983398437500004e-05
14 0.001165771484375 0.0009483337402343751 0.00029296875000000004 0.00050201416015625