8 0.0010074869791666667 0.0009127604166666668 0.00024658203125 0.00016927083333333334
8 0.00024739583333333335 0.0009088541666666669 0.00012044270833333335 0.00012760416666666668
8 0.00031575520833333336 0.0008958333333333334 7.324218750000001e-05 0.00010416666666666667
8 0.0007731119791666667 0.0013515625000000001 0.0005159505208333333 0.0006614583333333333
12 0.0004557291666666666 0.0004843750000000001 3.4179687499999996e-05 0.00010156250000000001
12 0.0006266276041666666 0.0005052083333333334 3.4179687499999996e-05 0.00011458333333333334
7 0.0008219401041666668 0.0008854166666666667 5.208333333333334e-05 0.00011458333333333334
12 0.0008984374999999999 0.0006927083333333334 3.743489583333333e-05 0.00010156250000000001
8 0.001064453125 0.0008984374999999999 6.673177083333334e-05 0.00011458333333333334
7 0.0010530598958333334 0.0008854166666666667 3.4179687499999996e-05 0.00013020833333333336
9 0.00109375 0.0008958333333333334 3.4179687499999996e-05 0.0001354166666666667
9 0.0015608723958333334 0.0010234375 0.00010904947916666668 0.0003359375000000001
9 0.0015608723958333334 0.0010286458333333335 0.00010904947916666668 0.0003333333333333334