8 0.0001220703125 0.0012260437011718751 0.0001220703125 0.00047149658203125003
8 0.000298309326171875 0.00090789794921875 9.918212890625e-05 8.544921875000001e-05
8 0.00037078857421875 0.0009063720703125001 6.7138671875e-05 7.324218750000001e-05
8 0.000485992431640625 0.000934600830078125 7.476806640625e-05 0.00013580322265625
8 0.0006950378417968751 0.00103607177734375 0.00022430419921875002 0.0003021240234375
10 0.0005126953125 0.000576019287109375 3.35693359375e-05 7.781982421875001e-05
10 0.000662994384765625 0.00057525634765625 2.5939941406250003e-05 8.544921875000001e-05
8 0.0007293701171875001 0.000937652587890625 5.7983398437500004e-05 0.00016632080078125
10 0.000783538818359375 0.0005706787109375 2.5939941406250003e-05 7.324218750000001e-05
8 0.00089569091796875 0.00089263916015625 9.765625e-05 0.0001434326171875
8 0.001029205322265625 0.0009635925292968751 0.00010833740234375001 0.00019073486328125
8 0.001467132568359375 0.0012336730957031251 0.00051116943359375 0.0005386352539062501
10 0.001079559326171875 0.000726318359375 3.204345703125e-05 8.850097656250001e-05
8 0.0015312194824218751 0.00089569091796875 0.00016326904296875002 0.00012512207031250002
10 0.00150604248046875 0.0005157470703125001 7.324218750000001e-05 0.00021667480468750002