8 0.00012664794921875 0.0009185791015625 9.46044921875e-05 6.7138671875e-05
8 0.000130462646484375 0.000920867919921875 8.697509765625e-05 9.307861328125001e-05
8 0.00025634765625 0.0009033203125 4.2724609375000004e-05 6.7138671875e-05
8 0.00037689208984375004 0.0009010314941406251 5.4931640625e-05 7.476806640625e-05
8 0.000374603271484375 0.000904083251953125 5.0354003906250004e-05 8.392333984375e-05
8 0.0004425048828125 0.0009407043457031251 9.46044921875e-05 0.00015411376953125002
8 0.000662994384765625 0.001067352294921875 0.00021514892578125002 0.00027618408203125
12 0.00057220458984375 0.0005348205566406251 4.2724609375000004e-05 0.00012054443359375
11 0.000750732421875 0.00054931640625 3.96728515625e-05 0.00012512207031250002
8 0.000951385498046875 0.0010528564453125 0.00016632080078125 0.00034179687500000003
8 0.001247406005859375 0.0011383056640625001 0.00036773681640625 0.000390625
11 0.0009353637695312501 0.000606536865234375 4.8828125e-05 0.00011749267578125
11 0.000919342041015625 0.00059051513671875 3.204345703125e-05 8.850097656250001e-05
11 0.00112152099609375 0.0007499694824218751 2.74658203125e-05 7.781982421875001e-05
8 0.0013824462890625001 0.00093231201171875 0.00018615722656250002 0.000128173828125
8 0.001445770263671875 0.000867462158203125 0.00011444091796875 8.087158203125001e-05