8 0.0015616861979166668 0.001561197916666667 0.0005126953125 0.0008984375000000001
8 0.00022379557291666666 0.0010911458333333335 0.00022298177083333333 0.00041406250000000004
8 0.00023518880208333334 0.0010989583333333335 0.000234375 0.00042187500000000005
8 0.0002945963541666667 0.0008828124999999999 8.951822916666667e-05 9.895833333333334e-05
8 0.0005013020833333333 0.0008958333333333334 8.951822916666667e-05 9.635416666666668e-05
8 0.0004947916666666667 0.0008906250000000001 6.835937499999999e-05 9.375000000000002e-05
8 0.0005257161458333333 0.0008802083333333334 3.743489583333333e-05 7.552083333333335e-05
8 0.0007584635416666667 0.0008671875000000001 6.998697916666667e-05 9.114583333333334e-05
8 0.0007682291666666666 0.0008750000000000001 7.649739583333334e-05 0.00010937500000000002
8 0.0009928385416666668 0.00103125 0.00019856770833333334 0.0003281250000000001
8 0.0009391276041666668 0.0009921875 0.00013509114583333334 0.0002708333333333334
8 0.0011979166666666666 0.0011588541666666668 0.0003564453125 0.00042187500000000005
8 0.001220703125 0.0011588541666666668 0.00037923177083333336 0.0004192708333333334