8 0.0001953125 0.001043701171875 0.0001953125 0.0004913330078125
14 0.0001953125 0.00101318359375 0.0001953125 0.00041503906250000004
8 0.000286102294921875 0.001015472412109375 0.00010833740234375001 0.00020294189453125
8 0.000279998779296875 0.00098419189453125 9.002685546875e-05 0.00015563964843750002
8 0.000547027587890625 0.0009559631347656251 0.00012664794921875 0.00018768310546875
8 0.000707244873046875 0.00096893310546875 0.00013275146484375002 0.00015869140625
8 0.0007690429687500001 0.00091094970703125 0.00010070800781250001 0.00015869140625
14 0.000766754150390625 0.000897979736328125 9.002685546875e-05 0.00013275146484375002
8 0.0008666992187500001 0.000966644287109375 8.23974609375e-05 0.00014801025390625002
8 0.000991058349609375 0.00100555419921875 0.00016632080078125 0.0001983642578125
8 0.001178741455078125 0.0010833740234375 0.00021514892578125002 0.0003936767578125
8 0.0015594482421875 0.0013595581054687501 0.0004364013671875 0.0008331298828125