8 0.0002593994140625 0.0009277343750000001 0.0001220703125 0.00011901855468750001
8 0.00042648315429687504 0.0009368896484375001 0.00014190673828125 0.000164794921875
9 0.00014648437500000002 0.0009010314941406251 3.96728515625e-05 0.00011749267578125
8 0.000457763671875 0.0008644104003906251 3.35693359375e-05 7.476806640625e-05
8 0.0010543823242187501 0.0009712219238281251 0.00048828125 0.00026092529296875
8 0.000640869140625 0.0008361816406250001 2.74658203125e-05 6.7138671875e-05
8 0.000720977783203125 0.0008644104003906251 8.392333984375e-05 0.00010223388671875
9 0.0007499694824218751 0.0008300781250000001 3.204345703125e-05 0.0001068115234375
10 0.0009307861328125 0.000555419921875 4.57763671875e-05 0.00014648437500000002
9 0.00096435546875 0.000791168212890625 3.35693359375e-05 9.918212890625e-05
9 0.0013168334960937502 0.00089263916015625 3.35693359375e-05 0.0002288818359375
9 0.001314544677734375 0.0008834838867187501 2.5939941406250003e-05 0.00023193359375000002
9 0.001334381103515625 0.0008872985839843751 3.814697265625e-05 0.00023651123046875
9 0.0013473510742187502 0.00089263916015625 4.57763671875e-05 0.00023193359375000002
9 0.0014007568359375002 0.0008934020996093751 4.8828125e-05 0.00025482177734375
9 0.00142974853515625 0.000872802734375 3.96728515625e-05 0.0002288818359375
9 0.0014465332031250002 0.00084686279296875 3.0517578125e-05 0.0002105712890625
9 0.00144500732421875 0.00069732666015625 2.1362304687500002e-05 6.7138671875e-05
9 0.00146331787109375 0.00087127685546875 3.96728515625e-05 0.000225830078125
9 0.00146026611328125 0.000882720947265625 3.35693359375e-05 0.00024261474609375
9 0.0014984130859375 0.0009033203125 4.8828125e-05 0.000286865234375