8 0.0015617370605468751 0.000959014892578125 0.00026092529296875 0.00017852783203125002
8 0.000873565673828125 0.00084075927734375 4.730224609375e-05 6.40869140625e-05
8 0.00037231445312500003 0.0008796691894531251 8.850097656250001e-05 7.476806640625e-05
8 0.000374603271484375 0.000872802734375 8.087158203125001e-05 7.019042968750001e-05
8 0.000431060791015625 0.00085601806640625 5.645751953125e-05 4.8828125e-05
8 0.00067138671875 0.0008392333984375 3.96728515625e-05 5.4931640625e-05
8 0.00069732666015625 0.0008453369140625001 3.35693359375e-05 4.8828125e-05
8 0.0007560729980468751 0.0008491516113281251 4.119873046875e-05 6.256103515625001e-05
8 0.000994110107421875 0.0009010314941406251 9.918212890625e-05 0.00012054443359375
8 0.00136871337890625 0.00113372802734375 0.0004119873046875 0.0003936767578125
8 0.00135650634765625 0.00081024169921875 7.019042968750001e-05 7.324218750000001e-05