8 0.00014648437500000002 0.0009277343750000001 0.00014648437500000002 0.0001678466796875
12 0.0002685546875 0.000568389892578125 3.96728515625e-05 0.00011749267578125
12 0.000266265869140625 0.0005805969238281251 3.5095214843750004e-05 0.00011749267578125
9 0.000354766845703125 0.000882720947265625 7.171630859375e-05 0.00020294189453125
8 0.00074005126953125 0.00077362060546875 3.35693359375e-05 5.4931640625e-05
8 0.0007781982421875 0.000762939453125 3.35693359375e-05 5.1879882812500005e-05
8 0.0008544921875 0.0007965087890625 2.74658203125e-05 8.850097656250001e-05
8 0.000914764404296875 0.00079498291015625 5.645751953125e-05 7.324218750000001e-05
8 0.0009162902832031251 0.000815582275390625 5.645751953125e-05 9.613037109375001e-05
8 0.00099945068359375 0.000820159912109375 9.765625e-05 0.00011138916015625001
12 0.0009552001953125 0.000525665283203125 2.74658203125e-05 0.00011749267578125
9 0.001194000244140625 0.00080413818359375 3.204345703125e-05 0.00015869140625
9 0.0011947631835937502 0.000804901123046875 3.0517578125e-05 0.00015411376953125002
8 0.001556396484375 0.000867462158203125 0.0002044677734375 0.00021820068359375
8 0.0015594482421875 0.0008819580078125001 0.00020141601562500002 0.000262451171875