8 0.0003401692708333334 0.0012578125000000002 0.0003401692708333334 0.0011875000000000002
14 0.0003141276041666667 0.0012500000000000002 0.0003141276041666667 0.0011432291666666667
8 0.0007438151041666667 0.0010572916666666669 0.00028157552083333333 0.00038281250000000007
8 0.0007552083333333334 0.0008541666666666667 4.557291666666667e-05 8.593750000000001e-05
8 0.0009326171875000001 0.0009609375 0.00014485677083333334 0.00021875000000000003
8 0.0008821614583333333 0.0009453125 7.975260416666667e-05 0.00019010416666666668
11 0.0008512369791666667 0.0007161458333333334 2.9296875e-05 6.510416666666668e-05
8 0.00095703125 0.0010078125 0.00011230468749999999 0.0002291666666666667
8 0.0010042317708333333 0.0010052083333333334 0.00015462239583333333 0.00023958333333333337
8 0.0012109375000000002 0.001135416666666667 0.0002848307291666667 0.0004270833333333334
8 0.0015592447916666667 0.0015104166666666669 0.0005094401041666667 0.0009036458333333334
9 0.001220703125 0.0007317708333333334 6.34765625e-05 7.552083333333335e-05
9 0.0012060546875 0.0007317708333333334 2.9296875e-05 7.031250000000001e-05