8 0.00011555989583333335 0.0008880208333333334 0.00011555989583333335 0.0001510416666666667
8 2.44140625e-05 0.0010312500000000003 2.2786458333333334e-05 0.00018750000000000003
8 0.00013020833333333333 0.0009661458333333335 0.00012369791666666668 0.0002578125
8 0.00025065104166666665 0.0010390625 0.0002001953125 0.0002708333333333334
8 0.0006982421875000001 0.0012395833333333336 0.0005045572916666667 0.0006406250000000001
10 0.0005094401041666667 0.0005598958333333335 3.092447916666667e-05 9.375000000000002e-05
12 0.0006640625 0.0005494791666666668 3.4179687499999996e-05 8.072916666666668e-05
12 0.0007845052083333333 0.0005598958333333334 3.255208333333333e-05 9.635416666666668e-05
8 0.0007926432291666668 0.0008359375000000001 2.9296875e-05 5.9895833333333344e-05
8 0.0009098307291666666 0.0008723958333333334 0.0001383463541666667 0.0001979166666666667
14 0.0009098307291666666 0.0008697916666666667 0.00013346354166666669 0.00020312500000000002
8 0.0015413411458333334 0.0012760416666666669 0.0005875651041666667 0.0005729166666666668
8 0.0010286458333333335 0.0009401041666666668 7.161458333333333e-05 0.00018229166666666667
12 0.00107421875 0.0006927083333333334 2.604166666666667e-05 7.812500000000002e-05
12 0.0014973958333333332 0.0005260416666666667 8.789062500000001e-05 0.0002526041666666667
8 0.0015348307291666665 0.0008593750000000001 0.00012532552083333333 9.375000000000002e-05
9 0.0015104166666666666 0.0008541666666666668 4.557291666666667e-05 9.375000000000002e-05