8 0.00030029296875000005 0.00099609375 0.0002823893229166667 0.00024348958333333338
8 0.0005533854166666667 0.0008932291666666668 0.00012044270833333335 0.00013802083333333334
12 0.0004899088541666667 0.00045052083333333337 4.2317708333333335e-05 0.00014843750000000002
8 0.0006738281250000001 0.0009010416666666667 9.928385416666667e-05 0.0001432291666666667
8 0.0008805338541666666 0.0009895833333333334 0.00022786458333333336 0.0002838541666666667
10 0.0007763671874999999 0.00030989583333333336 4.720052083333334e-05 0.00014583333333333335
8 0.0011507161458333332 0.0009635416666666668 0.00019856770833333334 0.0002369791666666667
10 0.0011751302083333334 0.0005833333333333334 4.2317708333333335e-05 9.895833333333334e-05
7 0.0011995442708333335 0.0008906250000000001 5.533854166666667e-05 0.00017708333333333335
8 0.0012744140625000002 0.0008437500000000001 8.951822916666667e-05 9.114583333333334e-05
8 0.0013932291666666667 0.0008750000000000001 0.00017740885416666667 0.000125