8 0.0015616861979166668 0.0008736979166666667 0.00022949218750000001 0.00026692708333333337
8 0.0014265950520833334 0.00087890625 0.00027913411458333333 0.00022395833333333336
8 0.00012451171875 0.00103125 0.00012369791666666668 0.0003333333333333334
8 0.0002897135416666667 0.0008697916666666667 6.673177083333334e-05 0.00011458333333333334
8 0.0003466796875 0.0008515625000000001 5.696614583333334e-05 0.00010677083333333335
8 0.0004117838541666667 0.0008593750000000001 9.114583333333334e-05 0.00011458333333333334
8 0.0005826822916666667 0.0008593750000000001 0.00020507812500000002 0.00014843750000000002
8 0.000791015625 0.0008593750000000001 0.0001611328125 0.00014062500000000002
8 0.0008349609375000001 0.0008359375000000001 0.0001220703125 0.00012239583333333335
8 0.0010498046875 0.0008489583333333334 0.00027018229166666667 0.00018229166666666667
8 0.0010107421875000001 0.0008281250000000001 0.00010091145833333333 0.00013020833333333336
8 0.0010595703125 0.0008593750000000001 0.00014811197916666667 0.00019270833333333336
8 0.0012060546875 0.0008385416666666668 0.00023274739583333334 0.00015364583333333335
8 0.00123046875 0.0008645833333333334 0.00025227864583333336 0.00019270833333333336