8 0.000124359130859375 0.001044464111328125 0.00012359619140625 0.00030670166015625
8 0.0002044677734375 0.00093841552734375 0.00010375976562500001 0.000128173828125
8 0.00019378662109375002 0.0009246826171875 7.62939453125e-05 0.00012512207031250002
9 0.000267791748046875 0.0008491516113281251 3.204345703125e-05 6.561279296875e-05
9 0.000263214111328125 0.0008491516113281251 2.5939941406250003e-05 5.9509277343750005e-05
8 0.000655364990234375 0.000909423828125 0.00012054443359375 0.0001434326171875
8 0.0008491516113281251 0.0008834838867187501 9.613037109375001e-05 0.000128173828125
9 0.001107025146484375 0.0008720397949218751 5.9509277343750005e-05 8.392333984375e-05
9 0.001091766357421875 0.000859832763671875 4.119873046875e-05 7.781982421875001e-05
9 0.001113128662109375 0.0008224487304687501 3.814697265625e-05 5.4931640625e-05
9 0.001117706298828125 0.000807952880859375 3.5095214843750004e-05 0.00012054443359375
9 0.00116424560546875 0.0008094787597656251 3.0517578125e-05 8.087158203125001e-05
9 0.0013359069824218752 0.00087738037109375 8.087158203125001e-05 0.0002471923828125