8 0.0013969421386718752 0.0009048461914062501 0.00020599365234375 0.0001312255859375
8 0.000576019287109375 0.0014770507812500002 0.00057525634765625 0.0009765625
8 0.00072784423828125 0.001078033447265625 0.0002105712890625 0.00034637451171875004
12 0.000556182861328125 0.000726318359375 2.8991699218750002e-05 9.1552734375e-05
12 0.0007537841796875001 0.000598907470703125 2.44140625e-05 8.392333984375e-05
8 0.0008224487304687501 0.0008705139160156251 4.8828125e-05 6.256103515625001e-05
12 0.0008331298828125 0.0007102966308593751 2.74658203125e-05 8.087158203125001e-05
12 0.001136016845703125 0.000591278076171875 6.561279296875e-05 0.00018768310546875
9 0.001114654541015625 0.0008720397949218751 3.204345703125e-05 0.00010223388671875
9 0.001102447509765625 0.00087738037109375 1.678466796875e-05 0.0001068115234375
9 0.00115203857421875 0.000882720947265625 3.35693359375e-05 0.00012054443359375
9 0.0011459350585937501 0.0008491516113281251 2.44140625e-05 8.392333984375e-05
8 0.0014961242675781252 0.000922393798828125 0.00017242431640625 0.00017242431640625
8 0.0013916015625 0.0009201049804687501 6.7138671875e-05 0.00010986328125
8 0.0015541076660156251 0.0009353637695312501 0.00016937255859375002 0.0001739501953125
8 0.001499176025390625 0.000926971435546875 0.00010223388671875 0.00013275146484375002
8 0.0015609741210937502 0.00091705322265625 7.9345703125e-05 0.000164794921875