8 0.00013346354166666669 0.0012356770833333334 0.00013264973958333333 0.0004778645833333334
9 0.00018717447916666665 0.0008932291666666668 6.510416666666667e-05 0.00010677083333333335
11 0.0004703776041666667 0.0007317708333333334 2.2786458333333334e-05 5.208333333333334e-05
9 0.0005354817708333333 0.0008307291666666668 3.743489583333333e-05 0.000125
8 0.0006575520833333333 0.0008229166666666668 6.510416666666667e-05 9.114583333333334e-05
8 0.0007373046875 0.0007916666666666668 5.208333333333334e-05 6.770833333333334e-05
8 0.0008821614583333333 0.0009114583333333335 0.00015299479166666668 0.00021614583333333335
11 0.0007747395833333333 0.0006484375000000001 1.9531250000000004e-05 6.25e-05
11 0.0008561197916666666 0.0007135416666666668 2.604166666666667e-05 5.468750000000001e-05
11 0.0008561197916666666 0.0007057291666666668 2.44140625e-05 4.687500000000001e-05
8 0.0009993489583333332 0.0008046875000000001 9.114583333333334e-05 8.333333333333334e-05