8 0.00078582763671875 0.000843048095703125 0.00011596679687500001 7.781982421875001e-05
8 0.0003021240234375 0.0008758544921875001 0.0002044677734375 0.00010986328125
8 0.00029754638671875 0.000875091552734375 0.00019226074218750002 9.918212890625e-05
8 0.00034942626953125003 0.00088043212890625 5.4931640625e-05 8.850097656250001e-05
8 0.000524139404296875 0.000882720947265625 0.00018463134765625002 0.00012054443359375
8 0.000525665283203125 0.0008781433105468751 0.00018463134765625002 0.00010223388671875
8 0.00059814453125 0.00086212158203125 0.00010070800781250001 9.1552734375e-05
8 0.0005958557128906251 0.0008644104003906251 7.476806640625e-05 7.781982421875001e-05
8 0.000623321533203125 0.0008491516113281251 3.5095214843750004e-05 6.256103515625001e-05
8 0.000943756103515625 0.0008338928222656251 0.00016632080078125 9.918212890625e-05
8 0.0012443542480468752 0.000974273681640625 0.00024871826171875 0.00024261474609375
8 0.0013206481933593752 0.000830841064453125 0.00011444091796875 9.613037109375001e-05
8 0.001319122314453125 0.000820159912109375 0.00010833740234375001 7.476806640625e-05
8 0.001560211181640625 0.001166534423828125 0.00026092529296875 0.00048980712890625