8 0.00025024414062500003 0.001114654541015625 0.00025024414062500003 0.00031280517578125
11 0.000273895263671875 0.0006874084472656251 4.119873046875e-05 0.00010223388671875
9 0.00029144287109375 0.0009559631347656251 5.7983398437500004e-05 0.00016632080078125
11 0.000267791748046875 0.000684356689453125 3.204345703125e-05 9.307861328125001e-05
9 0.000279998779296875 0.000946044921875 3.204345703125e-05 0.00014648437500000002
9 0.00029144287109375 0.0008697509765625 2.44140625e-05 5.7983398437500004e-05
9 0.0003326416015625 0.000913238525390625 2.74658203125e-05 0.00011138916015625001
8 0.00044174194335937504 0.0009292602539062501 6.866455078125e-05 8.544921875000001e-05
8 0.0005577087402343751 0.000949859619140625 0.00012359619140625 0.00015106201171875
8 0.0006393432617187501 0.000905609130859375 0.0001068115234375 0.00011138916015625001
8 0.000617218017578125 0.0008934020996093751 5.9509277343750005e-05 8.392333984375e-05
8 0.0007789611816406251 0.000978851318359375 0.00016021728515625 0.00023956298828125002
8 0.000812530517578125 0.0008697509765625 4.4250488281250005e-05 7.019042968750001e-05
11 0.0009552001953125 0.000646209716796875 3.0517578125e-05 9.918212890625e-05
9 0.000974273681640625 0.000885009765625 3.204345703125e-05 0.0001373291015625
9 0.001003265380859375 0.0008720397949218751 4.119873046875e-05 0.00013580322265625
9 0.0009971618652343751 0.0008666992187500001 2.288818359375e-05 0.0001220703125
9 0.0010353088378906251 0.0008666992187500001 3.204345703125e-05 0.00014038085937500002
9 0.00109710693359375 0.00086212158203125 2.74658203125e-05 0.00014038085937500002
9 0.001113128662109375 0.0008697509765625 2.288818359375e-05 0.00012512207031250002
9 0.0014656066894531252 0.0008644104003906251 4.119873046875e-05 0.00019073486328125
8 0.001556396484375 0.000885009765625 0.00011596679687500001 0.0001220703125
9 0.00155487060546875 0.000789642333984375 3.96728515625e-05 0.00011749267578125