8 0.0001495361328125 0.0009063720703125001 0.0001495361328125 0.00017700195312500002
12 0.000110626220703125 0.000716400146484375 3.204345703125e-05 6.561279296875e-05
12 0.00011520385742187501 0.000754547119140625 2.5939941406250003e-05 7.476806640625e-05
8 0.00022811889648437502 0.000848388671875 5.340576171875e-05 7.019042968750001e-05
8 0.000299072265625 0.000836944580078125 5.4931640625e-05 6.561279296875e-05
8 0.00037078857421875 0.0008285522460937501 7.9345703125e-05 8.544921875000001e-05
12 0.000348663330078125 0.0006149291992187501 2.8991699218750002e-05 8.544921875000001e-05
8 0.00042266845703125004 0.0008697509765625 4.57763671875e-05 0.0001373291015625
8 0.0009506225585937501 0.00131988525390625 0.000555419921875 0.00081787109375
12 0.00093994140625 0.000614166259765625 5.1879882812500005e-05 9.307861328125001e-05
8 0.001125335693359375 0.000911712646484375 0.00018157958984375 0.00016632080078125
9 0.001288604736328125 0.0009712219238281251 0.00010833740234375001 0.00029754638671875
9 0.0012481689453125002 0.00092620849609375 5.4931640625e-05 0.000225830078125
8 0.0015617370605468751 0.001262664794921875 0.00023956298828125002 0.00048370361328125004