8 0.0013492838541666668 0.0008723958333333334 0.00012939453125 7.161458333333335e-05
8 0.0012068684895833336 0.0008750000000000001 7.161458333333333e-05 8.984375000000001e-05
8 0.00020182291666666667 0.0008984375000000001 0.00014322916666666667 0.00011197916666666668
10 0.00010742187499999999 0.0004583333333333334 2.9296875e-05 0.00010677083333333335
8 0.0002978515625 0.0008515625000000001 6.998697916666667e-05 5.468750000000001e-05
8 0.0007145182291666667 0.0011927083333333336 0.0003955078125 0.00045572916666666673
8 0.0003645833333333333 0.0008541666666666667 3.4179687499999996e-05 5.729166666666667e-05
10 0.0004117838541666667 0.0006015625000000001 3.092447916666667e-05 8.593750000000001e-05
10 0.0005240885416666667 0.0005156250000000001 3.580729166666667e-05 9.375000000000002e-05
11 0.0006022135416666667 0.0006770833333333334 1.9531250000000004e-05 5.468750000000001e-05
11 0.0006510416666666666 0.0007187500000000001 2.2786458333333334e-05 5.208333333333334e-05
8 0.0007112630208333334 0.0008359375000000001 3.906250000000001e-05 6.510416666666668e-05
8 0.0007731119791666667 0.0008437500000000001 4.2317708333333335e-05 5.729166666666667e-05
11 0.0008007812500000002 0.0006614583333333333 2.9296875e-05 6.510416666666668e-05
8 0.0010465494791666668 0.0010390625 0.00023925781250000002 0.0002760416666666667
8 0.0011018880208333332 0.0009036458333333334 0.00010091145833333333 0.00011458333333333334
11 0.0012711588541666667 0.0006822916666666668 2.604166666666667e-05 8.593750000000001e-05
10 0.0013118489583333335 0.0005911458333333334 2.9296875e-05 6.510416666666668e-05
10 0.0013785807291666666 0.000578125 3.255208333333333e-05 9.635416666666668e-05