10 0.00025716145833333336 0.0002447916666666667 0.00025716145833333336 0.0002447916666666667
8 0.00017252604166666667 0.0008437500000000001 8.463541666666667e-05 7.031250000000001e-05
8 0.000166015625 0.0008567708333333334 5.859375e-05 8.333333333333334e-05
8 0.00017903645833333335 0.0008046875000000001 6.510416666666667e-05 4.947916666666667e-05
8 0.0003466796875 0.0008359375000000001 0.00015950520833333333 9.895833333333334e-05
8 0.0003938802083333333 0.0008593750000000001 8.951822916666667e-05 0.00011458333333333334
8 0.0005029296875 0.0008802083333333334 0.00015787760416666668 0.0001328125
8 0.0005924479166666667 0.0008697916666666667 0.00011230468749999999 0.00011718750000000002
8 0.0006591796874999999 0.0007994791666666668 4.3945312500000005e-05 5.468750000000001e-05
8 0.0006722005208333334 0.0008125000000000001 5.533854166666667e-05 6.25e-05
8 0.0006982421875000001 0.0008203125000000001 3.906250000000001e-05 7.552083333333335e-05
8 0.0007649739583333334 0.0008072916666666668 5.0455729166666666e-05 6.510416666666668e-05
8 0.0008544921875 0.0007942708333333334 2.604166666666667e-05 6.25e-05
8 0.0008935546875 0.0008072916666666668 4.3945312500000005e-05 7.552083333333335e-05
10 0.0009065755208333333 0.0006119791666666667 3.743489583333333e-05 9.635416666666668e-05
10 0.0010335286458333333 0.0005937500000000001 2.604166666666667e-05 7.031250000000001e-05
11 0.0011490885416666667 0.0006953125000000001 2.7669270833333335e-05 8.072916666666668e-05
12 0.0012906901041666668 0.00021093750000000002 7.812500000000002e-05 0.00018229166666666667
10 0.0012711588541666667 0.00019270833333333336 4.2317708333333335e-05 0.00014843750000000002
8 0.0013639322916666667 0.0007994791666666668 0.00013509114583333334 6.510416666666668e-05
8 0.0013769531250000001 0.0008125000000000001 0.00012858072916666668 9.375000000000002e-05
8 0.0014762369791666667 0.0007994791666666668 0.000126953125 8.333333333333334e-05
8 0.0014664713541666667 0.0008020833333333335 0.00011067708333333334 8.854166666666667e-05
9 0.0015218098958333336 0.0008593750000000001 3.580729166666667e-05 0.00015625000000000003