8 0.0001495361328125 0.0009857177734375001 0.0001495361328125 0.000262451171875
8 0.000335693359375 0.000919342041015625 0.0001678466796875 0.00015106201171875
12 0.00026550292968750003 0.0007575988769531251 1.8310546875000003e-05 4.119873046875e-05
8 0.00039596557617187504 0.0008911132812500001 6.561279296875e-05 0.00014648437500000002
8 0.00047607421875000004 0.000861358642578125 5.1879882812500005e-05 9.307861328125001e-05
8 0.000577545166015625 0.0008415222167968751 8.392333984375e-05 6.256103515625001e-05
12 0.00055999755859375 0.0006378173828125001 2.1362304687500002e-05 5.4931640625e-05
8 0.0006866455078125 0.0008491516113281251 6.7138671875e-05 8.087158203125001e-05
12 0.000640869140625 0.00064239501953125 1.8310546875000003e-05 5.1879882812500005e-05
12 0.00077972412109375 0.0007499694824218751 2.1362304687500002e-05 6.256103515625001e-05
8 0.000865936279296875 0.000830841064453125 9.307861328125001e-05 5.9509277343750005e-05
12 0.0008262634277343751 0.00067901611328125 3.204345703125e-05 8.544921875000001e-05
12 0.000823974609375 0.000676727294921875 2.44140625e-05 6.561279296875e-05
9 0.001306915283203125 0.0007446289062500001 2.5939941406250003e-05 7.324218750000001e-05
9 0.001367950439453125 0.000739288330078125 3.5095214843750004e-05 8.392333984375e-05