8 2.44140625e-05 0.0008514404296875001 2.44140625e-05 0.00010070800781250001
8 0.000194549560546875 0.000830841064453125 0.00014190673828125 0.00012969970703125
8 0.00023422241210937502 0.00078887939453125 4.730224609375e-05 5.1879882812500005e-05
8 0.00030822753906250004 0.00081787109375 9.1552734375e-05 0.00010375976562500001
12 0.0006111145019531251 0.0005081176757812501 3.814697265625e-05 0.000128173828125
12 0.00061798095703125 0.000478363037109375 2.74658203125e-05 9.613037109375001e-05
8 0.001009368896484375 0.001177215576171875 0.00041656494140625 0.00050506591796875
11 0.0008148193359375001 0.000484466552734375 3.35693359375e-05 9.613037109375001e-05
11 0.001024627685546875 0.000525665283203125 4.119873046875e-05 0.00011444091796875
8 0.001189422607421875 0.0007652282714843751 8.392333984375e-05 5.9509277343750005e-05
8 0.0015541076660156251 0.0011749267578125 0.00041046142578125003 0.0006072998046875001
11 0.001194000244140625 0.0006546020507812501 3.814697265625e-05 0.00010986328125
11 0.0011878967285156251 0.000629425048828125 2.5939941406250003e-05 7.781982421875001e-05