8 0.00020751953125000002 0.0009765625000000002 0.00020670572916666667 0.0002096354166666667
8 0.0015616861979166668 0.00087890625 0.00013427734375 0.00013671875
7 0.0010555013020833333 0.0008945312500000003 4.069010416666667e-05 0.00014062500000000002
8 0.00023925781250000002 0.0008984374999999999 0.00010253906250000001 0.00011458333333333334
8 0.0007698567708333333 0.0013359375 0.0005078125 0.0006406250000000001
12 0.0004541015625000001 0.0004739583333333334 2.9296875e-05 8.333333333333334e-05
12 0.0006233723958333333 0.0004947916666666667 2.2786458333333334e-05 9.114583333333334e-05
9 0.0008593750000000001 0.0008437500000000001 1.7903645833333333e-05 8.593750000000001e-05
12 0.0008935546875 0.0006796875000000002 2.44140625e-05 8.333333333333334e-05
9 0.0008951822916666666 0.0008515625000000001 2.44140625e-05 9.895833333333334e-05
8 0.001298828125 0.0009010416666666667 0.0002799479166666667 0.0001510416666666667