8 0.00016174316406250002 0.00094146728515625 0.00016174316406250002 0.0001739501953125
8 0.0015617370605468751 0.00114898681640625 0.00016326904296875002 0.0004913330078125
8 0.0015235900878906251 0.001043701171875 0.00037689208984375004 0.0003509521484375
8 0.000521087646484375 0.000844573974609375 8.697509765625e-05 8.392333984375e-05
8 0.0005096435546875 0.000830841064453125 6.40869140625e-05 5.9509277343750005e-05
8 0.0005462646484375001 0.000827789306640625 7.324218750000001e-05 9.307861328125001e-05
8 0.0005348205566406251 0.000812530517578125 2.8991699218750002e-05 7.781982421875001e-05
8 0.0005645751953125 0.000820159912109375 3.35693359375e-05 6.256103515625001e-05
8 0.0008087158203125 0.000827789306640625 7.019042968750001e-05 0.00011444091796875
8 0.0009635925292968751 0.0008491516113281251 8.392333984375e-05 0.00012969970703125
8 0.001003265380859375 0.0008857727050781251 6.866455078125e-05 0.00013275146484375002
8 0.00105743408203125 0.00090789794921875 6.7138671875e-05 0.00015563964843750002
8 0.001146697998046875 0.0009506225585937501 9.918212890625e-05 0.00021667480468750002
8 0.001197052001953125 0.00093994140625 0.00014495849609375 0.0001953125