8 4.720052083333334e-05 0.0008645833333333334 4.557291666666667e-05 7.291666666666667e-05
12 0.00011230468749999999 0.0007317708333333334 3.255208333333333e-05 6.510416666666668e-05
12 0.00011230468749999999 0.0007604166666666667 2.604166666666667e-05 7.552083333333335e-05
8 0.00022460937499999998 0.0008515625000000001 5.371093750000001e-05 7.031250000000001e-05
8 0.00029622395833333334 0.0008437500000000001 5.533854166666667e-05 6.510416666666668e-05
8 0.000380859375 0.0008411458333333334 7.161458333333333e-05 8.333333333333334e-05
12 0.0003483072916666667 0.0006223958333333334 2.9296875e-05 8.593750000000001e-05
8 0.0009651692708333333 0.0013177083333333337 0.0005908203125 0.0008229166666666668
8 0.0004475911458333333 0.0008645833333333335 6.510416666666667e-05 0.00014062500000000002
10 0.0009440104166666668 0.0006302083333333334 5.208333333333334e-05 9.375000000000002e-05
8 0.0011230468750000001 0.0009140624999999999 0.00017903645833333335 0.00016145833333333336
9 0.0011490885416666665 0.0009244791666666668 5.533854166666667e-05 0.00022656250000000004
9 0.0011669921875 0.00096875 7.161458333333333e-05 0.00029687500000000005
8 0.0015608723958333336 0.0012864583333333335 0.00019368489583333336 0.000484375