8 0.00030059814453125004 0.00101318359375 0.0002532958984375 0.0002288818359375
8 0.00045318603515625004 0.0009140014648437501 0.0001129150390625 0.0001373291015625
8 0.0007354736328125 0.0012107849121093751 0.0003753662109375 0.00045013427734375
11 0.00039901733398437503 0.000705718994140625 2.5939941406250003e-05 7.781982421875001e-05
8 0.00080413818359375 0.000988006591796875 0.0001739501953125 0.00027923583984375
8 0.000823974609375 0.000911712646484375 7.62939453125e-05 0.00016937255859375002
8 0.0009544372558593751 0.000897979736328125 0.00016632080078125 0.00015411376953125002
11 0.000823211669921875 0.00068206787109375 2.8991699218750002e-05 9.1552734375e-05
8 0.000972747802734375 0.0008796691894531251 0.00016632080078125 0.00012969970703125
9 0.0009063720703125001 0.0009216308593750001 4.57763671875e-05 0.0001953125
9 0.0009185791015625 0.0009391784667968751 2.44140625e-05 0.00021820068359375
9 0.00095367431640625 0.0009063720703125001 4.57763671875e-05 0.00017700195312500002
9 0.001013946533203125 0.000896453857421875 4.119873046875e-05 0.00016937255859375002
9 0.00113983154296875 0.000846099853515625 2.74658203125e-05 0.00013275146484375002
9 0.00120849609375 0.000846099853515625 7.019042968750001e-05 0.00011444091796875
8 0.0015609741210937502 0.0013519287109375001 0.0003173828125 0.0008209228515625001