8 0.000283203125 0.0008463541666666667 9.27734375e-05 8.593750000000001e-05
8 0.000400390625 0.0008125000000000001 6.184895833333334e-05 8.333333333333334e-05
8 0.0004020182291666666 0.0008125000000000001 5.696614583333334e-05 6.25e-05
11 0.000478515625 0.0006953125000000001 2.2786458333333334e-05 5.729166666666667e-05
11 0.0004817708333333333 0.0006822916666666668 2.2786458333333334e-05 6.25e-05
8 0.0007600911458333333 0.0008541666666666668 0.00010742187500000001 0.000125
11 0.0007112630208333334 0.0006093750000000001 1.9531250000000004e-05 4.947916666666667e-05
11 0.0007112630208333334 0.0006171875000000001 1.9531250000000004e-05 4.166666666666667e-05
11 0.0007975260416666669 0.0007265625000000001 2.2786458333333334e-05 6.770833333333334e-05
11 0.00080078125 0.0007005208333333334 2.44140625e-05 5.468750000000001e-05
11 0.0009944661458333333 0.0006822916666666668 3.4179687499999996e-05 9.635416666666668e-05
11 0.0009993489583333334 0.0006718750000000002 3.580729166666667e-05 9.114583333333334e-05