8 0.00055084228515625 0.000835418701171875 4.8828125e-05 4.730224609375e-05
8 0.0004974365234375 0.0008529663085937501 7.019042968750001e-05 6.7138671875e-05
8 0.00044097900390625003 0.0008819580078125001 0.00010070800781250001 0.0001129150390625
8 0.00026397705078125 0.00096893310546875 0.0002288818359375 0.000225830078125
8 0.000390625 0.000907135009765625 0.0001220703125 0.00013580322265625
12 0.00029449462890625 0.0007713317871093751 1.8310546875000003e-05 4.119873046875e-05
12 0.0005706787109375 0.00065155029296875 2.1362304687500002e-05 5.4931640625e-05
12 0.0006507873535156251 0.0006645202636718751 2.5939941406250003e-05 6.256103515625001e-05
8 0.0006950378417968751 0.000853729248046875 6.866455078125e-05 8.392333984375e-05
8 0.0007804870605468751 0.000835418701171875 9.307861328125001e-05 5.9509277343750005e-05
12 0.000811767578125 0.0006950378417968751 2.44140625e-05 6.561279296875e-05
12 0.00081634521484375 0.00069732666015625 2.74658203125e-05 6.7138671875e-05
9 0.0011909484863281252 0.0007690429687500001 2.5939941406250003e-05 7.324218750000001e-05
9 0.0012443542480468752 0.0007652282714843751 3.814697265625e-05 8.392333984375e-05