7 5.645751953125e-05 0.0009445190429687501 4.8828125e-05 0.0001373291015625
7 4.1961669921875e-05 0.00091094970703125 2.5939941406250003e-05 0.00010375976562500001
12 6.103515625e-05 0.000736236572265625 3.96728515625e-05 9.307861328125001e-05
7 0.00010452270507812501 0.000937652587890625 5.0354003906250004e-05 0.00013580322265625
7 8.087158203125001e-05 0.0009033203125 2.1362304687500002e-05 0.00010375976562500001
8 0.000301361083984375 0.000904083251953125 0.00014801025390625002 0.00015106201171875
14 0.000299072265625 0.0008949279785156251 0.000128173828125 0.00012969970703125
8 0.00039520263671875003 0.000823974609375 0.00010375976562500001 5.7983398437500004e-05
14 0.00038909912109375 0.00085601806640625 8.850097656250001e-05 8.850097656250001e-05
8 0.00039138793945312503 0.0008857727050781251 9.002685546875e-05 7.476806640625e-05
14 0.00055694580078125 0.00087738037109375 0.00015563964843750002 0.0002288818359375
8 0.000608062744140625 0.000848388671875 5.0354003906250004e-05 5.4931640625e-05
8 0.0006561279296875 0.0008392333984375 5.4931640625e-05 5.4931640625e-05
12 0.00069580078125 0.000554656982421875 3.0517578125e-05 9.307861328125001e-05
12 0.000815582275390625 0.000560760498046875 3.814697265625e-05 0.00010223388671875
12 0.001032257080078125 0.00070343017578125 3.5095214843750004e-05 0.00010375976562500001
8 0.001421356201171875 0.0008834838867187501 0.00024871826171875 0.000164794921875