8 0.00019205729166666666 0.0008463541666666667 9.765625e-05 8.333333333333334e-05
8 0.00031575520833333336 0.0008489583333333334 8.626302083333333e-05 7.812500000000002e-05
8 0.0003043619791666667 0.0008307291666666668 6.998697916666667e-05 5.729166666666667e-05
8 0.000341796875 0.0008489583333333335 3.580729166666667e-05 8.072916666666668e-05
8 0.000400390625 0.0008255208333333334 5.0455729166666666e-05 5.729166666666667e-05
8 0.0003955078125 0.0008359375000000003 4.2317708333333335e-05 6.770833333333334e-05
8 0.0006982421875 0.0008098958333333335 6.835937499999999e-05 6.510416666666668e-05
11 0.0006819661458333334 0.0006770833333333334 2.9296875e-05 5.208333333333334e-05
8 0.0008463541666666667 0.0009283854166666668 0.00015218098958333335 0.0001979166666666667
11 0.0007242838541666667 0.0006744791666666668 1.7903645833333333e-05 4.687500000000001e-05
11 0.0008479817708333332 0.0007213541666666668 2.1158854166666667e-05 4.687500000000001e-05