8 0.0007861328124999999 0.0008424479166666667 0.00011555989583333335 7.812500000000002e-05
8 0.000302734375 0.0008750000000000001 0.00020507812500000002 0.00010937500000000002
8 0.0002978515625 0.0008749999999999999 0.00019205729166666666 9.895833333333334e-05
8 0.00034993489583333334 0.0008802083333333334 5.533854166666667e-05 8.854166666666667e-05
8 0.0005240885416666666 0.0008828125000000001 0.00018391927083333335 0.00011979166666666669
8 0.0005257161458333333 0.0008776041666666667 0.00018391927083333335 0.00010156250000000001
8 0.0005989583333333333 0.0008619791666666668 0.00010091145833333333 9.114583333333334e-05
8 0.000595703125 0.0008645833333333334 7.486979166666666e-05 7.812500000000002e-05
8 0.0006233723958333334 0.0008489583333333334 3.580729166666667e-05 6.25e-05
8 0.0009440104166666667 0.0008333333333333334 0.000166015625 9.895833333333334e-05
8 0.0012451171875000001 0.0009739583333333335 0.0002490234375 0.0002421875
8 0.0013199869791666668 0.0008307291666666668 0.00011393229166666668 9.635416666666668e-05
8 0.0013199869791666668 0.0008203125000000001 0.00010904947916666668 7.552083333333335e-05
8 0.0015592447916666667 0.001166666666666667 0.00026041666666666666 0.0004895833333333334