8 0.00010070800781250001 0.00100555419921875 0.00010070800781250001 0.00012512207031250002
8 0.000171661376953125 0.001007843017578125 0.00012969970703125 0.00017242431640625
8 0.000170135498046875 0.0010047912597656251 7.781982421875001e-05 0.00015411376953125002
8 0.00023956298828125002 0.00100555419921875 7.324218750000001e-05 0.0001373291015625
8 0.0003173828125 0.000882720947265625 0.000128173828125 0.00010223388671875
8 0.000283050537109375 0.000983428955078125 5.0354003906250004e-05 9.307861328125001e-05
8 0.00040130615234375 0.000909423828125 0.0001220703125 8.850097656250001e-05
8 0.000366973876953125 0.000975799560546875 6.561279296875e-05 0.00012969970703125
14 0.000836944580078125 0.001177215576171875 0.00045623779296875003 0.00095367431640625
9 0.0008796691894531251 0.000984954833984375 3.814697265625e-05 0.00019073486328125
9 0.0008941650390625 0.0009918212890625 2.74658203125e-05 0.0001800537109375
9 0.001226806640625 0.000875091552734375 6.40869140625e-05 9.613037109375001e-05
9 0.0015304565429687502 0.0009483337402343751 7.324218750000001e-05 0.00016632080078125
9 0.00150909423828125 0.000966644287109375 3.96728515625e-05 0.00018768310546875
9 0.0015594482421875 0.00099945068359375 3.96728515625e-05 0.00026550292968750003