8 0.00031901041666666666 0.0007526041666666667 6.184895833333334e-05 7.552083333333335e-05
8 0.00031901041666666666 0.0007473958333333334 5.533854166666667e-05 5.729166666666667e-05
8 0.0003580729166666667 0.0007421875000000001 3.255208333333333e-05 4.687500000000001e-05
8 0.0003564453125 0.0007473958333333334 2.9296875e-05 5.208333333333334e-05
8 0.0004248046875 0.0007552083333333334 5.208333333333334e-05 5.729166666666667e-05
8 0.000419921875 0.0007604166666666667 4.2317708333333335e-05 5.9895833333333344e-05
8 0.0004996744791666667 0.0007552083333333334 5.0455729166666666e-05 6.510416666666668e-05
8 0.0005013020833333333 0.00075 4.720052083333334e-05 5.729166666666667e-05
8 0.0005387369791666666 0.0007526041666666668 3.743489583333333e-05 7.031250000000001e-05
8 0.0005289713541666667 0.0007526041666666667 2.7669270833333335e-05 5.208333333333334e-05
8 0.0008300781250000001 0.0007942708333333334 6.510416666666667e-05 7.552083333333335e-05
12 0.0008284505208333333 0.0005833333333333334 3.906250000000001e-05 5.208333333333334e-05
8 0.0009554036458333334 0.0008281250000000001 8.30078125e-05 0.00011979166666666669
12 0.0009212239583333334 0.0006223958333333334 3.092447916666667e-05 5.9895833333333344e-05
8 0.0010807291666666667 0.0007447916666666667 4.720052083333334e-05 4.166666666666667e-05
12 0.0010725911458333334 0.0006354166666666667 2.1158854166666667e-05 3.6458333333333336e-05
12 0.0010709635416666667 0.0006458333333333333 1.7903645833333333e-05 8.854166666666667e-05
7 0.001181640625 0.0008072916666666668 3.092447916666667e-05 7.812500000000002e-05