8 0.0005043029785156251 0.00087738037109375 0.00013885498046875 0.000128173828125
8 0.000494384765625 0.00085601806640625 0.0001068115234375 0.00010375976562500001
8 0.00055694580078125 0.0008567810058593751 8.850097656250001e-05 0.00013580322265625
8 0.00056304931640625 0.0008544921875 7.9345703125e-05 0.00012512207031250002
8 0.0008987426757812501 0.0008880615234375 0.00011901855468750001 0.00019226074218750002
8 0.000966644287109375 0.00081024169921875 4.730224609375e-05 8.850097656250001e-05
8 0.001007080078125 0.0008377075195312501 5.7983398437500004e-05 0.0001220703125
8 0.001104736328125 0.00086517333984375 0.00014038085937500002 0.000164794921875
8 0.0010925292968750001 0.00086517333984375 0.00012512207031250002 0.00015869140625
8 0.001146697998046875 0.0008071899414062501 6.561279296875e-05 0.00010375976562500001
8 0.00135040283203125 0.000968170166015625 0.000244140625 0.00027313232421875003