8 0.00015625000000000003 0.0008697916666666667 0.00015625000000000003 0.0001744791666666667
8 0.0003059895833333333 0.0008489583333333334 0.0001611328125 9.114583333333334e-05
11 0.00048339843749999994 0.0006796875000000002 2.2786458333333334e-05 9.375000000000002e-05
11 0.0004899088541666667 0.0006796875000000001 2.9296875e-05 5.9895833333333344e-05
8 0.0006982421875 0.0008072916666666668 5.533854166666667e-05 8.072916666666668e-05
8 0.0008203125000000001 0.0007942708333333334 4.8828125e-05 6.770833333333334e-05
11 0.0008707682291666668 0.0005286458333333334 2.7669270833333335e-05 7.552083333333335e-05
11 0.0008740234375000001 0.0005364583333333333 2.9296875e-05 4.947916666666667e-05
8 0.0009814453125 0.0008203125000000001 7.486979166666666e-05 0.00011197916666666668
8 0.0013362630208333334 0.0011145833333333335 0.0003531901041666667 0.00047916666666666675
11 0.0010335286458333333 0.0006588541666666667 1.9531250000000004e-05 6.510416666666668e-05
11 0.0011865234375 0.0005833333333333335 4.069010416666667e-05 0.00011718750000000002
11 0.0011800130208333335 0.0005885416666666668 2.7669270833333335e-05 6.770833333333334e-05