8 0.00024251302083333335 0.0012057291666666668 0.00024251302083333335 0.0006588541666666667
8 0.0004980468750000001 0.0008177083333333334 6.0221354166666675e-05 7.031250000000001e-05
8 0.0005078125 0.0008098958333333335 5.859375e-05 6.510416666666668e-05
8 0.0005452473958333335 0.0008046875000000001 5.0455729166666666e-05 5.468750000000001e-05
8 0.0005875651041666667 0.0008125000000000001 4.557291666666667e-05 7.291666666666667e-05
8 0.0006819661458333333 0.0008385416666666668 8.951822916666667e-05 0.00011979166666666669
8 0.0007145182291666667 0.0008046875000000001 5.533854166666667e-05 7.812500000000002e-05
8 0.0009391276041666668 0.0008411458333333334 8.626302083333333e-05 9.895833333333334e-05
8 0.001083984375 0.0009296875 0.00015462239583333333 0.00026302083333333337
8 0.0010807291666666667 0.0009348958333333335 0.00014973958333333332 0.0002526041666666667
8 0.0013134765625 0.0010026041666666668 0.000283203125 0.0003359375000000001