8 0.00036849975585937503 0.0008987426757812501 0.00025177001953125 0.00018615722656250002
10 0.00010223388671875 0.0006591796875 2.74658203125e-05 7.324218750000001e-05
7 0.00022811889648437502 0.0008171081542968751 6.561279296875e-05 8.087158203125001e-05
7 0.00021514892578125002 0.000859832763671875 3.96728515625e-05 0.00011444091796875
12 0.000608062744140625 0.0006584167480468751 2.8991699218750002e-05 9.613037109375001e-05
12 0.0006072998046875001 0.000617218017578125 2.44140625e-05 7.476806640625e-05
8 0.0006591796875 0.0008262634277343751 4.57763671875e-05 6.561279296875e-05
8 0.000652313232421875 0.0008224487304687501 3.5095214843750004e-05 5.4931640625e-05
8 0.000753021240234375 0.00081024169921875 5.0354003906250004e-05 4.8828125e-05
8 0.0009101867675781251 0.00085601806640625 5.9509277343750005e-05 0.00010375976562500001
12 0.00103607177734375 0.000653839111328125 2.74658203125e-05 9.613037109375001e-05
9 0.0011116027832031251 0.000843048095703125 2.5939941406250003e-05 0.00011138916015625001
9 0.0015617370605468751 0.00131988525390625 6.256103515625001e-05 0.0008148193359375001