8 0.000252532958984375 0.0009780883789062501 0.00023345947265625 0.0002471923828125
8 0.00034942626953125003 0.000926971435546875 0.000189208984375 0.00022430419921875002
11 0.00056610107421875 0.00072479248046875 2.1362304687500002e-05 5.7983398437500004e-05
8 0.0006439208984375 0.000827789306640625 4.57763671875e-05 7.781982421875001e-05
8 0.0008148193359375001 0.0008361816406250001 7.62939453125e-05 0.00014038085937500002
11 0.000814056396484375 0.00062713623046875 3.204345703125e-05 6.7138671875e-05
8 0.000937652587890625 0.0008491516113281251 6.256103515625001e-05 0.00012054443359375
11 0.000911712646484375 0.000713348388671875 2.8991699218750002e-05 4.730224609375e-05
11 0.0009185791015625 0.000713348388671875 2.74658203125e-05 7.476806640625e-05
8 0.0010276794433593751 0.000885009765625 0.00010833740234375001 0.00015563964843750002
8 0.001322174072265625 0.001000213623046875 0.00030975341796875 0.00029144287109375