9 0.0015576171875000002 0.0009570312500000001 5.940755208333333e-05 0.00022786458333333336
8 0.00015136718750000003 0.0008906250000000001 9.440104166666668e-05 0.00010937500000000002
8 0.0001432291666666667 0.0008645833333333334 7.975260416666667e-05 7.031250000000001e-05
8 0.0002604166666666667 0.0008776041666666668 8.463541666666667e-05 7.812500000000002e-05
11 0.00035319010416666664 0.00053125 5.859375e-05 0.00018750000000000003
8 0.00040527343750000003 0.0008906249999999999 0.00010579427083333334 8.593750000000001e-05
11 0.0005257161458333333 0.0007187500000000002 3.743489583333333e-05 8.593750000000001e-05
8 0.0005794270833333334 0.0008828125000000001 9.114583333333334e-05 8.072916666666668e-05
11 0.0005143229166666667 0.0007135416666666668 2.2786458333333334e-05 7.031250000000001e-05
8 0.0005631510416666667 0.0008880208333333334 5.696614583333334e-05 7.812500000000002e-05
8 0.0006575520833333333 0.0008906250000000001 0.00010904947916666668 0.00010937500000000002
8 0.0006396484375 0.0008854166666666667 8.789062500000001e-05 8.854166666666667e-05
8 0.0009000651041666667 0.0011015625000000001 0.0002848307291666667 0.000390625
12 0.0007731119791666667 0.0006093750000000001 2.604166666666667e-05 7.812500000000002e-05
11 0.0009016927083333333 0.0007421875000000001 2.44140625e-05 5.208333333333334e-05
14 0.0012565104166666668 0.0009661458333333335 0.0002848307291666667 0.0005052083333333334
8 0.0014925130208333333 0.0009453125000000002 3.743489583333333e-05 0.00016927083333333334