8 0.00031280517578125 0.0008224487304687501 0.00010375976562500001 7.019042968750001e-05
8 0.000310516357421875 0.000823211669921875 9.002685546875e-05 5.9509277343750005e-05
11 0.000516510009765625 0.000745391845703125 2.288818359375e-05 4.730224609375e-05
8 0.0006584167480468751 0.0008934020996093751 0.00012359619140625 0.00019073486328125
8 0.0006965637207031251 0.000850677490234375 4.4250488281250005e-05 0.00011138916015625001
8 0.00069580078125 0.000844573974609375 3.35693359375e-05 0.00010223388671875
8 0.0007171630859375 0.0008361816406250001 2.44140625e-05 9.1552734375e-05
11 0.0007255554199218751 0.0006774902343750001 1.983642578125e-05 5.4931640625e-05
11 0.000728607177734375 0.0006645202636718751 2.288818359375e-05 4.119873046875e-05
11 0.0007942199707031251 0.0006500244140625 1.983642578125e-05 4.8828125e-05
11 0.000798797607421875 0.000653839111328125 2.288818359375e-05 5.9509277343750005e-05
10 0.0010238647460937501 0.000682830810546875 3.0517578125e-05 8.087158203125001e-05
11 0.001026153564453125 0.0006774902343750001 2.288818359375e-05 6.7138671875e-05