8 0.00010833740234375001 0.0010238647460937501 0.0001068115234375 0.0002105712890625
8 0.0015617370605468751 0.001245880126953125 0.00029449462890625 0.00049896240234375
8 0.00023651123046875 0.0009658813476562501 0.00014038085937500002 0.00015563964843750002
8 0.000301361083984375 0.000946044921875 9.002685546875e-05 0.000128173828125
8 0.00037307739257812504 0.0009292602539062501 7.781982421875001e-05 0.0001068115234375
8 0.00052490234375 0.000890350341796875 7.9345703125e-05 9.613037109375001e-05
8 0.0007110595703125 0.000876617431640625 5.7983398437500004e-05 9.307861328125001e-05
8 0.0008148193359375001 0.000882720947265625 4.8828125e-05 8.087158203125001e-05
8 0.0008949279785156251 0.00091094970703125 9.918212890625e-05 0.0001220703125
8 0.0008872985839843751 0.000909423828125 8.087158203125001e-05 0.0001220703125
8 0.001071929931640625 0.000960540771484375 0.00019378662109375002 0.00023956298828125002
8 0.00137176513671875 0.0010734558105468751 0.0003204345703125 0.00033111572265625004