9 0.00025146484375 0.0009414062500000001 3.336588541666667e-05 0.00011328125000000002
9 0.00093994140625 0.0008723958333333334 2.44140625e-05 0.00010156250000000001
9 0.00017903645833333335 0.0009322916666666668 3.743489583333333e-05 9.375000000000002e-05
9 0.0003076171875 0.0009375000000000002 3.255208333333333e-05 0.00014062500000000002
11 0.00038736979166666667 0.0007161458333333334 3.580729166666667e-05 7.812500000000002e-05
11 0.00038248697916666666 0.0007187500000000001 3.092447916666667e-05 7.291666666666667e-05
9 0.000390625 0.0009244791666666668 2.7669270833333335e-05 0.00011458333333333334
8 0.000537109375 0.0009244791666666668 0.00010091145833333333 0.00011718750000000002
8 0.0005615234375000001 0.0009322916666666668 3.906250000000001e-05 0.00011718750000000002
8 0.0008235677083333334 0.0011484375000000002 0.0002978515625 0.0004583333333333334
11 0.0009342447916666667 0.0007031250000000001 3.743489583333333e-05 9.895833333333334e-05
9 0.0009651692708333333 0.0008697916666666667 2.1158854166666667e-05 0.00011458333333333334
9 0.0010563151041666668 0.0008723958333333334 4.557291666666667e-05 0.00012239583333333335
9 0.0011279296875 0.0008645833333333334 4.2317708333333335e-05 0.00011979166666666669
9 0.0011214192708333332 0.0008723958333333334 2.44140625e-05 0.000125
8 0.0015576171875 0.0014869791666666668 0.0003955078125 0.0008046875000000001