8 0.00039596557617187504 0.00091094970703125 0.00014190673828125 0.00014038085937500002
8 0.00039520263671875003 0.0009315490722656251 0.000128173828125 0.00016632080078125
8 0.000689697265625 0.00112457275390625 0.0003021240234375 0.00046081542968750004
12 0.000689697265625 0.0007659912109375 2.1362304687500002e-05 5.4931640625e-05
8 0.0007293701171875001 0.00099639892578125 4.8828125e-05 0.000225830078125
8 0.0007904052734375001 0.0008285522460937501 3.35693359375e-05 3.35693359375e-05
8 0.0008476257324218751 0.000846099853515625 5.0354003906250004e-05 7.781982421875001e-05
11 0.00089569091796875 0.0006195068359375 2.1362304687500002e-05 6.7138671875e-05
11 0.0009010314941406251 0.00063323974609375 1.678466796875e-05 5.7983398437500004e-05
8 0.0009635925292968751 0.0008392333984375 3.5095214843750004e-05 5.7983398437500004e-05
11 0.001039886474609375 0.0007293701171875001 2.288818359375e-05 5.7983398437500004e-05
11 0.0010391235351562501 0.00075836181640625 1.8310546875000003e-05 5.1879882812500005e-05
11 0.0013854980468750002 0.000640869140625 2.44140625e-05 7.324218750000001e-05
11 0.00138092041015625 0.000669097900390625 1.8310546875000003e-05 7.476806640625e-05
8 0.001544952392578125 0.0008590698242187501 0.00017852783203125002 0.00014038085937500002
8 0.0015571594238281252 0.0008300781250000001 0.00017242431640625 0.0001068115234375