8 8.951822916666667e-05 0.00103125 8.951822916666667e-05 0.0001744791666666667
8 0.00010579427083333334 0.0010442708333333335 9.928385416666667e-05 0.0001979166666666667
8 0.00017740885416666667 0.0010234375 8.789062500000001e-05 0.0001354166666666667
8 0.0002880859375 0.0009557291666666668 0.00017252604166666667 0.00016145833333333336
8 0.00027832031250000003 0.0009166666666666669 0.000126953125 0.00011197916666666668
8 0.00022460937499999998 0.0010026041666666668 5.0455729166666666e-05 9.375000000000002e-05
8 0.0003271484375 0.0009947916666666668 6.510416666666667e-05 0.00013020833333333336
8 0.00040201822916666673 0.0009088541666666668 0.0001220703125 8.854166666666667e-05
8 0.0003352864583333333 0.0009765625 5.0455729166666666e-05 0.00011979166666666669
14 0.0007242838541666667 0.0010364583333333335 0.000263671875 0.0005338541666666667
9 0.0007861328124999999 0.0009635416666666668 4.557291666666667e-05 0.00014583333333333335
9 0.0008691406250000001 0.0010052083333333334 4.3945312500000005e-05 0.0002057291666666667
9 0.0008886718750000001 0.001 2.7669270833333335e-05 0.00017968750000000002
9 0.0012320963541666667 0.0008723958333333334 6.184895833333334e-05 6.770833333333334e-05
9 0.0015592447916666667 0.001 3.906250000000001e-05 0.000265625