8 0.000283050537109375 0.00096893310546875 0.00028228759765625 0.00019226074218750002
8 0.000769805908203125 0.00133819580078125 0.0005081176757812501 0.000640869140625
12 0.00045318603515625004 0.00047607421875000004 3.0517578125e-05 9.1552734375e-05
12 0.000623321533203125 0.000498199462890625 2.5939941406250003e-05 9.918212890625e-05
8 0.001082611083984375 0.0009201049804687501 0.00027923583984375 0.00016174316406250002
9 0.000844573974609375 0.000846099853515625 1.983642578125e-05 8.087158203125001e-05
9 0.000868988037109375 0.00081024169921875 2.288818359375e-05 5.1879882812500005e-05
9 0.000896453857421875 0.0008094787597656251 3.814697265625e-05 6.256103515625001e-05
12 0.0008941650390625 0.00068206787109375 2.74658203125e-05 9.1552734375e-05
7 0.001276397705078125 0.00089263916015625 9.918212890625e-05 0.00015563964843750002
8 0.0015609741210937502 0.00088043212890625 0.00014038085937500002 0.0001373291015625