14 0.000206756591796875 0.000926971435546875 0.00020599365234375 0.00013580322265625
8 0.0002105712890625 0.0009292602539062501 0.0002105712890625 0.0001373291015625
9 9.994506835937501e-05 0.0009483337402343751 4.119873046875e-05 0.00011444091796875
14 0.000272369384765625 0.000919342041015625 0.00011138916015625001 0.00013580322265625
8 0.000274658203125 0.000926971435546875 0.0001129150390625 0.00013275146484375002
12 0.00022811889648437502 0.000726318359375 3.5095214843750004e-05 0.0001068115234375
14 0.00036163330078125004 0.0008781433105468751 9.765625e-05 5.9509277343750005e-05
8 0.00035858154296875 0.000919342041015625 9.46044921875e-05 8.392333984375e-05
8 0.0005310058593750001 0.000949859619140625 0.00011596679687500001 0.00012969970703125
8 0.000553131103515625 0.000926971435546875 5.340576171875e-05 0.00010223388671875
8 0.00079345703125 0.0009246826171875 4.57763671875e-05 0.00010375976562500001
8 0.000850677490234375 0.0009292602539062501 9.307861328125001e-05 0.00010986328125
10 0.0009468078613281251 0.0006744384765625 4.4250488281250005e-05 0.00012512207031250002
12 0.001296234130859375 0.000720977783203125 3.814697265625e-05 6.256103515625001e-05