8 0.0001904296875 0.0008125000000000001 9.765625e-05 5.468750000000001e-05
8 0.00040201822916666673 0.0007942708333333334 7.324218750000001e-05 7.031250000000001e-05
8 0.00047037760416666674 0.0008020833333333335 5.696614583333334e-05 7.552083333333335e-05
8 0.0005452473958333335 0.0008098958333333334 6.0221354166666675e-05 9.114583333333334e-05
8 0.0005419921875 0.0007942708333333335 5.533854166666667e-05 5.9895833333333344e-05
8 0.0006250000000000001 0.0008177083333333334 6.673177083333334e-05 8.333333333333334e-05
11 0.0005859375 0.0006093750000000001 2.2786458333333334e-05 7.552083333333335e-05
11 0.0005875651041666667 0.0006041666666666668 2.44140625e-05 5.9895833333333344e-05
8 0.0007096354166666667 0.0008229166666666667 6.835937499999999e-05 8.333333333333334e-05
11 0.0006722005208333334 0.0006067708333333334 1.9531250000000004e-05 6.770833333333334e-05
11 0.0006819661458333334 0.0006145833333333333 2.7669270833333335e-05 6.510416666666668e-05
8 0.0007291666666666666 0.0007968750000000001 4.720052083333334e-05 6.770833333333334e-05
8 0.0007991536458333334 0.0008046875000000001 4.720052083333334e-05 7.291666666666667e-05
11 0.0009212239583333334 0.0007057291666666668 2.7669270833333335e-05 5.468750000000001e-05
11 0.0009195963541666669 0.0007057291666666668 2.2786458333333334e-05 5.208333333333334e-05
9 0.001005859375 0.0008359375000000001 4.2317708333333335e-05 0.00011197916666666668
11 0.0010286458333333335 0.0006666666666666668 2.7669270833333335e-05 9.114583333333334e-05
11 0.0010270182291666667 0.0006692708333333335 2.2786458333333334e-05 8.593750000000001e-05
14 0.0013134765625 0.0007708333333333334 6.835937499999999e-05 0.00014583333333333335
14 0.0014127604166666668 0.0007343750000000001 0.0001318359375 0.00015885416666666668
14 0.0015576171875 0.0007552083333333334 0.0002197265625 0.0002057291666666667