7 0.001268768310546875 0.000897979736328125 9.307861328125001e-05 0.00015411376953125002
8 0.00025024414062500003 0.0008987426757812501 0.0001220703125 0.00010986328125
8 0.000769805908203125 0.0013366699218750001 0.0005081176757812501 0.000640869140625
12 0.00045318603515625004 0.0004730224609375 3.0517578125e-05 8.544921875000001e-05
12 0.0006240844726562501 0.000495147705078125 2.44140625e-05 9.307861328125001e-05
9 0.0008438110351562501 0.000848388671875 1.8310546875000003e-05 8.544921875000001e-05
9 0.00087127685546875 0.0008567810058593751 2.44140625e-05 9.918212890625e-05
9 0.0008987426757812501 0.000885009765625 3.96728515625e-05 0.0001373291015625
12 0.0008934020996093751 0.00067901611328125 2.5939941406250003e-05 8.544921875000001e-05
7 0.00106048583984375 0.00089569091796875 5.7983398437500004e-05 0.0001434326171875
8 0.0015571594238281252 0.000890350341796875 0.00024261474609375 0.00015106201171875