8 0.000152587890625 0.001055145263671875 0.000152587890625 0.00032806396484375
8 0.000164794921875 0.00103759765625 0.000164794921875 0.00030517578125
8 0.00024185180664062502 0.0010345458984375 0.00014801025390625002 0.00030517578125
8 0.000255584716796875 0.0009292602539062501 0.00011444091796875 0.000213623046875
8 0.00025405883789062503 0.000930023193359375 6.561279296875e-05 0.00020904541015625002
8 0.00035552978515625 0.0009063720703125001 0.00011596679687500001 0.0001739501953125
8 0.000347900390625 0.00091705322265625 0.00010375976562500001 0.0001800537109375
8 0.0005310058593750001 0.00086212158203125 0.00014648437500000002 0.0001220703125
9 0.00047225952148437504 0.000875091552734375 4.119873046875e-05 0.00018463134765625002
9 0.00046844482421875004 0.000875091552734375 3.35693359375e-05 0.00018768310546875
9 0.00051422119140625 0.00086517333984375 3.0517578125e-05 0.00015869140625
9 0.00051727294921875 0.0008796691894531251 3.0517578125e-05 0.00018768310546875
14 0.000562286376953125 0.0008544921875 3.5095214843750004e-05 0.00012512207031250002
14 0.0006340026855468751 0.0008361816406250001 0.00010528564453125 0.0001220703125
9 0.0007232666015625001 0.001114654541015625 7.019042968750001e-05 0.00052032470703125
14 0.0007347106933593751 0.0008338928222656251 7.476806640625e-05 0.00017242431640625
9 0.00081634521484375 0.001107025146484375 0.00011596679687500001 0.00050506591796875
8 0.00081939697265625 0.000846099853515625 7.324218750000001e-05 9.307861328125001e-05
8 0.000814056396484375 0.0008438110351562501 6.561279296875e-05 8.850097656250001e-05
14 0.0008392333984375 0.0007766723632812501 8.23974609375e-05 0.00014038085937500002
9 0.001129913330078125 0.0008705139160156251 4.4250488281250005e-05 0.00020904541015625002
9 0.001129150390625 0.0008819580078125001 3.0517578125e-05 0.0002105712890625
9 0.0011383056640625001 0.000872802734375 2.44140625e-05 0.0001983642578125
8 0.0015617370605468751 0.0010833740234375 0.00014190673828125 0.0003509521484375