14 0.0002001953125 0.0009010416666666667 0.0002001953125 0.00028906250000000004
8 0.000263671875 0.00096875 0.00017089843750000002 0.00017708333333333335
8 0.0003776041666666667 0.0008463541666666668 0.00019856770833333334 0.00020052083333333337
8 0.0006803385416666668 0.0012500000000000002 0.0004654947916666667 0.0005494791666666668
8 0.0007226562500000001 0.0009817708333333334 0.00024576822916666665 0.0004088541666666667
8 0.0007373046875000001 0.001015625 0.00012044270833333335 0.00040625000000000004
8 0.0008414713541666668 0.0009088541666666668 9.114583333333334e-05 0.0001354166666666667
8 0.0008528645833333333 0.0009192708333333335 4.557291666666667e-05 0.00017187500000000002
8 0.0009586588541666667 0.0009531250000000002 0.00013020833333333333 0.0002604166666666667
8 0.0011604817708333332 0.001015625 0.0002750651041666667 0.00028906250000000004
14 0.0012548828125000001 0.0008958333333333334 0.00017252604166666667 0.0003072916666666667
8 0.0012646484375 0.0009010416666666667 0.00017089843750000002 0.00028906250000000004