8 0.0014160156250000002 0.001019287109375 0.000286865234375 0.0002349853515625
8 0.0015609741210937502 0.0011985778808593752 0.00025024414062500003 0.00043792724609375004
8 0.00042648315429687504 0.0008758544921875001 9.918212890625e-05 0.00010986328125
8 0.00042190551757812503 0.0008666992187500001 8.392333984375e-05 8.850097656250001e-05
8 0.000461578369140625 0.000853729248046875 7.171630859375e-05 0.00011749267578125
8 0.000469207763671875 0.0008415222167968751 5.0354003906250004e-05 9.613037109375001e-05
8 0.000507354736328125 0.0008415222167968751 5.0354003906250004e-05 7.781982421875001e-05
8 0.0005462646484375001 0.0008285522460937501 3.96728515625e-05 5.7983398437500004e-05
8 0.000574493408203125 0.00081787109375 3.204345703125e-05 7.324218750000001e-05
8 0.0008018493652343751 0.000852203369140625 6.866455078125e-05 0.00011444091796875
8 0.0009246826171875 0.0008285522460937501 7.9345703125e-05 9.1552734375e-05
8 0.001105499267578125 0.000919342041015625 0.00016632080078125 0.00024261474609375