8 0.00021809895833333336 0.0009114583333333335 0.00017252604166666667 0.00015885416666666668
8 0.00034667968750000004 0.0009010416666666667 0.00011393229166666668 0.00010677083333333335
8 0.00035319010416666664 0.0008489583333333334 0.00010904947916666668 9.895833333333334e-05
14 0.000537109375 0.0008854166666666667 0.00018229166666666667 0.00026302083333333337
8 0.0005859375000000001 0.0008541666666666667 5.696614583333334e-05 5.729166666666667e-05
8 0.0006315104166666667 0.0008411458333333334 5.859375e-05 6.25e-05
12 0.0006722005208333334 0.0005520833333333335 2.7669270833333335e-05 0.00010156250000000001
12 0.0007991536458333334 0.0005468749999999999 3.580729166666667e-05 0.00010156250000000001
8 0.00087890625 0.0008281250000000001 3.580729166666667e-05 5.468750000000001e-05
12 0.0010286458333333335 0.0007031250000000002 4.2317708333333335e-05 0.00010937500000000002
7 0.0015592447916666667 0.0008854166666666667 9.440104166666668e-05 0.00016406250000000004