8 0.00024566650390625 0.00090789794921875 0.0001129150390625 0.00011901855468750001
8 5.9509277343750005e-05 0.001276397705078125 5.7983398437500004e-05 0.00038299560546875
8 0.00031585693359375004 0.0008880615234375 7.9345703125e-05 9.1552734375e-05
8 0.0007598876953125001 0.0013473510742187502 0.0005035400390625 0.0006439208984375
12 0.00045623779296875003 0.00048980712890625 3.96728515625e-05 0.00010375976562500001
12 0.0006278991699218751 0.000505828857421875 3.814697265625e-05 0.00011749267578125
9 0.000792694091796875 0.00087738037109375 3.814697265625e-05 0.00010986328125
9 0.000844573974609375 0.0008720397949218751 1.983642578125e-05 0.00011138916015625001
9 0.00086517333984375 0.000876617431640625 3.0517578125e-05 0.00012969970703125
12 0.00090179443359375 0.0007026672363281251 4.2724609375000004e-05 0.00011444091796875
9 0.000897979736328125 0.0008697509765625 2.5939941406250003e-05 0.0001220703125
9 0.000942230224609375 0.000868988037109375 4.119873046875e-05 0.00012969970703125
7 0.001007080078125 0.00089569091796875 5.1879882812500005e-05 0.0001434326171875
7 0.0010498046875 0.0008895874023437501 5.1879882812500005e-05 0.0001373291015625
9 0.0010894775390625 0.0008880615234375 3.35693359375e-05 0.000128173828125
9 0.0011138916015625 0.000888824462890625 3.35693359375e-05 0.00013580322265625
9 0.0011474609375 0.000882720947265625 3.0517578125e-05 0.00013580322265625
9 0.00140380859375 0.0009292602539062501 5.4931640625e-05 0.0002349853515625
9 0.00141754150390625 0.0008552551269531251 2.74658203125e-05 0.00012054443359375
9 0.001422882080078125 0.0008697509765625 3.204345703125e-05 0.000128173828125
8 0.0015571594238281252 0.000882720947265625 0.00013275146484375002 0.00013580322265625