8 0.00044108072916666666 0.0009036458333333334 6.835937499999999e-05 0.00011197916666666668
8 0.0004508463541666667 0.0009192708333333335 7.486979166666666e-05 0.0001432291666666667
8 0.0006917317708333334 0.001078125 0.00026529947916666667 0.00038020833333333336
12 0.0006901041666666667 0.0007864583333333335 2.1158854166666667e-05 5.729166666666667e-05
8 0.0007291666666666667 0.0009791666666666668 5.0455729166666666e-05 0.00021093750000000002
8 0.0008089192708333334 0.0008489583333333334 5.696614583333334e-05 6.25e-05
8 0.0007958984375000001 0.0008437500000000001 3.743489583333333e-05 5.468750000000001e-05
8 0.0008512369791666667 0.0008515625000000001 5.0455729166666666e-05 7.812500000000002e-05
11 0.0008870442708333334 0.0006354166666666667 1.6276041666666666e-05 5.729166666666667e-05
11 0.0008935546874999999 0.0006302083333333334 2.1158854166666667e-05 6.770833333333334e-05
8 0.0009521484375000001 0.0008385416666666667 3.580729166666667e-05 5.729166666666667e-05
11 0.0010270182291666667 0.0007369791666666667 2.2786458333333334e-05 5.729166666666667e-05
11 0.0010270182291666667 0.0007578125000000001 1.7903645833333333e-05 5.208333333333334e-05
11 0.0013411458333333333 0.0006770833333333335 1.7903645833333333e-05 7.812500000000002e-05
11 0.0013492838541666668 0.0006614583333333333 2.44140625e-05 7.291666666666667e-05
8 0.0015169270833333335 0.0008229166666666668 0.00015787760416666668 9.375000000000002e-05
8 0.0015169270833333335 0.0008229166666666668 0.00015136718750000003 8.854166666666667e-05