8 0.0015616861979166668 0.00115625 0.0003263346354166667 0.0005455729166666668
8 0.00015462239583333333 0.0009348958333333335 0.00013671874999999999 0.00015364583333333335
8 0.0002197265625 0.0008671874999999999 7.324218750000001e-05 9.895833333333334e-05
8 0.00021158854166666667 0.0008619791666666668 5.0455729166666666e-05 7.812500000000002e-05
8 0.00041015625000000004 0.0008697916666666668 9.602864583333333e-05 0.00010677083333333335
8 0.00064453125 0.0009609375000000002 0.00018880208333333336 0.0002421875
8 0.000732421875 0.0009062500000000002 0.00010091145833333333 0.00020052083333333337
8 0.0009000651041666665 0.0009140625000000002 0.00019205729166666666 0.0001666666666666667
8 0.0010986328125 0.0009817708333333334 0.00016927083333333334 0.0002838541666666667
8 0.0012565104166666668 0.0010416666666666669 0.0001953125 0.0003151041666666667
8 0.001240234375 0.0010494791666666667 0.00017903645833333335 0.00029687500000000005