8 0.0015616861979166668 0.0008723958333333334 0.00021321614583333332 0.00019661458333333336
8 0.0002978515625 0.0009036458333333334 7.324218750000001e-05 7.552083333333335e-05
8 0.00029785156250000005 0.0009088541666666668 6.510416666666667e-05 7.552083333333335e-05
12 0.00028157552083333333 0.0004973958333333334 3.092447916666667e-05 7.812500000000002e-05
12 0.0002766927083333334 0.0005078125000000001 2.2786458333333334e-05 9.375000000000002e-05
8 0.00045735677083333327 0.0008515625000000001 4.720052083333334e-05 5.729166666666667e-05
8 0.0004557291666666666 0.0008567708333333334 4.3945312500000005e-05 5.468750000000001e-05
8 0.00048828125 0.0008437500000000001 3.4179687499999996e-05 4.4270833333333337e-05
11 0.0004915364583333333 0.00048697916666666665 3.255208333333333e-05 0.00010156250000000001
8 0.0004931640625 0.0008541666666666668 3.4179687499999996e-05 4.947916666666667e-05
11 0.0004866536458333333 0.00047135416666666674 2.2786458333333334e-05 8.593750000000001e-05
8 0.0006022135416666667 0.0008463541666666668 5.208333333333334e-05 8.072916666666668e-05
8 0.000634765625 0.0008229166666666668 4.069010416666667e-05 5.208333333333334e-05
8 0.0006917317708333334 0.0008906250000000001 8.30078125e-05 0.00010677083333333335
11 0.0008447265625000001 0.0006562500000000001 3.092447916666667e-05 8.854166666666667e-05
11 0.0008414713541666668 0.0006718750000000001 2.7669270833333335e-05 8.072916666666668e-05
8 0.0014062500000000002 0.0008880208333333334 0.0003304036458333334 0.00021093750000000002
8 0.001212565104166667 0.0007473958333333334 0.00012044270833333335 6.25e-05
8 0.0014046223958333335 0.0008828125000000001 0.0003076171875 0.00021093750000000002