8 0.00010742187500000001 0.0009283854166666668 0.00010660807291666666 0.00010937500000000002
8 0.00025065104166666665 0.0009140625000000002 7.649739583333334e-05 9.635416666666668e-05
8 0.00042154947916666664 0.0009765625 0.00018391927083333335 0.00022395833333333336
12 0.0005745442708333334 0.000265625 4.2317708333333335e-05 0.00011979166666666669
8 0.0006949869791666667 0.0009531250000000002 0.00011881510416666666 0.0001666666666666667
8 0.0008447265625000001 0.0009713541666666668 9.765625e-05 0.0002421875
8 0.001005859375 0.0009765625 0.0001904296875 0.0002526041666666667
11 0.0009000651041666667 0.00031770833333333336 5.696614583333334e-05 0.00011718750000000002
8 0.0014941406250000002 0.0012135416666666668 0.0005126953125 0.0004921875
11 0.0011572265625 0.00044270833333333337 4.8828125e-05 0.00011718750000000002
11 0.0011523437500000002 0.0004166666666666667 4.069010416666667e-05 0.00010677083333333335
8 0.0015592447916666667 0.0009817708333333334 0.00018391927083333335 0.00025520833333333336
11 0.0014680989583333334 0.0006354166666666668 3.580729166666667e-05 7.812500000000002e-05