8 0.00015563964843750002 0.001036834716796875 0.00015563964843750002 0.00036163330078125004
8 0.00033721923828125 0.0009819030761718751 0.00018615722656250002 0.00025482177734375
8 0.000432586669921875 0.0009162902832031251 0.00011138916015625001 0.00018157958984375
8 0.00053558349609375 0.0008819580078125001 0.00010375976562500001 0.00015563964843750002
8 0.000792694091796875 0.0008514404296875001 0.00018157958984375 0.0001373291015625
8 0.000838470458984375 0.00078582763671875 5.9509277343750005e-05 7.019042968750001e-05
8 0.00102691650390625 0.000787353515625 7.324218750000001e-05 5.7983398437500004e-05
8 0.0012062072753906252 0.000789642333984375 5.0354003906250004e-05 6.561279296875e-05
8 0.0012634277343750002 0.000789642333984375 6.7138671875e-05 6.561279296875e-05
8 0.0013244628906250002 0.00077056884765625 6.7138671875e-05 6.7138671875e-05
8 0.00141754150390625 0.0007751464843750001 3.96728515625e-05 8.544921875000001e-05
8 0.0015190124511718752 0.00078887939453125 0.00012969970703125 8.850097656250001e-05
8 0.001551055908203125 0.0007476806640625 5.645751953125e-05 4.8828125e-05