8 0.00015182495117187502 0.00105133056640625 0.00015106201171875 0.000244140625
8 0.0002471923828125 0.00098724365234375 0.000128173828125 0.0001739501953125
8 0.0002410888671875 0.0010047912597656251 0.00010375976562500001 0.00018768310546875
9 0.000298309326171875 0.000875091552734375 3.814697265625e-05 9.307861328125001e-05
8 0.0007423400878906251 0.0012596130371093752 0.00048065185546875 0.00061187744140625
8 0.0007728576660156251 0.001018524169921875 0.00010833740234375001 0.00028839111328125003
11 0.0008415222167968751 0.0007347106933593751 2.8991699218750002e-05 6.561279296875e-05
8 0.00088043212890625 0.0009895324707031251 5.7983398437500004e-05 0.00020294189453125
8 0.0010040283203125 0.001033782958984375 0.0001434326171875 0.00030670166015625
8 0.0013748168945312501 0.001177215576171875 0.00046081542968750004 0.0004928588867187501
9 0.001192474365234375 0.000716400146484375 3.814697265625e-05 4.4250488281250005e-05