14 0.0002105712890625 0.00088043212890625 0.0002105712890625 0.00019226074218750002
14 0.00019226074218750002 0.000885009765625 0.00019226074218750002 0.0001800537109375
8 0.000255584716796875 0.00103607177734375 0.00019989013671875002 0.0002685546875
8 0.0006965637207031251 0.0012359619140625 0.00049896240234375 0.000634765625
10 0.0005096435546875 0.000562286376953125 3.0517578125e-05 9.918212890625e-05
12 0.000662994384765625 0.000553131103515625 3.5095214843750004e-05 8.392333984375e-05
12 0.000662994384765625 0.000567626953125 2.5939941406250003e-05 8.544921875000001e-05
8 0.00091552734375 0.00092620849609375 0.00021667480468750002 0.0002105712890625
12 0.000785064697265625 0.000562286376953125 3.5095214843750004e-05 9.918212890625e-05
12 0.000783538818359375 0.00054931640625 2.5939941406250003e-05 7.324218750000001e-05
8 0.0008644104003906251 0.0008544921875 9.307861328125001e-05 0.000128173828125
8 0.0015419006347656252 0.001277923583984375 0.00058746337890625 0.00057220458984375
8 0.001026153564453125 0.0009391784667968751 7.171630859375e-05 0.00018157958984375
12 0.00107574462890625 0.000698089599609375 2.74658203125e-05 8.392333984375e-05
12 0.0015007019042968751 0.000531768798828125 9.307861328125001e-05 0.00026092529296875
8 0.0015350341796875001 0.000858306884765625 0.00012512207031250002 9.307861328125001e-05
9 0.0015235900878906251 0.0008697509765625 4.119873046875e-05 0.00010375976562500001