8 0.0015616861979166668 0.0009062500000000002 0.00015299479166666668 0.0001471354166666667
8 0.00017659505208333335 0.0011796875000000002 0.00017578125000000002 0.0004322916666666667
8 0.0002994791666666667 0.0008906250000000001 6.34765625e-05 7.291666666666667e-05
8 0.00029296875000000004 0.0008802083333333335 4.8828125e-05 5.208333333333334e-05
8 0.0003629557291666667 0.0008802083333333334 6.0221354166666675e-05 6.510416666666668e-05
8 0.0003662109375 0.0008880208333333334 6.184895833333334e-05 7.812500000000002e-05
8 0.0005501302083333334 0.0009322916666666668 0.00016764322916666666 0.0001953125
8 0.00041503906250000004 0.0008619791666666668 2.7669270833333335e-05 7.552083333333335e-05
8 0.0006429036458333333 0.0008619791666666668 5.859375e-05 8.072916666666668e-05
8 0.0007356770833333334 0.0008697916666666668 7.324218750000001e-05 9.635416666666668e-05
8 0.0007893880208333335 0.0008567708333333334 6.510416666666667e-05 0.00011458333333333334
8 0.0007763671875 0.0008411458333333334 4.557291666666667e-05 7.291666666666667e-05
8 0.0009212239583333334 0.0009505208333333335 0.00015950520833333333 0.00018489583333333335
14 0.0013997395833333336 0.0008828125000000001 0.0002197265625 0.0001510416666666667
14 0.0013932291666666667 0.0008750000000000001 0.00016438802083333333 0.000125
9 0.0013151041666666667 0.0009453125 4.8828125e-05 0.00021875000000000003
9 0.0013053385416666669 0.0009453125000000002 2.2786458333333334e-05 0.00021093750000000002