8 0.0015616861979166668 0.001561197916666667 0.00043863932291666666 0.0008398437500000002
8 8.382161458333334e-05 0.0011419270833333336 8.30078125e-05 0.0002916666666666667
8 0.00027343749999999997 0.0010755208333333335 0.00022786458333333336 0.00025520833333333336
8 0.00036132812500000005 0.001 0.00010904947916666668 0.00019010416666666668
8 0.00042968749999999995 0.0009609375 9.440104166666668e-05 0.0001666666666666667
8 0.0004361979166666666 0.0009583333333333335 8.951822916666667e-05 0.00016406250000000004
8 0.0005305989583333333 0.0008854166666666667 6.34765625e-05 7.031250000000001e-05
8 0.000615234375 0.0008932291666666667 7.649739583333334e-05 0.00010156250000000001
8 0.0006136067708333334 0.0008854166666666668 6.673177083333334e-05 9.635416666666668e-05
8 0.0010139973958333333 0.0010208333333333334 0.00022135416666666668 0.0002786458333333334
9 0.0010677083333333335 0.0009817708333333334 5.0455729166666666e-05 0.0002682291666666667
9 0.0011376953124999998 0.0009609375000000002 5.0455729166666666e-05 0.00024739583333333335