8 0.0005958557128906251 0.001398468017578125 0.00057830810546875 0.0008438110351562501
8 0.000716400146484375 0.0010238647460937501 0.00020599365234375 0.00028076171875000003
12 0.000554656982421875 0.00071258544921875 2.8991699218750002e-05 8.544921875000001e-05
11 0.000754547119140625 0.0006088256835937501 2.5939941406250003e-05 8.544921875000001e-05
8 0.0008285522460937501 0.0008857727050781251 6.40869140625e-05 7.781982421875001e-05
10 0.00083465576171875 0.000728607177734375 2.74658203125e-05 8.087158203125001e-05
10 0.0011344909667968751 0.000585174560546875 6.256103515625001e-05 0.00018463134765625002
9 0.0011444091796875 0.0008834838867187501 3.0517578125e-05 0.0001068115234375
9 0.0011726379394531251 0.0008666992187500001 3.204345703125e-05 0.00010375976562500001
8 0.0014373779296875 0.000930023193359375 0.00012512207031250002 0.00014801025390625002
8 0.0015304565429687502 0.0009429931640625001 0.00014038085937500002 0.00016174316406250002
8 0.0015594482421875 0.000930023193359375 7.324218750000001e-05 0.00016632080078125