8 0.00011393229166666665 0.0008645833333333334 0.00011067708333333334 8.854166666666667e-05
8 0.000498046875 0.0008177083333333334 6.673177083333334e-05 7.812500000000002e-05
8 0.0006038411458333334 0.0008072916666666668 4.2317708333333335e-05 7.552083333333335e-05
8 0.0006982421875000001 0.0008281250000000001 0.00012369791666666668 0.000125
11 0.0007014973958333333 0.0005729166666666667 2.2786458333333334e-05 5.729166666666667e-05
11 0.0007893880208333335 0.0005729166666666668 2.2786458333333334e-05 4.687500000000001e-05
8 0.0008707682291666666 0.0007838541666666667 4.3945312500000005e-05 6.510416666666668e-05
11 0.0009977213541666667 0.0006848958333333334 1.9531250000000004e-05 6.25e-05
11 0.0010937499999999999 0.0006328125000000001 2.604166666666667e-05 5.729166666666667e-05
8 0.0012369791666666666 0.0008046875000000001 0.00013997395833333334 0.00011197916666666668
8 0.0015364583333333333 0.0009088541666666669 0.000380859375 0.0002135416666666667