8 4.730224609375e-05 0.00086517333984375 4.57763671875e-05 7.324218750000001e-05
12 0.00011215209960937501 0.0007347106933593751 3.204345703125e-05 6.561279296875e-05
12 0.00011215209960937501 0.000762176513671875 2.5939941406250003e-05 7.476806640625e-05
8 0.000225067138671875 0.0008514404296875001 5.340576171875e-05 7.019042968750001e-05
8 0.000249481201171875 0.0008491516113281251 2.8991699218750002e-05 7.476806640625e-05
8 0.00029602050781250003 0.000846099853515625 5.4931640625e-05 6.561279296875e-05
8 0.00032806396484375 0.0008377075195312501 3.35693359375e-05 6.7138671875e-05
8 0.00038070678710937504 0.0008415222167968751 7.171630859375e-05 8.392333984375e-05
12 0.00035018920898437504 0.0006225585937500001 2.8991699218750002e-05 8.544921875000001e-05
8 0.00096282958984375 0.001312255859375 0.0005859375000000001 0.000811767578125
8 0.00044860839843750003 0.00086517333984375 6.40869140625e-05 0.00014038085937500002
10 0.0009445190429687501 0.000632476806640625 5.1879882812500005e-05 9.307861328125001e-05
8 0.0011230468750000001 0.0009140014648437501 0.0001800537109375 0.00016174316406250002
9 0.00115509033203125 0.0008491516113281251 7.019042968750001e-05 0.00015106201171875
9 0.00114288330078125 0.0008781433105468751 5.4931640625e-05 0.00017242431640625
8 0.0015609741210937502 0.001285552978515625 0.00019226074218750002 0.00048370361328125004