8 0.0014029947916666668 0.0007994791666666668 0.00011637369791666667 7.031250000000001e-05
9 0.00031331380208333336 0.0014921875000000002 0.00031250000000000006 0.0012265625000000002
10 0.00016276041666666666 0.00020833333333333337 0.000126953125 0.00020312500000000002
8 0.0004654947916666667 0.0009036458333333334 0.00019856770833333334 0.00015885416666666668
8 0.000380859375 0.0008697916666666667 0.00010416666666666667 0.00012760416666666668
8 0.0005729166666666668 0.0008958333333333334 0.00014485677083333334 0.00016406250000000004
8 0.0008251953125 0.0008125000000000001 0.00013346354166666669 9.375000000000002e-05
8 0.0009521484375000001 0.0008307291666666668 0.0001806640625 0.00010156250000000001
10 0.0009163411458333334 8.593750000000002e-05 4.3945312500000005e-05 8.333333333333334e-05
12 0.0008951822916666668 0.0006015625000000001 2.2786458333333334e-05 6.770833333333334e-05
12 0.0010335286458333333 0.0005989583333333334 2.604166666666667e-05 7.812500000000002e-05
12 0.0010270182291666665 0.0005885416666666668 1.46484375e-05 5.9895833333333344e-05
8 0.0012532552083333332 0.0008307291666666668 0.000185546875 0.00010156250000000001
12 0.0011490885416666665 0.0006927083333333334 2.1158854166666667e-05 7.552083333333335e-05
12 0.0012744140625 0.00019010416666666668 4.557291666666667e-05 0.0001432291666666667
8 0.0015201822916666666 0.0008046875000000001 0.0001611328125 8.854166666666667e-05