8 0.000421142578125 0.00090179443359375 0.0002044677734375 0.0001953125
8 0.00043487548828125 0.000904083251953125 0.000213623046875 0.00020904541015625002
8 0.000485992431640625 0.000875091552734375 9.613037109375001e-05 0.00019073486328125
8 0.00048294067382812503 0.0008567810058593751 8.087158203125001e-05 0.00014801025390625002
8 0.0005973815917968751 0.0008224487304687501 8.087158203125001e-05 0.0001068115234375
8 0.000637054443359375 0.000807952880859375 5.0354003906250004e-05 8.392333984375e-05
8 0.0009559631347656251 0.0008247375488281251 6.561279296875e-05 0.00011444091796875
8 0.000982666015625 0.00084075927734375 8.850097656250001e-05 0.0001434326171875
8 0.0010925292968750001 0.0008544921875 0.0001434326171875 0.00015869140625
8 0.001084136962890625 0.000859832763671875 0.00013275146484375002 0.00015411376953125002
8 0.001251220703125 0.0009162902832031251 0.000213623046875 0.00020599365234375