8 7.568359375e-05 0.0009218750000000002 7.486979166666666e-05 0.00012239583333333335
8 8.463541666666667e-05 0.0009270833333333335 7.324218750000001e-05 0.00012239583333333335
8 0.00024739583333333335 0.0009453125000000002 0.0001806640625 0.0001979166666666667
9 0.00022298177083333333 0.000986979166666667 6.673177083333334e-05 0.00023437500000000005
8 0.0002734375 0.0008567708333333334 4.069010416666667e-05 5.9895833333333344e-05
8 0.00042480468750000005 0.0008541666666666667 5.696614583333334e-05 8.854166666666667e-05
8 0.00041829427083333334 0.0008411458333333334 4.3945312500000005e-05 5.9895833333333344e-05
8 0.0005957031250000001 0.0009192708333333335 0.00013671874999999999 0.00017187500000000002
12 0.0006966145833333334 0.0006041666666666667 3.4179687499999996e-05 0.0001328125
9 0.0009619140625 0.0009505208333333335 6.0221354166666675e-05 0.00023958333333333337
9 0.0011181640625 0.0009114583333333336 5.533854166666667e-05 0.00021875000000000003
9 0.0014046223958333335 0.0009140624999999999 5.371093750000001e-05 0.00023437500000000005