11 0.00017659505208333335 0.00019921875000000001 6.0221354166666675e-05 0.00018750000000000003
9 0.0015616861979166666 0.001111979166666667 5.696614583333334e-05 0.00037109375000000006
9 0.0015413411458333334 0.0011289062500000001 0.00010904947916666668 0.00040625000000000004
9 0.0014501953125 0.0010924479166666667 5.940755208333333e-05 0.0003229166666666667
8 0.00015543619791666668 0.00103125 0.00015462239583333333 0.0001666666666666667
14 0.0003076171875 0.0009713541666666668 0.00018717447916666668 0.0002578125
8 0.0003580729166666667 0.000953125 5.371093750000001e-05 0.00010156250000000001
11 0.0005354817708333333 0.00022656250000000004 5.371093750000001e-05 0.00018750000000000003
8 0.0005631510416666667 0.0009479166666666669 7.324218750000001e-05 0.00011197916666666668
8 0.0006868489583333334 0.0009817708333333334 0.00011393229166666668 0.00015364583333333335
9 0.0007731119791666666 0.0009192708333333335 3.743489583333333e-05 0.00010677083333333335
9 0.0007633463541666667 0.0009192708333333335 2.604166666666667e-05 8.593750000000001e-05
9 0.0009602864583333334 0.0008880208333333334 1.7903645833333333e-05 9.375000000000002e-05
10 0.001080729166666667 0.0006276041666666667 5.208333333333334e-05 0.00019270833333333336