8 0.000417327880859375 0.0008628845214843751 0.00016632080078125 8.392333984375e-05
8 0.000513458251953125 0.00091705322265625 0.00011138916015625001 0.000128173828125
14 0.000566864013671875 0.000896453857421875 0.00012664794921875 0.00022430419921875002
8 0.0007049560546875 0.0008880615234375 9.765625e-05 0.0001434326171875
12 0.0007041931152343751 0.0006561279296875 1.983642578125e-05 5.1879882812500005e-05
14 0.000865936279296875 0.00088043212890625 0.00012969970703125 0.0002288818359375
8 0.0009559631347656251 0.0009239196777343751 0.00014801025390625002 0.00016632080078125
12 0.000885009765625 0.0007423400878906251 1.8310546875000003e-05 4.119873046875e-05
8 0.00110931396484375 0.0008331298828125 0.0001373291015625 0.00012512207031250002
9 0.0010009765625000001 0.0008338928222656251 2.1362304687500002e-05 8.392333984375e-05
9 0.0010238647460937501 0.0008262634277343751 2.44140625e-05 8.087158203125001e-05
9 0.001043701171875 0.00081787109375 2.1362304687500002e-05 7.324218750000001e-05
8 0.001560211181640625 0.0013519287109375001 0.00050201416015625 0.0008514404296875001