8 0.000206756591796875 0.000959014892578125 0.00020599365234375 0.00019073486328125
13 0.0001434326171875 0.000661468505859375 3.96728515625e-05 0.00012054443359375
8 0.00051727294921875 0.00092620849609375 0.0001800537109375 0.0002105712890625
8 0.000787353515625 0.0011016845703125 0.0002899169921875 0.00035705566406250003
13 0.000814056396484375 0.000604248046875 3.5095214843750004e-05 0.0001220703125
9 0.000891876220703125 0.00086212158203125 4.119873046875e-05 0.0001434326171875
9 0.0009391784667968751 0.00084686279296875 3.5095214843750004e-05 0.00012512207031250002
9 0.0009353637695312501 0.00081787109375 3.0517578125e-05 8.544921875000001e-05
9 0.00099029541015625 0.000867462158203125 4.2724609375000004e-05 0.00015411376953125002
9 0.0009895324707031251 0.0008697509765625 3.814697265625e-05 0.0001434326171875
9 0.001033782958984375 0.000852203369140625 2.5939941406250003e-05 0.00013580322265625
9 0.001070404052734375 0.0009002685546875 5.0354003906250004e-05 0.00019226074218750002
9 0.001082611083984375 0.0008911132812500001 5.9509277343750005e-05 0.0001739501953125
9 0.0012641906738281251 0.0010833740234375 6.866455078125e-05 0.000518798828125
9 0.0013587951660156252 0.0013053894042968752 0.00014495849609375 0.00079498291015625
9 0.0014160156250000002 0.001114654541015625 5.4931640625e-05 0.00050506591796875
9 0.001468658447265625 0.001122283935546875 8.392333984375e-05 0.00056304931640625
9 0.0015457153320312502 0.001122283935546875 9.765625e-05 0.00055694580078125