9 0.00146331787109375 0.00110321044921875 0.0001312255859375 0.0005279541015625
9 0.00133514404296875 0.0011116027832031251 0.00010375976562500001 0.0004928588867187501
9 0.00019073486328125 0.00098724365234375 2.74658203125e-05 0.000225830078125
9 0.00018997192382812502 0.00098419189453125 2.288818359375e-05 0.000225830078125
9 0.00020523071289062502 0.000984954833984375 2.288818359375e-05 0.00020294189453125
9 0.00023040771484375002 0.000978851318359375 3.0517578125e-05 0.00019073486328125
9 0.00023651123046875 0.00098114013671875 3.0517578125e-05 0.00019226074218750002
9 0.00044479370117187503 0.000930023193359375 2.5939941406250003e-05 0.00011444091796875
9 0.000455474853515625 0.00093231201171875 1.983642578125e-05 0.00010375976562500001
8 0.0006011962890625001 0.000934600830078125 7.324218750000001e-05 8.392333984375e-05
9 0.0005996704101562501 0.00093231201171875 6.7138671875e-05 8.544921875000001e-05
8 0.000716400146484375 0.00093231201171875 6.561279296875e-05 8.544921875000001e-05
9 0.000937652587890625 0.000986480712890625 5.0354003906250004e-05 0.00024261474609375
9 0.000934600830078125 0.000982666015625 4.119873046875e-05 0.0002349853515625
9 0.001194000244140625 0.001010894775390625 5.340576171875e-05 0.00029449462890625