9 4.8828125e-05 0.000937652587890625 3.35693359375e-05 0.00015106201171875
9 4.8065185546875005e-05 0.00093231201171875 2.8991699218750002e-05 0.00014648437500000002
9 8.926391601562501e-05 0.000930023193359375 3.204345703125e-05 0.00014801025390625002
9 8.850097656250001e-05 0.0009277343750000001 2.74658203125e-05 0.0001434326171875
9 0.00010833740234375001 0.00093231201171875 2.74658203125e-05 0.00015869140625
9 0.000130462646484375 0.000922393798828125 2.5939941406250003e-05 8.392333984375e-05
9 0.00016555786132812502 0.00093231201171875 2.8991699218750002e-05 0.0001739501953125
8 0.0002593994140625 0.00093231201171875 0.0001220703125 0.000128173828125
8 0.000420379638671875 0.0009246826171875 0.00012969970703125 0.00014648437500000002
8 0.00046539306640625 0.0008781433105468751 4.8828125e-05 0.00010223388671875
8 0.000507354736328125 0.0008628845214843751 4.730224609375e-05 0.00010223388671875
8 0.00059814453125 0.0008697509765625 8.23974609375e-05 0.0001220703125
8 0.0007179260253906251 0.0008567810058593751 7.476806640625e-05 8.392333984375e-05
9 0.0008094787597656251 0.00084075927734375 1.983642578125e-05 0.00012512207031250002
9 0.00084228515625 0.00084991455078125 2.1362304687500002e-05 0.000128173828125
9 0.0008567810058593751 0.000848388671875 1.983642578125e-05 0.0001068115234375
10 0.000930023193359375 0.0005653381347656251 4.119873046875e-05 0.00015106201171875
8 0.0015617370605468751 0.000942230224609375 0.00016021728515625 0.00029144287109375
9 0.0015594482421875 0.0008697509765625 3.96728515625e-05 0.000244140625