9 4.730224609375e-05 0.0008720397949218751 2.1362304687500002e-05 0.00010223388671875
9 8.7738037109375e-05 0.000949859619140625 5.0354003906250004e-05 0.00020294189453125
9 0.00010757446289062501 0.0008857727050781251 3.814697265625e-05 0.00011444091796875
9 9.613037109375001e-05 0.000875091552734375 2.44140625e-05 0.00011138916015625001
9 0.000131988525390625 0.000875091552734375 2.8991699218750002e-05 9.918212890625e-05
9 0.000154876708984375 0.00088043212890625 2.5939941406250003e-05 0.00010986328125
9 0.00015945434570312502 0.00084991455078125 2.8991699218750002e-05 9.1552734375e-05
9 0.00021820068359375 0.0008438110351562501 2.44140625e-05 7.324218750000001e-05
9 0.00023422241210937502 0.000861358642578125 2.5939941406250003e-05 9.918212890625e-05
9 0.000267791748046875 0.00084075927734375 1.983642578125e-05 8.544921875000001e-05
12 0.00032501220703125 0.0006744384765625 2.44140625e-05 5.4931640625e-05
8 0.000499725341796875 0.000868988037109375 0.00015411376953125002 0.00012969970703125
8 0.00051116943359375 0.0008682250976562501 0.000164794921875 0.000128173828125
8 0.0006355285644531251 0.0009971618652343751 0.00019989013671875002 0.00025482177734375
9 0.000548553466796875 0.000762939453125 2.288818359375e-05 3.35693359375e-05
8 0.000743865966796875 0.000852203369140625 0.00013275146484375002 0.00011749267578125
9 0.000705718994140625 0.0009216308593750001 5.340576171875e-05 0.0001739501953125
9 0.000753021240234375 0.0009086608886718751 5.340576171875e-05 0.00019989013671875002
9 0.0007484436035156251 0.0008857727050781251 4.730224609375e-05 0.00016937255859375002
12 0.000737762451171875 0.000646209716796875 2.5939941406250003e-05 7.781982421875001e-05
9 0.000885009765625 0.00080413818359375 2.74658203125e-05 7.324218750000001e-05
9 0.000896453857421875 0.0008880615234375 3.204345703125e-05 0.00012512207031250002
9 0.0012031555175781251 0.0008438110351562501 5.340576171875e-05 0.00017700195312500002
9 0.001242828369140625 0.0007965087890625 4.119873046875e-05 0.0001434326171875