9 5.4168701171875004e-05 0.000909423828125 4.730224609375e-05 0.0001434326171875
9 4.57763671875e-05 0.000926971435546875 2.74658203125e-05 0.00015411376953125002
9 9.994506835937501e-05 0.00093994140625 4.4250488281250005e-05 0.0001739501953125
8 0.00033493041992187504 0.0009521484375000001 0.00023345947265625 0.0001739501953125
11 0.00024871826171875 0.0006530761718750001 3.35693359375e-05 8.544921875000001e-05
10 0.00024337768554687502 0.0006645202636718751 2.5939941406250003e-05 8.392333984375e-05
8 0.0007217407226562501 0.0010772705078125001 0.0002838134765625 0.0003173828125
10 0.000848388671875 0.0006378173828125001 3.0517578125e-05 0.0001068115234375
7 0.0013580322265625 0.00155181884765625 0.0003631591796875 0.0010467529296875001
9 0.001085662841796875 0.0009086608886718751 4.119873046875e-05 0.00014801025390625002
9 0.001357269287109375 0.0009819030761718751 7.171630859375e-05 0.00031280517578125
9 0.0013664245605468752 0.0010238647460937501 7.476806640625e-05 0.0003753662109375
9 0.00141143798828125 0.000975799560546875 7.62939453125e-05 0.00027008056640625
9 0.00141143798828125 0.001003265380859375 6.40869140625e-05 0.00033111572265625004
9 0.001520538330078125 0.0009765625 8.697509765625e-05 0.000286865234375
9 0.0015083312988281251 0.000983428955078125 6.561279296875e-05 0.00028839111328125003