8 0.00040690104166666674 0.0010885416666666667 0.00040690104166666674 0.00035937500000000005
8 0.00048339843749999994 0.0008828125000000001 0.00019694010416666666 0.0001979166666666667
8 0.0005859375000000001 0.0008437500000000001 0.00018880208333333336 0.00010416666666666667
8 0.0005875651041666668 0.0008932291666666668 0.00012044270833333335 0.00015364583333333335
8 0.0006119791666666667 0.0007916666666666668 0.00011555989583333335 5.729166666666667e-05
8 0.0007503255208333334 0.0008437500000000001 9.114583333333334e-05 0.00011197916666666668
8 0.0007535807291666666 0.0008125000000000001 8.626302083333333e-05 7.031250000000001e-05
8 0.0008968098958333334 0.0008359375000000001 0.00021321614583333332 9.635416666666668e-05
8 0.0012174479166666668 0.0008802083333333334 0.00020833333333333335 0.00015364583333333335
8 0.0012711588541666667 0.0008151041666666668 0.00012369791666666668 0.00011979166666666669
8 0.0014420572916666666 0.0008776041666666667 0.00016438802083333333 0.00014843750000000002
8 0.0014697265625 0.0008046875000000001 4.8828125e-05 7.812500000000002e-05
8 0.0015283203125 0.0008463541666666668 8.789062500000001e-05 0.00011979166666666669
8 0.0015527343749999999 0.0008281250000000001 4.3945312500000005e-05 9.895833333333334e-05