9 0.0002197265625 0.0008984375000000001 3.743489583333333e-05 0.00015364583333333335
9 0.0002180989583333333 0.0008906250000000001 3.4179687499999996e-05 0.00013802083333333334
9 0.00024576822916666665 0.0008932291666666667 2.7669270833333335e-05 0.00014583333333333335
9 0.000263671875 0.0008880208333333334 2.2786458333333334e-05 0.00010156250000000001
14 0.0004606119791666667 0.0009140624999999999 0.00021158854166666667 0.00025
14 0.0006136067708333334 0.0008854166666666668 0.0001318359375 0.00024739583333333335
8 0.0007242838541666667 0.0008619791666666668 8.789062500000001e-05 0.00011197916666666668
7 0.0007877604166666666 0.0008828125000000001 4.557291666666667e-05 0.0001354166666666667
9 0.0011002604166666667 0.0008151041666666668 3.255208333333333e-05 0.00011458333333333334
9 0.0011214192708333332 0.0007864583333333333 4.2317708333333335e-05 9.114583333333334e-05
9 0.0011181640625 0.0007916666666666668 3.092447916666667e-05 9.635416666666668e-05
9 0.0011393229166666667 0.0007838541666666667 3.092447916666667e-05 9.114583333333334e-05
9 0.0011702473958333333 0.0007968750000000001 3.906250000000001e-05 0.00011458333333333334
9 0.0013134765625 0.0008281250000000001 5.696614583333334e-05 0.00014843750000000002
8 0.0013639322916666665 0.0008177083333333335 6.998697916666667e-05 6.510416666666668e-05
8 0.0015592447916666667 0.0008333333333333335 0.00012532552083333333 7.812500000000002e-05