14 0.000308990478515625 0.0008781433105468751 0.00020599365234375 0.00020294189453125
14 0.000301361083984375 0.0008819580078125001 0.00019378662109375002 0.0002105712890625
8 0.000420379638671875 0.000986480712890625 0.00023651123046875 0.00023956298828125002
8 0.000506591796875 0.00089569091796875 0.00011596679687500001 0.0001220703125
8 0.000508880615234375 0.0008796691894531251 0.00010528564453125 0.00011138916015625001
8 0.000699615478515625 0.00100250244140625 0.00019989013671875002 0.000262451171875
12 0.000567626953125 0.00048751831054687504 2.44140625e-05 7.781982421875001e-05
14 0.0009002685546875 0.0008544921875 0.00020141601562500002 0.0001983642578125
12 0.0007308959960937501 0.000521087646484375 2.44140625e-05 7.476806640625e-05
12 0.0007293701171875001 0.00052032470703125 2.1362304687500002e-05 7.324218750000001e-05
8 0.001177215576171875 0.0010734558105468751 0.00029449462890625 0.00045318603515625004
8 0.001300811767578125 0.001070404052734375 0.00041656494140625 0.00045318603515625004
12 0.00095367431640625 0.0006568908691406251 2.44140625e-05 6.256103515625001e-05
12 0.0009490966796875 0.00066375732421875 1.8310546875000003e-05 7.019042968750001e-05
8 0.0015594482421875 0.0014434814453125001 0.000408935546875 0.0008209228515625001
12 0.0014236450195312502 0.000466156005859375 4.8828125e-05 0.00018768310546875
12 0.001422119140625 0.00045013427734375 4.57763671875e-05 0.00016174316406250002