8 0.00018066406250000002 0.0008281250000000001 9.27734375e-05 8.854166666666667e-05
8 0.0002799479166666667 0.0008697916666666668 7.975260416666667e-05 9.114583333333334e-05
8 0.00029134114583333334 0.0008671875000000001 8.951822916666667e-05 9.375000000000002e-05
8 0.0004524739583333334 0.0009270833333333335 0.00017740885416666667 0.00018229166666666667
12 0.000361328125 0.0007317708333333334 2.7669270833333335e-05 6.510416666666668e-05
8 0.000498046875 0.0008489583333333334 6.184895833333334e-05 8.854166666666667e-05
8 0.0004899088541666667 0.0008333333333333334 4.8828125e-05 5.9895833333333344e-05
8 0.0005875651041666667 0.0008593750000000001 9.440104166666668e-05 0.00011458333333333334
8 0.0005859375000000001 0.0008411458333333334 6.673177083333334e-05 8.593750000000001e-05
12 0.0006087239583333333 0.0006276041666666667 2.2786458333333334e-05 5.729166666666667e-05
11 0.0006933593750000001 0.0006380208333333334 2.9296875e-05 4.687500000000001e-05
11 0.0008138020833333333 0.0007161458333333334 2.1158854166666667e-05 5.208333333333334e-05
11 0.0008772786458333333 0.0007005208333333334 3.092447916666667e-05 8.593750000000001e-05
11 0.0008691406250000001 0.0006927083333333334 2.2786458333333334e-05 4.4270833333333337e-05
8 0.0009765625 0.00078125 0.00010091145833333333 6.510416666666668e-05
8 0.0009798177083333334 0.0007786458333333334 0.00010253906250000001 6.510416666666668e-05
8 0.0010270182291666667 0.0007786458333333334 4.720052083333334e-05 6.510416666666668e-05
8 0.0011083984375 0.0007760416666666667 7.161458333333333e-05 7.291666666666667e-05
8 0.0011490885416666665 0.0007760416666666667 6.34765625e-05 6.25e-05