8 0.000148773193359375 0.001067352294921875 0.00014801025390625002 0.00020904541015625002
8 0.00035324096679687503 0.000992584228515625 0.00031280517578125 0.00029754638671875
14 0.00033874511718750004 0.00097198486328125 0.000274658203125 0.00026550292968750003
8 0.00048294067382812503 0.0009391784667968751 9.307861328125001e-05 0.00011138916015625001
8 0.0006874084472656251 0.0010162353515625001 0.00016021728515625 0.0001983642578125
14 0.000726318359375 0.0009506225585937501 0.0001220703125 0.00017700195312500002
8 0.0007255554199218751 0.000957489013671875 0.00010223388671875 0.00019989013671875002
8 0.000804901123046875 0.000951385498046875 5.340576171875e-05 0.00012054443359375
8 0.000896453857421875 0.00096893310546875 0.00012359619140625 0.00014648437500000002
8 0.000919342041015625 0.000986480712890625 6.256103515625001e-05 0.00021820068359375
8 0.0011650085449218751 0.0010696411132812501 0.00025787353515625003 0.0003509521484375
8 0.001556396484375 0.0012634277343750002 0.000518798828125 0.0005279541015625
8 0.0014427185058593752 0.0007843017578125001 0.00020904541015625002 0.000164794921875
14 0.0014122009277343752 0.0007713317871093751 0.00017547607421875 0.00014801025390625002