8 0.0001312255859375 0.000984954833984375 0.000128173828125 0.00029449462890625
8 0.000185394287109375 0.0009185791015625 8.087158203125001e-05 0.0001953125
9 0.00018844604492187502 0.000992584228515625 8.087158203125001e-05 0.00032806396484375
9 0.00025177001953125 0.000986480712890625 5.1879882812500005e-05 0.00031280517578125
8 0.00041656494140625 0.0008415222167968751 0.00011901855468750001 0.00011444091796875
9 0.00038604736328125 0.0008514404296875001 3.35693359375e-05 0.000128173828125
9 0.00038452148437500004 0.000852203369140625 2.74658203125e-05 0.00013580322265625
9 0.00040283203125000003 0.000850677490234375 1.8310546875000003e-05 0.00011138916015625001
9 0.000409698486328125 0.0008377075195312501 2.5939941406250003e-05 8.544921875000001e-05
14 0.000501251220703125 0.000823211669921875 9.002685546875e-05 0.00012969970703125
14 0.00058746337890625 0.00081787109375 7.62939453125e-05 0.00015563964843750002
14 0.0005889892578125 0.000815582275390625 7.019042968750001e-05 0.00014801025390625002
9 0.000548553466796875 0.000843048095703125 2.5939941406250003e-05 0.00015106201171875
9 0.00055084228515625 0.000838470458984375 2.1362304687500002e-05 0.00014801025390625002
9 0.000567626953125 0.0008544921875 2.44140625e-05 0.00014648437500000002
9 0.0005706787109375 0.0008415222167968751 2.44140625e-05 0.00013275146484375002
8 0.000653839111328125 0.0008285522460937501 5.9509277343750005e-05 8.544921875000001e-05
8 0.000659942626953125 0.0008247375488281251 6.256103515625001e-05 7.781982421875001e-05
14 0.0006851196289062501 0.00077362060546875 8.23974609375e-05 0.00014038085937500002
14 0.000678253173828125 0.000811767578125 7.476806640625e-05 0.0001739501953125
9 0.001045989990234375 0.001177215576171875 0.00012969970703125 0.0005081176757812501
8 0.001556396484375 0.001129913330078125 0.0005645751953125 0.00054168701171875