8 0.00031967163085937504 0.000975799560546875 0.00016021728515625 0.00016632080078125
8 0.00036087036132812503 0.0009391784667968751 6.561279296875e-05 9.307861328125001e-05
11 0.00035858154296875 0.000409698486328125 4.57763671875e-05 0.00012054443359375
12 0.000347137451171875 0.00041427612304687503 2.8991699218750002e-05 0.00011749267578125
8 0.000412750244140625 0.000934600830078125 5.9509277343750005e-05 9.307861328125001e-05
8 0.00046081542968750004 0.0009216308593750001 5.1879882812500005e-05 0.0001068115234375
14 0.000556182861328125 0.0009002685546875 9.307861328125001e-05 0.0001220703125
8 0.00062103271484375 0.0009254455566406251 7.62939453125e-05 0.00010223388671875
11 0.0005973815917968751 0.00041427612304687503 2.288818359375e-05 9.918212890625e-05
8 0.000737762451171875 0.000959014892578125 0.00011138916015625001 0.00015411376953125002
11 0.000984954833984375 0.0006774902343750001 2.288818359375e-05 0.00010375976562500001
9 0.0012184143066406251 0.00100250244140625 5.340576171875e-05 0.0002288818359375
9 0.001293182373046875 0.001007843017578125 5.340576171875e-05 0.00024261474609375