8 0.0015616861979166668 0.0015390625000000003 0.00042154947916666664 0.0010455729166666667
8 0.00042317708333333335 0.0010364583333333335 0.00031087239583333336 0.0004479166666666667
8 0.0004736328125 0.0009609375000000002 7.161458333333333e-05 0.00018750000000000003
8 0.0004703776041666667 0.0009609375 6.510416666666667e-05 0.00021093750000000002
8 0.0005159505208333333 0.000921875 7.649739583333334e-05 0.00016145833333333336
8 0.0005159505208333333 0.0009296875000000002 5.533854166666667e-05 0.00018489583333333335
8 0.0006689453125 0.0008828125000000001 8.789062500000001e-05 0.00011979166666666669
8 0.0007210286458333333 0.0008776041666666667 4.557291666666667e-05 0.00010156250000000001
8 0.0008349609375 0.0009036458333333334 9.928385416666667e-05 0.00014062500000000002
8 0.0008365885416666667 0.0009088541666666669 9.765625e-05 0.00015364583333333335
8 0.0008626302083333334 0.0009817708333333334 4.720052083333334e-05 0.0002369791666666667
8 0.001142578125 0.0010625000000000003 0.0002897135416666667 0.00040104166666666673
8 0.001142578125 0.00103125 0.00028808593750000004 0.00036458333333333335