8 0.000194549560546875 0.000846099853515625 0.00012359619140625 0.00011749267578125
8 0.00030822753906250004 0.0008285522460937501 0.00010070800781250001 0.00010375976562500001
8 0.00042648315429687504 0.0008300781250000001 0.00011138916015625001 0.0001068115234375
8 0.00043334960937500003 0.00081787109375 0.00010375976562500001 8.544921875000001e-05
8 0.000469970703125 0.0008018493652343751 7.324218750000001e-05 9.613037109375001e-05
8 0.000470733642578125 0.000835418701171875 5.9509277343750005e-05 0.00011444091796875
11 0.00048370361328125004 0.0005157470703125001 2.74658203125e-05 8.544921875000001e-05
11 0.00047912597656250003 0.000510406494140625 2.1362304687500002e-05 7.781982421875001e-05
8 0.0006454467773437501 0.000804901123046875 5.4931640625e-05 6.256103515625001e-05
11 0.0006187438964843751 0.000528717041015625 2.5939941406250003e-05 9.307861328125001e-05
11 0.0006202697753906251 0.000518035888671875 2.288818359375e-05 8.087158203125001e-05
8 0.0007026672363281251 0.000806427001953125 5.340576171875e-05 7.781982421875001e-05
8 0.000728607177734375 0.00080108642578125 4.730224609375e-05 6.7138671875e-05
8 0.0008094787597656251 0.0008132934570312501 4.730224609375e-05 7.324218750000001e-05
11 0.0009918212890625 0.0006660461425781251 2.1362304687500002e-05 6.256103515625001e-05
11 0.0009918212890625 0.0006774902343750001 2.1362304687500002e-05 7.324218750000001e-05
9 0.0012680053710937501 0.000897979736328125 5.1879882812500005e-05 0.00018768310546875
8 0.00135345458984375 0.00079345703125 8.850097656250001e-05 5.1879882812500005e-05