12 0.00023274739583333334 0.0006276041666666668 3.580729166666667e-05 0.00010156250000000001
12 0.0002311197916666667 0.0006119791666666668 2.44140625e-05 6.770833333333334e-05
7 0.00042154947916666664 0.0007942708333333335 4.069010416666667e-05 0.000125
7 0.00041829427083333334 0.0007838541666666667 3.092447916666667e-05 9.895833333333334e-05
8 0.0005257161458333334 0.0007838541666666667 8.138020833333334e-05 0.00010156250000000001
8 0.0009016927083333333 0.0008463541666666668 0.00026692708333333337 0.00015364583333333335
12 0.0007242838541666667 0.00045572916666666673 2.44140625e-05 6.510416666666668e-05
12 0.0007194010416666667 0.00047135416666666674 1.9531250000000004e-05 7.552083333333335e-05
12 0.0008430989583333333 0.00047916666666666675 2.2786458333333334e-05 7.812500000000002e-05
12 0.0008447265625000001 0.0004765625 2.2786458333333334e-05 7.552083333333335e-05
12 0.0009635416666666668 0.0004895833333333334 2.44140625e-05 7.031250000000001e-05
12 0.0009651692708333333 0.0004895833333333334 2.44140625e-05 7.291666666666667e-05
12 0.0011848958333333334 0.0006250000000000001 2.2786458333333334e-05 7.812500000000002e-05
12 0.0011881510416666668 0.0006302083333333334 2.44140625e-05 7.812500000000002e-05
8 0.0014794921875000001 0.0007604166666666667 0.00010253906250000001 7.031250000000001e-05
8 0.0014680989583333334 0.00078125 8.951822916666667e-05 0.00010416666666666667
8 0.0015201822916666666 0.0008098958333333335 4.557291666666667e-05 9.635416666666668e-05
8 0.0015218098958333333 0.0008229166666666668 3.906250000000001e-05 0.00010156250000000001