8 0.00019760131835937502 0.001010894775390625 0.00019683837890625 0.00024261474609375
12 0.000405120849609375 0.000583648681640625 2.288818359375e-05 6.256103515625001e-05
12 0.00040130615234375 0.00057525634765625 1.8310546875000003e-05 4.8828125e-05
8 0.00043182373046875 0.0008644104003906251 4.2724609375000004e-05 4.4250488281250005e-05
8 0.00043411254882812504 0.0008705139160156251 4.4250488281250005e-05 6.256103515625001e-05
8 0.00051116943359375 0.0008361816406250001 3.35693359375e-05 3.35693359375e-05
8 0.000528717041015625 0.0008270263671875 2.5939941406250003e-05 3.0517578125e-05
11 0.000551605224609375 0.000569915771484375 2.288818359375e-05 6.561279296875e-05
11 0.00054931640625 0.000576019287109375 1.8310546875000003e-05 5.9509277343750005e-05
8 0.00060577392578125 0.0008491516113281251 5.4931640625e-05 8.087158203125001e-05
8 0.000638580322265625 0.0008285522460937501 4.119873046875e-05 5.1879882812500005e-05
8 0.00069732666015625 0.0008880615234375 8.23974609375e-05 0.0001068115234375
11 0.000798797607421875 0.00069732666015625 1.983642578125e-05 5.1879882812500005e-05
11 0.00080108642578125 0.00070343017578125 1.8310546875000003e-05 4.8828125e-05
8 0.001131439208984375 0.0008590698242187501 0.00017852783203125002 0.00014648437500000002
8 0.00116729736328125 0.00085601806640625 0.000213623046875 0.00014038085937500002
8 0.0012748718261718752 0.000853729248046875 0.00019989013671875002 0.00013580322265625
8 0.0012870788574218751 0.0008567810058593751 0.00019378662109375002 0.00012969970703125
8 0.0013519287109375001 0.0007369995117187501 4.57763671875e-05 4.8828125e-05