10 0.000164794921875 0.00021133422851562502 0.0001312255859375 0.00020904541015625002
8 0.000298309326171875 0.0009330749511718751 0.00024871826171875 0.00020599365234375
8 0.00037994384765625003 0.0008697509765625 0.0001068115234375 0.000128173828125
8 0.00041046142578125003 0.00086212158203125 0.00012512207031250002 0.0001220703125
8 0.0005195617675781251 0.00089263916015625 0.00016021728515625 0.00016174316406250002
8 0.0007141113281250001 0.0008171081542968751 0.0001495361328125 9.307861328125001e-05
8 0.000707244873046875 0.0008094787597656251 0.00011444091796875 8.087158203125001e-05
10 0.00091705322265625 8.6212158203125e-05 4.57763671875e-05 8.392333984375e-05
12 0.0008949279785156251 0.000604248046875 2.288818359375e-05 7.324218750000001e-05
8 0.0010009765625000001 0.00081024169921875 5.4931640625e-05 8.544921875000001e-05
8 0.001131439208984375 0.00081024169921875 0.00016632080078125 8.850097656250001e-05
12 0.001033782958984375 0.000598907470703125 2.5939941406250003e-05 7.781982421875001e-05
12 0.00102691650390625 0.0005882263183593751 1.52587890625e-05 5.9509277343750005e-05
12 0.00114898681640625 0.000691986083984375 2.1362304687500002e-05 7.476806640625e-05
12 0.00127410888671875 0.00019073486328125 4.57763671875e-05 0.00014648437500000002
8 0.001323699951171875 0.0007995605468750001 8.087158203125001e-05 6.7138671875e-05
8 0.00140380859375 0.0008071899414062501 0.0001129150390625 8.544921875000001e-05
8 0.0015197753906250001 0.00080413818359375 0.00016174316406250002 8.850097656250001e-05