8 0.0014015197753906251 0.00081024169921875 0.00011444091796875 7.9345703125e-05
8 0.001497650146484375 0.000800323486328125 0.00014190673828125 7.781982421875001e-05
8 0.000215911865234375 0.0009559631347656251 0.00021514892578125002 0.00027923583984375
10 0.00016708374023437502 0.00021667480468750002 0.00014190673828125 0.000213623046875
8 0.00031127929687500003 0.0008941650390625 9.1552734375e-05 0.0001800537109375
8 0.000600433349609375 0.0008285522460937501 0.00019683837890625 0.00014038085937500002
8 0.0008819580078125001 0.0008148193359375001 0.00017700195312500002 0.000128173828125
10 0.000914764404296875 8.163452148437501e-05 4.4250488281250005e-05 8.087158203125001e-05
12 0.00089569091796875 0.000606536865234375 2.44140625e-05 7.476806640625e-05
12 0.001033782958984375 0.000598907470703125 2.5939941406250003e-05 8.087158203125001e-05
8 0.00112457275390625 0.0008697509765625 4.57763671875e-05 0.00014648437500000002
8 0.0013130187988281252 0.000827789306640625 0.00021209716796875 9.307861328125001e-05
12 0.0011497497558593751 0.000690460205078125 2.288818359375e-05 7.476806640625e-05
12 0.00127410888671875 0.00018997192382812502 4.57763671875e-05 0.00014801025390625002
8 0.0015579223632812501 0.000789642333984375 6.40869140625e-05 7.781982421875001e-05