8 0.000283050537109375 0.0008781433105468751 8.697509765625e-05 6.866455078125e-05
8 5.9509277343750005e-05 0.0009292602539062501 5.7983398437500004e-05 0.00016174316406250002
8 0.0001373291015625 0.0009353637695312501 0.0001373291015625 0.000164794921875
8 0.00018081665039062502 0.0008987426757812501 0.00012054443359375 8.544921875000001e-05
8 0.00052032470703125 0.0008857727050781251 7.62939453125e-05 9.307861328125001e-05
8 0.0005157470703125001 0.000890350341796875 7.019042968750001e-05 9.307861328125001e-05
8 0.000537109375 0.00087738037109375 3.96728515625e-05 9.1552734375e-05
8 0.0005844116210937501 0.000852203369140625 4.8828125e-05 6.256103515625001e-05
12 0.0005920410156250001 0.0006797790527343751 1.52587890625e-05 4.730224609375e-05
8 0.0007766723632812501 0.000919342041015625 0.00012512207031250002 0.00016632080078125
11 0.0006813049316406251 0.000661468505859375 1.678466796875e-05 4.4250488281250005e-05
11 0.00075531005859375 0.0006721496582031251 1.52587890625e-05 4.730224609375e-05
11 0.0008972167968750001 0.0007522583007812501 1.52587890625e-05 5.1879882812500005e-05