8 0.0002530924479166667 0.0009778645833333336 0.00023356119791666667 0.00024739583333333335
8 0.00034993489583333334 0.0009270833333333335 0.00018961588541666668 0.00022395833333333336
11 0.00056640625 0.0007239583333333334 2.1158854166666667e-05 5.729166666666667e-05
8 0.00064453125 0.0008281250000000001 4.557291666666667e-05 7.812500000000002e-05
8 0.0008154296875 0.0008359375000000001 7.649739583333334e-05 0.00014062500000000002
11 0.0008138020833333333 0.0006276041666666667 3.255208333333333e-05 6.770833333333334e-05
8 0.0009375 0.0008489583333333334 6.184895833333334e-05 0.00011979166666666669
11 0.0009114583333333335 0.0007135416666666668 2.9296875e-05 4.687500000000001e-05
11 0.0009179687500000001 0.0007135416666666668 2.7669270833333335e-05 7.552083333333335e-05
8 0.0010286458333333335 0.0008854166666666668 0.00010904947916666668 0.00015625000000000003
8 0.0013216145833333335 0.0010000000000000002 0.00030924479166666665 0.0002916666666666667