9 0.00019760131835937502 0.000852203369140625 3.5095214843750004e-05 8.087158203125001e-05
9 0.000213623046875 0.000882720947265625 3.96728515625e-05 0.00012969970703125
9 0.00035324096679687503 0.000872802734375 2.5939941406250003e-05 0.00010375976562500001
9 0.000455474853515625 0.0011878967285156251 0.00012664794921875 0.00050201416015625
9 0.00041656494140625 0.001122283935546875 7.019042968750001e-05 0.00038299560546875
9 0.0005889892578125 0.001158905029296875 0.00011901855468750001 0.00051116943359375
8 0.0007881164550781251 0.001009368896484375 0.00026092529296875 0.00027008056640625
9 0.000745391845703125 0.0011116027832031251 9.307861328125001e-05 0.00040130615234375
8 0.0009819030761718751 0.00084686279296875 0.00019073486328125 0.00014648437500000002
8 0.0010467529296875001 0.000844573974609375 0.00015563964843750002 0.00011749267578125
8 0.001117706298828125 0.0008331298828125 0.00016326904296875002 0.0001220703125