8 0.00042317708333333335 0.0011093750000000001 0.00042317708333333335 0.0004348958333333334
8 0.0004166666666666667 0.0008359375000000001 5.533854166666667e-05 0.00011197916666666668
8 0.0005013020833333334 0.0008255208333333335 8.463541666666667e-05 7.812500000000002e-05
8 0.00047851562500000005 0.0008203125000000001 5.696614583333334e-05 7.031250000000001e-05
12 0.0004606119791666667 0.0005052083333333334 3.580729166666667e-05 9.375000000000002e-05
8 0.0005875651041666667 0.0007994791666666668 4.557291666666667e-05 6.510416666666668e-05
11 0.0005989583333333334 0.0005078125000000001 2.9296875e-05 8.593750000000001e-05
11 0.0005989583333333333 0.0005104166666666667 2.44140625e-05 4.687500000000001e-05
11 0.0007112630208333334 0.0005338541666666667 2.9296875e-05 8.333333333333334e-05
11 0.0007096354166666666 0.0005260416666666667 2.2786458333333334e-05 4.166666666666667e-05
8 0.0008382161458333334 0.0007890625 4.8828125e-05 5.9895833333333344e-05
9 0.00087890625 0.0007942708333333335 2.604166666666667e-05 6.510416666666668e-05
11 0.0009472656250000002 0.0006744791666666668 2.7669270833333335e-05 8.854166666666667e-05
11 0.0009407552083333334 0.0006666666666666668 2.1158854166666667e-05 4.687500000000001e-05
8 0.001005859375 0.0008020833333333335 7.161458333333333e-05 8.072916666666668e-05
8 0.0010026041666666668 0.0007994791666666668 5.208333333333334e-05 8.072916666666668e-05
11 0.0010026041666666666 0.0005963541666666668 3.255208333333333e-05 0.00010156250000000001
11 0.0009993489583333334 0.0006093750000000001 2.9296875e-05 6.25e-05
8 0.001337890625 0.0008098958333333335 0.00023763020833333332 0.00014062500000000002