8 0.000118255615234375 0.00095367431640625 0.00011749267578125 0.0002288818359375
8 0.000194549560546875 0.0008544921875 5.340576171875e-05 6.7138671875e-05
8 0.000356292724609375 0.0008285522460937501 3.814697265625e-05 4.8828125e-05
8 0.000514984130859375 0.000914764404296875 0.00013885498046875 0.00017242431640625
11 0.0006202697753906251 0.000569915771484375 3.814697265625e-05 0.00012969970703125
9 0.000678253173828125 0.0009292602539062501 5.340576171875e-05 0.0001953125
9 0.00096282958984375 0.00094757080078125 5.1879882812500005e-05 0.000225830078125
9 0.0010009765625000001 0.000974273681640625 7.324218750000001e-05 0.00026092529296875
9 0.00107269287109375 0.000914764404296875 5.4931640625e-05 0.00022125244140625
8 0.0015579223632812501 0.0009506225585937501 0.0002777099609375 0.0002105712890625
8 0.001558685302734375 0.000960540771484375 0.00027923583984375 0.00019989013671875002
9 0.001544952392578125 0.00075531005859375 4.730224609375e-05 9.1552734375e-05
9 0.0015388488769531251 0.0007476806640625 3.5095214843750004e-05 7.324218750000001e-05