8 0.0005037434895833334 0.0008606770833333335 5.777994791666667e-05 7.161458333333335e-05
8 0.00047281901041666663 0.0008789062500000002 5.940755208333333e-05 8.072916666666668e-05
8 0.00042724609375 0.0008932291666666667 0.00010091145833333333 9.895833333333334e-05
8 0.00034667968750000004 0.0009401041666666669 0.00012776692708333333 0.00014062500000000002
10 5.0455729166666666e-05 0.0006354166666666667 4.8828125e-05 0.00014843750000000002
9 0.00016276041666666668 0.0008645833333333335 2.2786458333333334e-05 8.072916666666668e-05
9 0.00043457031249999995 0.0009348958333333335 4.720052083333334e-05 0.00020052083333333337
9 0.0006787109375 0.0008437500000000001 1.6276041666666666e-05 6.770833333333334e-05
8 0.0008333333333333334 0.0008932291666666667 8.789062500000001e-05 0.00014583333333333335
10 0.00083984375 0.0005859375000000001 5.371093750000001e-05 0.00015364583333333335
9 0.0009488932291666667 0.0008854166666666667 5.859375e-05 0.00014583333333333335
9 0.0010188802083333334 0.0008828125000000001 4.2317708333333335e-05 0.00018229166666666667
9 0.0010660807291666668 0.0008828125000000001 5.859375e-05 0.00017187500000000002
9 0.0010530598958333334 0.0008750000000000001 3.743489583333333e-05 0.00014843750000000002
8 0.0015592447916666667 0.0009062500000000002 0.0003857421875 0.00018750000000000003
9 0.0013704427083333333 0.0008645833333333334 5.371093750000001e-05 0.0002291666666666667