8 0.0015616861979166668 0.00104296875 0.00012858072916666668 0.0003151041666666667
8 0.00022298177083333333 0.0008815104166666667 8.30078125e-05 7.942708333333334e-05
8 9.847005208333333e-05 0.0009505208333333335 9.765625e-05 0.00018229166666666667
8 0.00033691406250000003 0.0008984375000000001 0.00010904947916666668 0.00011718750000000002
12 0.0003369140625 0.00019270833333333336 5.696614583333334e-05 0.00010937500000000002
11 0.0006396484375 0.0002942708333333334 5.696614583333334e-05 0.00010937500000000002
8 0.0006689453125 0.0008385416666666667 5.371093750000001e-05 7.031250000000001e-05
8 0.0007194010416666667 0.0008281250000000001 4.069010416666667e-05 6.25e-05
8 0.0008040364583333333 0.0008515625000000001 4.2317708333333335e-05 8.854166666666667e-05
8 0.0009195963541666667 0.0009401041666666668 0.00014648437500000002 0.00015885416666666668
11 0.0008935546874999999 0.00032031250000000007 5.0455729166666666e-05 0.00017187500000000002
11 0.0008968098958333334 0.0003359375000000001 4.8828125e-05 0.00014062500000000002
8 0.0009993489583333332 0.0008750000000000001 9.928385416666667e-05 0.00011979166666666669
8 0.0011214192708333334 0.0008854166666666667 0.00011393229166666668 0.0001354166666666667
8 0.0010970052083333333 0.0008906250000000001 8.789062500000001e-05 0.0001510416666666667
8 0.0012076822916666668 0.0008984375000000001 0.0001220703125 0.00014062500000000002
8 0.0011751302083333334 0.0009192708333333335 8.789062500000001e-05 0.0001744791666666667
8 0.0013590494791666666 0.000953125 0.00020670572916666667 0.00019270833333333336
8 0.0013297526041666666 0.0009088541666666669 0.00016764322916666666 0.0001432291666666667
11 0.0014160156250000002 0.0006197916666666668 4.720052083333334e-05 9.375000000000002e-05