8 0.00014241536458333334 0.0009414062500000001 0.0001416015625 0.00015885416666666668
11 0.0002620442708333333 0.0005182291666666667 4.720052083333334e-05 0.0001432291666666667
11 0.00026529947916666667 0.0005052083333333334 4.8828125e-05 5.468750000000001e-05
8 0.00046386718750000003 0.0009531250000000002 0.00016438802083333333 0.00017187500000000002
8 0.0005468749999999999 0.0008906250000000001 6.835937499999999e-05 7.812500000000002e-05
8 0.0006363932291666667 0.0008854166666666668 5.533854166666667e-05 7.812500000000002e-05
11 0.0006477864583333333 0.0004270833333333334 4.720052083333334e-05 0.00012239583333333335
11 0.0006396484375 0.0004322916666666667 3.580729166666667e-05 7.552083333333335e-05
11 0.0009195963541666667 0.0006432291666666668 4.2317708333333335e-05 9.375000000000002e-05
11 0.0009147135416666668 0.0006510416666666667 2.9296875e-05 6.510416666666668e-05
12 0.0011995442708333335 0.0006875000000000001 4.069010416666667e-05 5.9895833333333344e-05