8 0.0015616861979166668 0.0012565104166666668 0.00030273437500000005 0.000546875
8 0.0001416015625 0.0009635416666666668 0.00013671874999999999 0.00017187500000000002
8 0.00016927083333333334 0.0009192708333333335 3.092447916666667e-05 9.635416666666668e-05
8 0.00037923177083333336 0.0008958333333333334 7.324218750000001e-05 7.031250000000001e-05
8 0.000634765625 0.0009791666666666668 0.00017089843750000002 0.00023958333333333337
8 0.0006673177083333333 0.0009036458333333334 5.533854166666667e-05 0.00011458333333333334
8 0.0006608072916666667 0.0009166666666666669 3.092447916666667e-05 0.00011197916666666668
8 0.0007210286458333333 0.0009192708333333335 6.835937499999999e-05 0.00011197916666666668
8 0.0007698567708333334 0.0009114583333333335 6.673177083333334e-05 0.00011458333333333334
8 0.0008121744791666667 0.0009375 4.8828125e-05 0.00019270833333333336
8 0.0008902994791666667 0.0009427083333333335 9.114583333333334e-05 0.00020052083333333337
8 0.0009342447916666667 0.0009687500000000002 8.951822916666667e-05 0.00021614583333333335
8 0.0012727864583333337 0.0010260416666666669 0.0003629557291666667 0.0003229166666666667