8 0.0015275065104166667 0.0008125000000000001 0.00013427734375 0.00010807291666666668
8 9.440104166666668e-05 0.0009257812500000001 9.358723958333334e-05 6.640625e-05
8 0.00019694010416666666 0.0008880208333333334 7.975260416666667e-05 4.947916666666667e-05
8 0.00022949218750000001 0.0008750000000000001 6.673177083333334e-05 4.687500000000001e-05
14 0.0002669270833333333 0.0008619791666666668 5.859375e-05 5.208333333333334e-05
12 0.00027832031250000003 0.0007760416666666667 1.7903645833333333e-05 4.947916666666667e-05
12 0.0002799479166666667 0.0007916666666666668 1.9531250000000004e-05 6.25e-05
8 0.000400390625 0.0008619791666666668 5.859375e-05 4.947916666666667e-05
8 0.0004085286458333334 0.0008802083333333334 6.184895833333334e-05 6.25e-05
8 0.0004899088541666667 0.0008854166666666667 8.463541666666667e-05 0.00010416666666666667
12 0.0005110677083333333 0.0006718750000000002 1.7903645833333333e-05 5.468750000000001e-05
12 0.0005192057291666666 0.0006796875000000001 2.1158854166666667e-05 5.729166666666667e-05
8 0.0005371093749999999 0.0008307291666666667 2.2786458333333334e-05 2.604166666666667e-05
8 0.0006201171875 0.0008671874999999999 6.673177083333334e-05 8.333333333333334e-05
11 0.0006087239583333334 0.0006640625000000002 2.1158854166666667e-05 5.468750000000001e-05
11 0.0006070963541666667 0.0006562500000000001 1.46484375e-05 4.687500000000001e-05
8 0.00064453125 0.0008333333333333335 4.069010416666667e-05 5.208333333333334e-05
8 0.00072265625 0.0008880208333333334 8.30078125e-05 0.00010677083333333335
11 0.0007682291666666666 0.0007447916666666667 1.7903645833333333e-05 4.687500000000001e-05
11 0.0007666015625 0.0007578125000000001 1.6276041666666666e-05 5.208333333333334e-05
8 0.0009586588541666667 0.0008307291666666668 0.00011555989583333335 6.770833333333334e-05