11 0.0015472412109375 0.000366973876953125 6.103515625e-05 0.00020904541015625002
8 0.0015609741210937502 0.0008682250976562501 0.0002593994140625 0.00025024414062500003
8 6.3323974609375e-05 0.000905609130859375 6.256103515625001e-05 0.00011444091796875
12 8.23974609375e-05 0.0007232666015625001 2.74658203125e-05 8.544921875000001e-05
12 8.544921875000001e-05 0.0007217407226562501 2.74658203125e-05 8.544921875000001e-05
8 0.000154876708984375 0.000875091552734375 7.476806640625e-05 7.476806640625e-05
8 0.00046768188476562503 0.000852203369140625 9.918212890625e-05 0.00011444091796875
12 0.00041656494140625 0.0005004882812500001 3.0517578125e-05 8.850097656250001e-05
11 0.00057525634765625 0.0005157470703125001 3.0517578125e-05 9.1552734375e-05
8 0.000604248046875 0.0008247375488281251 4.8828125e-05 7.476806640625e-05
8 0.00065155029296875 0.000820159912109375 5.1879882812500005e-05 6.256103515625001e-05
11 0.00079498291015625 0.000655364990234375 3.35693359375e-05 7.476806640625e-05
8 0.0013015747070312502 0.000783538818359375 0.00011596679687500001 0.00013580322265625