8 0.00020751953125000002 0.00085601806640625 0.000128173828125 8.850097656250001e-05
10 0.00015029907226562502 0.00047149658203125003 2.8991699218750002e-05 0.0001068115234375
8 0.00030364990234375003 0.0008438110351562501 6.7138671875e-05 5.4931640625e-05
8 0.000730133056640625 0.001100921630859375 0.00036773681640625 0.00038299560546875
8 0.000390625 0.000830841064453125 2.74658203125e-05 4.730224609375e-05
10 0.0004241943359375 0.0006088256835937501 3.0517578125e-05 8.544921875000001e-05
10 0.000528717041015625 0.000514984130859375 2.5939941406250003e-05 7.476806640625e-05
11 0.0005996704101562501 0.0006591796875 1.8310546875000003e-05 3.96728515625e-05
11 0.000659942626953125 0.0007141113281250001 2.288818359375e-05 5.1879882812500005e-05
8 0.000722503662109375 0.000830841064453125 4.119873046875e-05 7.781982421875001e-05
8 0.0007308959960937501 0.0008377075195312501 4.2724609375000004e-05 6.7138671875e-05
8 0.0008018493652343751 0.000850677490234375 4.4250488281250005e-05 7.476806640625e-05
11 0.0007957458496093751 0.0006454467773437501 2.8991699218750002e-05 5.7983398437500004e-05
8 0.0009063720703125001 0.000846099853515625 5.1879882812500005e-05 6.561279296875e-05
8 0.001013946533203125 0.00089263916015625 0.00013580322265625 0.0001220703125
8 0.001226806640625 0.00091094970703125 0.000128173828125 0.00015563964843750002
14 0.001245880126953125 0.0008209228515625001 0.00013580322265625 0.0001068115234375
8 0.0015609741210937502 0.0010581970214843751 0.0003753662109375 0.00031280517578125
11 0.00122833251953125 0.000676727294921875 2.74658203125e-05 8.087158203125001e-05
8 0.0015533447265625002 0.001544952392578125 0.000335693359375 0.00051116943359375
10 0.001276397705078125 0.0005859375000000001 2.5939941406250003e-05 6.7138671875e-05