14 0.000244140625 0.0009002685546875 0.00010070800781250001 0.00010375976562500001
14 0.000251007080078125 0.000888824462890625 9.613037109375001e-05 8.392333984375e-05
11 0.000498199462890625 0.00074310302734375 2.288818359375e-05 5.7983398437500004e-05
8 0.000571441650390625 0.0008834838867187501 6.256103515625001e-05 7.324218750000001e-05
11 0.0005577087402343751 0.000745391845703125 2.5939941406250003e-05 6.256103515625001e-05
8 0.0006492614746093751 0.0008705139160156251 5.645751953125e-05 6.561279296875e-05
11 0.0006759643554687501 0.0008026123046875 2.44140625e-05 5.4931640625e-05
8 0.0007781982421875 0.000888824462890625 5.4931640625e-05 0.00012054443359375
11 0.0007720947265625 0.00077362060546875 2.74658203125e-05 5.7983398437500004e-05
8 0.000919342041015625 0.000977325439453125 0.00017242431640625 0.00020599365234375
8 0.0012901306152343752 0.000960540771484375 0.00023345947265625 0.00018768310546875
8 0.0014274597167968752 0.000960540771484375 0.00016326904296875002 0.00023956298828125002