8 0.000139617919921875 0.0009086608886718751 0.00010833740234375001 0.00011444091796875
8 0.00018081665039062502 0.0008857727050781251 5.0354003906250004e-05 7.781982421875001e-05
8 0.0006301879882812501 0.0009445190429687501 0.000152587890625 0.000225830078125
12 0.000576019287109375 0.000724029541015625 2.8991699218750002e-05 4.4250488281250005e-05
12 0.0005691528320312501 0.0007385253906250001 2.1362304687500002e-05 4.8828125e-05
8 0.0006744384765625 0.0009010314941406251 5.7983398437500004e-05 0.00013275146484375002
12 0.00067901611328125 0.000676727294921875 1.8310546875000003e-05 4.730224609375e-05
12 0.0006866455078125 0.000690460205078125 2.44140625e-05 6.256103515625001e-05
12 0.0007308959960937501 0.0007446289062500001 3.0517578125e-05 4.8828125e-05
12 0.000722503662109375 0.00074920654296875 1.678466796875e-05 4.8828125e-05
12 0.000807952880859375 0.0007293701171875001 2.5939941406250003e-05 8.850097656250001e-05
12 0.000806427001953125 0.00070343017578125 1.983642578125e-05 5.4931640625e-05
8 0.0011421203613281251 0.0010200500488281251 0.00026092529296875 0.00027313232421875003