8 7.975260416666667e-05 0.0009283854166666668 7.893880208333334e-05 0.00011848958333333335
8 0.00014485677083333334 0.0009114583333333335 8.463541666666667e-05 0.00011458333333333334
8 0.0002115885416666667 0.0009192708333333335 7.324218750000001e-05 0.00011718750000000002
8 0.0004654947916666667 0.0009609375 0.00019694010416666666 0.00022135416666666668
11 0.00043294270833333336 0.0005989583333333334 4.8828125e-05 8.333333333333334e-05
8 0.0005029296875 0.0008463541666666668 4.3945312500000005e-05 6.510416666666668e-05
8 0.0005550130208333334 0.0008463541666666667 5.208333333333334e-05 7.291666666666667e-05
14 0.0006429036458333333 0.0008776041666666667 0.00012532552083333333 0.0002447916666666667
11 0.0007486979166666666 0.0007161458333333334 5.208333333333334e-05 8.593750000000001e-05
11 0.0007242838541666667 0.0007031250000000002 2.2786458333333334e-05 6.25e-05
8 0.0009554036458333334 0.0008203125000000001 9.928385416666667e-05 8.854166666666667e-05
8 0.0012288411458333333 0.0010052083333333334 0.00032063802083333337 0.0003151041666666667
8 0.0012369791666666666 0.0009635416666666668 0.000322265625 0.00025520833333333336
8 0.0014322916666666668 0.0008567708333333334 0.00021647135416666668 0.00021614583333333335