8 0.000229644775390625 0.0009368896484375001 0.00022735595703125 0.000262451171875
8 0.00050201416015625 0.0009010314941406251 0.000244140625 0.00026092529296875
12 0.000424957275390625 0.0005386352539062501 2.5939941406250003e-05 7.324218750000001e-05
12 0.000428009033203125 0.000516510009765625 2.8991699218750002e-05 4.730224609375e-05
12 0.000505828857421875 0.0005035400390625 2.8991699218750002e-05 3.96728515625e-05
8 0.000540924072265625 0.0007789611816406251 6.256103515625001e-05 6.561279296875e-05
12 0.00051422119140625 0.000536346435546875 3.0517578125e-05 8.087158203125001e-05
8 0.0009895324707031251 0.0011802673339843751 0.00043487548828125 0.00054168701171875
12 0.0006278991699218751 0.0005340576171875 2.288818359375e-05 7.019042968750001e-05
12 0.000714874267578125 0.000537109375 3.204345703125e-05 7.324218750000001e-05
12 0.000907135009765625 0.0006195068359375 2.8991699218750002e-05 5.4931640625e-05
8 0.0013977050781250001 0.0007728576660156251 0.000213623046875 0.00012969970703125
8 0.001384735107421875 0.0007560729980468751 0.00018768310546875 0.00010223388671875