8 0.0013702392578125002 0.0007675170898437501 6.40869140625e-05 6.103515625e-05
8 0.000177764892578125 0.000820159912109375 9.002685546875e-05 5.9509277343750005e-05
8 0.00051727294921875 0.0008361816406250001 4.8828125e-05 8.850097656250001e-05
11 0.000501251220703125 0.000730133056640625 2.288818359375e-05 4.730224609375e-05
8 0.0006469726562500001 0.0009010314941406251 0.0001434326171875 0.00020599365234375
8 0.0006965637207031251 0.00084991455078125 5.645751953125e-05 0.00010986328125
8 0.00069427490234375 0.0007522583007812501 5.1879882812500005e-05 3.0517578125e-05
8 0.0006889343261718751 0.0008544921875 3.814697265625e-05 0.00010986328125
11 0.000724029541015625 0.0006507873535156251 2.288818359375e-05 4.119873046875e-05
11 0.000724029541015625 0.00065155029296875 1.983642578125e-05 5.4931640625e-05
11 0.000798797607421875 0.000638580322265625 2.5939941406250003e-05 4.730224609375e-05
11 0.0007995605468750001 0.0006454467773437501 2.44140625e-05 7.019042968750001e-05
10 0.0009162902832031251 0.0007080078125000001 2.5939941406250003e-05 5.7983398437500004e-05
11 0.0009239196777343751 0.000724029541015625 2.8991699218750002e-05 5.9509277343750005e-05
10 0.0010543823242187501 0.0006721496582031251 3.0517578125e-05 8.087158203125001e-05
11 0.001053619384765625 0.000661468505859375 2.288818359375e-05 7.781982421875001e-05