8 0.00013671874999999999 0.00109375 0.00013590494791666666 0.00025390625
8 0.0003629557291666667 0.0010182291666666668 0.00017415364583333334 0.00017708333333333335
8 0.0003662109375 0.0010026041666666668 0.00015787760416666668 0.0001666666666666667
8 0.0004085286458333334 0.0009739583333333335 6.510416666666667e-05 0.00015364583333333335
8 0.00041015624999999993 0.0009583333333333335 4.8828125e-05 0.00011718750000000002
8 0.00044596354166666667 0.0009427083333333335 4.2317708333333335e-05 0.00010937500000000002
8 0.00048828125 0.0009192708333333335 4.557291666666667e-05 9.114583333333334e-05
8 0.0006705729166666666 0.001 0.00014648437500000002 0.00017968750000000002
8 0.0007893880208333332 0.0009244791666666669 3.906250000000001e-05 0.000125
8 0.0008821614583333333 0.000984375 0.00010904947916666668 0.0001953125
8 0.00087890625 0.0009609375 0.00010579427083333334 0.0001666666666666667
10 0.0009033203125 0.0005338541666666667 5.696614583333334e-05 0.0001953125
9 0.0010400390625000002 0.0009583333333333333 5.859375e-05 0.00014583333333333335
9 0.0010677083333333335 0.0009270833333333335 6.510416666666667e-05 0.0001666666666666667
9 0.001044921875 0.0008776041666666668 2.9296875e-05 0.00010937500000000002
9 0.0011002604166666667 0.0009088541666666668 2.2786458333333334e-05 0.00011718750000000002
9 0.0013509114583333333 0.0009947916666666668 5.533854166666667e-05 0.00031250000000000006