14 0.00015299479166666668 0.0008307291666666668 0.00015299479166666668 0.0001666666666666667
8 0.0001416015625 0.0008828125000000001 0.0001416015625 0.00010677083333333335
8 0.00014811197916666667 0.0008958333333333334 0.00014811197916666667 0.00011458333333333334
8 0.00036946614583333335 0.0008828124999999999 0.00015462239583333333 9.895833333333334e-05
8 0.000380859375 0.0008307291666666668 8.30078125e-05 5.208333333333334e-05
12 0.00042317708333333335 0.0007135416666666667 2.7669270833333335e-05 7.291666666666667e-05
8 0.0005989583333333334 0.0009296875000000002 0.00015136718750000003 0.00017968750000000002
8 0.0006347656249999999 0.0008723958333333334 7.161458333333333e-05 0.00010156250000000001
8 0.0007486979166666667 0.0009583333333333333 0.00013997395833333334 0.00019010416666666668
12 0.000771484375 0.0005703125000000001 2.604166666666667e-05 6.770833333333334e-05
12 0.0007682291666666666 0.0005651041666666668 1.9531250000000004e-05 6.25e-05
8 0.0010026041666666666 0.0009583333333333335 0.0001611328125 0.0002526041666666667
11 0.0008723958333333334 0.0005625000000000001 2.2786458333333334e-05 6.25e-05
8 0.0009684244791666668 0.0008255208333333335 7.649739583333334e-05 7.812500000000002e-05
8 0.0010286458333333335 0.0008515625000000001 5.0455729166666666e-05 9.635416666666668e-05
11 0.00103515625 0.0006692708333333333 1.7903645833333333e-05 5.729166666666667e-05
8 0.0011490885416666665 0.0008281250000000001 0.00010416666666666667 8.072916666666668e-05
12 0.0011002604166666667 0.0006328125000000001 3.580729166666667e-05 0.00011979166666666669
9 0.0011393229166666667 0.0008437500000000001 2.7669270833333335e-05 0.00011979166666666669
9 0.0011409505208333334 0.0008463541666666668 2.604166666666667e-05 0.00012239583333333335