8 0.00022623697916666666 0.0008971354166666667 0.00022542317708333333 0.00023177083333333337
8 0.0004231770833333334 0.0008151041666666668 5.0455729166666666e-05 6.510416666666668e-05
8 0.0005517578125 0.0008307291666666667 7.975260416666667e-05 8.333333333333334e-05
8 0.0005452473958333333 0.0008203125000000001 5.533854166666667e-05 7.291666666666667e-05
11 0.0005729166666666668 0.0005416666666666668 2.604166666666667e-05 7.291666666666667e-05
11 0.0005777994791666667 0.0005520833333333335 2.7669270833333335e-05 7.812500000000002e-05
8 0.0006998697916666667 0.0007942708333333335 5.0455729166666666e-05 4.947916666666667e-05
11 0.00076171875 0.0005755208333333335 3.092447916666667e-05 7.031250000000001e-05
11 0.0009488932291666667 0.0006718750000000002 2.44140625e-05 5.9895833333333344e-05
9 0.0010237630208333336 0.0008151041666666668 2.7669270833333335e-05 0.000125
9 0.0010286458333333335 0.0007994791666666668 2.1158854166666667e-05 9.375000000000002e-05
9 0.0010416666666666667 0.0008098958333333335 2.1158854166666667e-05 0.00010416666666666667
9 0.0011507161458333335 0.0008645833333333334 5.0455729166666666e-05 0.00021875000000000003
9 0.0011311848958333334 0.0008880208333333334 3.092447916666667e-05 0.00022135416666666668
9 0.0013899739583333333 0.000765625 1.7903645833333333e-05 7.291666666666667e-05
9 0.0013997395833333336 0.0007630208333333334 2.44140625e-05 7.031250000000001e-05
9 0.0014127604166666668 0.0007708333333333334 3.4179687499999996e-05 8.072916666666668e-05