8 0.0002750651041666667 0.0008802083333333334 8.463541666666667e-05 8.593750000000001e-05
8 0.000263671875 0.0008750000000000001 6.835937499999999e-05 8.854166666666667e-05
8 0.0009733072916666667 0.0008255208333333334 0.00010416666666666667 7.552083333333335e-05
8 0.0010091145833333332 0.0008203125000000003 3.743489583333333e-05 6.770833333333334e-05
8 0.0010986328125 0.0008203125000000001 9.114583333333334e-05 7.552083333333335e-05
8 0.0011083984375 0.0008177083333333335 9.765625e-05 6.770833333333334e-05
8 0.0012565104166666668 0.0008333333333333334 0.00010091145833333333 0.00013020833333333336
8 0.0013899739583333333 0.0008619791666666668 0.00015299479166666668 0.00014062500000000002
8 0.0013850911458333334 0.0008593750000000001 0.0001416015625 0.00013020833333333336
8 0.0015104166666666669 0.0008359375000000001 0.000126953125 9.895833333333334e-05
8 0.0015380859375000002 0.0008411458333333335 0.00015299479166666668 0.00010937500000000002