8 0.00010253906250000001 0.0009453125 0.00010253906250000001 0.00013020833333333336
8 0.0001318359375 0.0009192708333333335 5.859375e-05 0.00011718750000000002
8 0.00017415364583333334 0.0009062499999999999 7.161458333333333e-05 0.00011718750000000002
8 0.00037760416666666666 0.0008723958333333334 5.696614583333334e-05 7.291666666666667e-05
8 0.0005924479166666667 0.0009713541666666668 0.00018391927083333335 0.0002578125
8 0.0006380208333333333 0.0008750000000000001 4.557291666666667e-05 0.00011979166666666669
8 0.0006673177083333333 0.0008593750000000001 5.533854166666667e-05 0.00011458333333333334
8 0.0006819661458333333 0.0008593750000000001 5.0455729166666666e-05 8.854166666666667e-05
8 0.0006868489583333334 0.0008828125000000001 5.0455729166666666e-05 0.00011197916666666668
8 0.0008056640625000001 0.0009114583333333335 0.0001383463541666667 0.00018750000000000003
8 0.0008040364583333333 0.0008828125000000001 0.00013671874999999999 0.00014062500000000002
8 0.0008658854166666667 0.0009348958333333335 0.00011067708333333334 0.00019270833333333336
8 0.0010823567708333334 0.0010026041666666668 0.0002620442708333333 0.00028906250000000004
8 0.001259765625 0.001072916666666667 0.00025390625 0.0003359375000000001
8 0.0015543619791666668 0.0013515625000000003 0.0004703776041666667 0.0006510416666666667