8 0.00031575520833333336 0.0009570312500000001 0.00017089843750000002 0.00015234375000000003
8 0.0015616861979166668 0.0009752604166666667 0.000244140625 0.00024609375
8 0.00034179687500000003 0.0008802083333333334 5.696614583333334e-05 7.552083333333335e-05
8 0.0003759765625 0.0008880208333333334 4.557291666666667e-05 7.291666666666667e-05
8 0.00046875 0.0008645833333333334 5.859375e-05 5.729166666666667e-05
8 0.0007047526041666667 0.0009140625000000002 0.00010579427083333334 0.00013802083333333334
11 0.0006363932291666667 0.0006796875000000001 1.9531250000000004e-05 4.947916666666667e-05
11 0.0006396484375 0.0006848958333333334 2.2786458333333334e-05 5.208333333333334e-05
11 0.0007112630208333334 0.0006718750000000002 1.9531250000000004e-05 4.687500000000001e-05
11 0.000712890625 0.0006718750000000001 2.1158854166666667e-05 4.4270833333333337e-05
8 0.0008089192708333334 0.0008619791666666668 5.533854166666667e-05 6.510416666666668e-05
11 0.0008154296875 0.0007656250000000001 1.46484375e-05 4.687500000000001e-05
8 0.0010579427083333335 0.0008437500000000001 0.00011393229166666668 9.114583333333334e-05