8 0.00041961669921875 0.0012451171875000001 0.00041809082031250003 0.0009796142578125
14 0.00040740966796875004 0.001239776611328125 0.0004058837890625 0.0009658813476562501
8 0.001032257080078125 0.0012947082519531251 0.00049896240234375 0.00066680908203125
12 0.0005645751953125 0.000525665283203125 3.0517578125e-05 0.00011138916015625001
12 0.0005645751953125 0.000473785400390625 2.44140625e-05 5.9509277343750005e-05
12 0.00075531005859375 0.00042724609375 2.74658203125e-05 0.00010375976562500001
12 0.0010238647460937501 0.000604248046875 3.0517578125e-05 6.7138671875e-05
7 0.0010353088378906251 0.000835418701171875 4.119873046875e-05 0.00015106201171875
8 0.00122833251953125 0.0008148193359375001 0.00014648437500000002 0.0001220703125
8 0.0012145996093750001 0.000804901123046875 0.0001312255859375 8.392333984375e-05
8 0.0015594482421875 0.001192474365234375 0.00041809082031250003 0.00054168701171875
12 0.001560211181640625 0.00041961669921875 4.119873046875e-05 0.000128173828125
12 0.0015609741210937502 0.000351715087890625 3.35693359375e-05 6.561279296875e-05