8 0.000113677978515625 0.0007728576660156251 6.866455078125e-05 0.00012969970703125
8 0.000162506103515625 0.0007766723632812501 7.476806640625e-05 0.00014038085937500002
8 0.000255584716796875 0.0008148193359375001 0.00012664794921875 0.00014038085937500002
8 0.00032730102539062504 0.0007690429687500001 8.392333984375e-05 0.00010986328125
8 0.00046386718750000003 0.0007728576660156251 9.46044921875e-05 9.918212890625e-05
12 0.000675201416015625 0.000689697265625 1.983642578125e-05 3.6621093750000005e-05
8 0.00086517333984375 0.000853729248046875 0.0001220703125 0.00015411376953125002
13 0.0007881164550781251 0.000653839111328125 1.678466796875e-05 4.730224609375e-05
8 0.001032257080078125 0.000807952880859375 7.781982421875001e-05 8.087158203125001e-05
8 0.001169586181640625 0.0008796691894531251 0.00012969970703125 0.00013580322265625
8 0.0013252258300781251 0.00084991455078125 9.918212890625e-05 0.00010986328125
8 0.001421356201171875 0.000844573974609375 8.087158203125001e-05 9.918212890625e-05
8 0.0015106201171875 0.0008567810058593751 0.00010070800781250001 0.00011749267578125