8 0.00025716145833333336 0.0011979166666666668 0.00025716145833333336 0.0005130208333333334
8 0.0007731119791666666 0.0013177083333333335 0.0004964192708333333 0.0006041666666666668
10 0.0004508463541666667 0.0004895833333333334 3.906250000000001e-05 0.00010416666666666667
10 0.000625 0.0005052083333333334 3.743489583333333e-05 0.00011718750000000002
9 0.0007763671874999999 0.0008750000000000001 3.743489583333333e-05 0.00010416666666666667
9 0.0009407552083333335 0.0010442708333333335 0.00011393229166666668 0.0003333333333333334
10 0.0009016927083333333 0.0007109375000000001 4.2317708333333335e-05 0.00012239583333333335
9 0.0009195963541666669 0.0008776041666666668 2.7669270833333335e-05 0.00012760416666666668
9 0.0009505208333333333 0.0008880208333333334 3.092447916666667e-05 0.0001328125
7 0.0010335286458333333 0.0009062499999999999 5.0455729166666666e-05 0.00016145833333333336
9 0.0010872395833333333 0.0008932291666666667 3.580729166666667e-05 0.0001354166666666667
9 0.0011197916666666667 0.0008958333333333334 4.069010416666667e-05 0.0001354166666666667
9 0.0011539713541666666 0.0008932291666666668 3.580729166666667e-05 0.00014062500000000002
9 0.0012434895833333334 0.0008932291666666667 3.743489583333333e-05 0.0001666666666666667
8 0.0015592447916666667 0.0008880208333333334 0.00014322916666666667 0.00013020833333333336