10 0.00042953491210937503 0.0006744384765625 2.8991699218750002e-05 8.850097656250001e-05
8 0.0008110046386718751 0.0010650634765625 0.00024871826171875 0.00034179687500000003
11 0.000724029541015625 0.000699615478515625 1.983642578125e-05 7.781982421875001e-05
9 0.0010887145996093751 0.00087738037109375 3.204345703125e-05 0.00010375976562500001
9 0.00108184814453125 0.000897979736328125 2.44140625e-05 0.00011749267578125
9 0.001114654541015625 0.00087738037109375 2.5939941406250003e-05 0.0001068115234375
9 0.001113128662109375 0.00089569091796875 2.288818359375e-05 0.00010986328125
9 0.0012710571289062502 0.0008331298828125 3.0517578125e-05 0.00010986328125
9 0.001273345947265625 0.0008544921875 2.5939941406250003e-05 0.0001373291015625
9 0.0012985229492187501 0.000852203369140625 2.44140625e-05 0.00013275146484375002
9 0.001314544677734375 0.0008644104003906251 3.5095214843750004e-05 0.00015106201171875
9 0.00146484375 0.0008934020996093751 4.8828125e-05 0.00020599365234375
9 0.0015541076660156251 0.0008934020996093751 4.4250488281250005e-05 0.00019989013671875002