9 0.00057525634765625 0.0008666992187500001 1.52587890625e-05 8.23974609375e-05
9 0.000554656982421875 0.00087127685546875 1.678466796875e-05 8.850097656250001e-05
9 0.00052642822265625 0.0008705139160156251 1.8310546875000003e-05 7.171630859375e-05
9 0.0004913330078125 0.0008743286132812501 1.52587890625e-05 6.103515625e-05
9 0.000466156005859375 0.0008781433105468751 1.678466796875e-05 6.561279296875e-05
9 0.0005920410156250001 0.00086212158203125 1.8310546875000003e-05 9.1552734375e-05
9 0.00123138427734375 0.00101165771484375 7.62939453125e-05 0.000360107421875
8 0.00044174194335937504 0.000885009765625 9.918212890625e-05 8.850097656250001e-05
9 0.00044860839843750003 0.000885009765625 9.765625e-05 8.850097656250001e-05
14 0.00102996826171875 0.0009277343750000001 0.000421142578125 0.00046081542968750004
9 0.001104736328125 0.000986480712890625 6.40869140625e-05 0.00036468505859375003
9 0.001168060302734375 0.000994873046875 5.340576171875e-05 0.00028076171875000003