9 5.859375e-05 0.0009375000000000002 3.4179687499999996e-05 0.0001510416666666667
9 6.34765625e-05 0.0009322916666666668 2.9296875e-05 0.00014583333333333335
9 0.00010579427083333334 0.0009348958333333333 2.7669270833333335e-05 0.00015885416666666668
9 0.00012532552083333333 0.0009296875 2.604166666666667e-05 8.333333333333334e-05
9 0.00015136718750000003 0.0008932291666666668 3.4179687499999996e-05 0.000125
9 0.00015950520833333333 0.0009348958333333333 2.9296875e-05 0.0001744791666666667
8 0.0002587890625 0.0009322916666666668 0.0001220703125 0.00012760416666666668
8 0.000419921875 0.0009244791666666668 0.00013020833333333333 0.00014583333333333335
8 0.0004654947916666667 0.0008776041666666667 4.8828125e-05 0.00010156250000000001
8 0.0005078124999999999 0.0008619791666666667 4.720052083333334e-05 0.00010156250000000001
8 0.0006038411458333333 0.0008723958333333334 8.951822916666667e-05 0.00012760416666666668
8 0.0007177734375 0.0008567708333333334 7.486979166666666e-05 8.333333333333334e-05
9 0.0008089192708333334 0.0008411458333333334 1.9531250000000004e-05 0.000125
10 0.0009293619791666668 0.0005651041666666668 4.069010416666667e-05 0.0001510416666666667
9 0.0015592447916666667 0.0008697916666666668 3.906250000000001e-05 0.0002447916666666667