9 0.000126953125 0.0009231770833333336 3.824869791666667e-05 0.00015364583333333335
10 4.8828125e-05 0.0006380208333333333 4.720052083333334e-05 0.00015625000000000003
8 0.0006136067708333334 0.0009973958333333334 0.00052734375 0.00032552083333333337
9 0.0007014973958333333 0.0008359375000000001 1.6276041666666666e-05 5.9895833333333344e-05
8 0.0008333333333333334 0.0008932291666666667 8.789062500000001e-05 0.00014583333333333335
10 0.00083984375 0.0005781250000000001 5.533854166666667e-05 0.00016145833333333336
9 0.0009391276041666666 0.0008802083333333334 5.0455729166666666e-05 0.00016927083333333334
9 0.0009407552083333334 0.0008880208333333334 4.3945312500000005e-05 0.00018489583333333335
9 0.0010139973958333335 0.0008984375000000001 8.30078125e-05 0.00017968750000000002
9 0.0009781901041666667 0.0008828125000000001 3.743489583333333e-05 0.00014843750000000002
9 0.0011490885416666665 0.0008906250000000001 0.00013671874999999999 0.0002135416666666667
9 0.0010986328125 0.0008697916666666668 5.533854166666667e-05 0.00017968750000000002
9 0.0013802083333333333 0.0008645833333333334 6.34765625e-05 0.0002291666666666667