8 7.9345703125e-05 0.00102081298828125 7.9345703125e-05 0.0002532958984375
8 0.00032348632812500004 0.0009582519531250001 0.0002410888671875 0.000225830078125
8 0.000506591796875 0.000868988037109375 6.7138671875e-05 9.307861328125001e-05
11 0.000540924072265625 0.000598907470703125 2.5939941406250003e-05 8.392333984375e-05
12 0.000537109375 0.00058135986328125 2.1362304687500002e-05 5.4931640625e-05
8 0.0006317138671875001 0.0008628845214843751 7.62939453125e-05 0.00010223388671875
8 0.000753021240234375 0.0009086608886718751 0.00011749267578125 0.00017242431640625
11 0.000661468505859375 0.000585174560546875 1.983642578125e-05 5.9509277343750005e-05
11 0.000858306884765625 0.0007110595703125 1.983642578125e-05 5.1879882812500005e-05
9 0.0009490966796875 0.0008514404296875001 3.0517578125e-05 0.0001068115234375
9 0.000982666015625 0.0008491516113281251 2.74658203125e-05 9.613037109375001e-05
14 0.00150146484375 0.000846099853515625 0.00044555664062500004 0.00023956298828125002
11 0.00112457275390625 0.000551605224609375 2.74658203125e-05 0.00015106201171875
8 0.00134124755859375 0.00084686279296875 0.0002197265625 0.0001068115234375
8 0.0013336181640625 0.000838470458984375 0.0001953125 9.307861328125001e-05
9 0.001201629638671875 0.000914764404296875 3.204345703125e-05 0.00022125244140625