8 0.0002530924479166667 0.0008958333333333336 0.00010009765625 0.00010546875000000001
9 0.0008959960937500001 0.00083203125 1.7089843749999998e-05 7.291666666666667e-05
9 0.00085205078125 0.0008320312500000002 2.1158854166666667e-05 6.901041666666667e-05
8 0.0015616861979166668 0.00087890625 0.00013997395833333334 0.0001393229166666667
8 0.00020507812499999997 0.0009244791666666668 0.00019856770833333334 0.0001666666666666667
8 0.0007698567708333333 0.0013359375 0.0005078125 0.0006406250000000001
12 0.00045410156249999997 0.00047395833333333345 3.092447916666667e-05 8.593750000000001e-05
12 0.0006233723958333333 0.0004947916666666667 2.44140625e-05 9.375000000000002e-05
8 0.0011181640625 0.0009062500000000002 0.000283203125 0.00015625000000000003
12 0.0008935546874999999 0.0006796875000000002 2.604166666666667e-05 8.593750000000001e-05
7 0.0012760416666666666 0.0008932291666666668 9.928385416666667e-05 0.00015625000000000003