12 0.00037307739257812504 0.000798797607421875 4.119873046875e-05 9.307861328125001e-05
8 0.00045700073242187504 0.000872802734375 7.171630859375e-05 0.00010375976562500001
8 0.00045700073242187504 0.000876617431640625 6.561279296875e-05 9.307861328125001e-05
8 0.0005310058593750001 0.000868988037109375 6.7138671875e-05 7.781982421875001e-05
8 0.0005279541015625 0.000850677490234375 5.7983398437500004e-05 5.9509277343750005e-05
11 0.000690460205078125 0.000640869140625 2.8991699218750002e-05 8.544921875000001e-05
11 0.000690460205078125 0.0006530761718750001 2.8991699218750002e-05 8.544921875000001e-05
11 0.00086212158203125 0.000731658935546875 3.0517578125e-05 9.613037109375001e-05
11 0.0008575439453125 0.00071868896484375 2.44140625e-05 7.324218750000001e-05
8 0.0011268615722656251 0.0008697509765625 0.00011138916015625001 0.00010986328125
8 0.001116943359375 0.000868988037109375 0.00010070800781250001 9.307861328125001e-05
11 0.00107421875 0.0006622314453125001 2.74658203125e-05 0.00010986328125