8 0.00015787760416666668 0.0008216145833333335 0.00015706380208333336 8.723958333333335e-05
8 0.0003873697916666667 0.0008359375000000001 0.00011393229166666668 0.00016145833333333336
8 0.0005289713541666667 0.0008880208333333334 0.0002099609375 0.0002369791666666667
12 0.0004768880208333334 0.0005885416666666668 3.255208333333333e-05 5.208333333333334e-05
12 0.0004817708333333333 0.0006119791666666668 3.4179687499999996e-05 8.593750000000001e-05
8 0.0005859375000000001 0.0008515625000000001 6.34765625e-05 0.0001432291666666667
8 0.0005810546875000001 0.0008619791666666668 5.533854166666667e-05 0.00016406250000000004
11 0.0005712890625 0.0005859375000000001 2.44140625e-05 5.468750000000001e-05
11 0.0005794270833333334 0.0006041666666666668 2.7669270833333335e-05 6.770833333333334e-05
11 0.0006510416666666666 0.0005963541666666668 2.7669270833333335e-05 7.031250000000001e-05
11 0.0006575520833333333 0.0005937500000000001 2.2786458333333334e-05 5.729166666666667e-05
8 0.0007747395833333333 0.0008750000000000001 0.0001318359375 0.0001666666666666667
7 0.0008528645833333333 0.0008333333333333334 3.743489583333333e-05 0.00012239583333333335
7 0.0008544921875 0.0008333333333333334 3.906250000000001e-05 0.00011718750000000002
11 0.0008528645833333333 0.0006979166666666668 2.1158854166666667e-05 4.687500000000001e-05
11 0.0008951822916666666 0.0006562500000000001 2.44140625e-05 7.552083333333335e-05
11 0.0009033203125 0.0006875000000000002 2.9296875e-05 0.00010156250000000001
8 0.0013671875 0.0007838541666666667 6.34765625e-05 9.895833333333334e-05
8 0.0013818359375 0.0007734375 7.486979166666666e-05 6.510416666666668e-05
8 0.001455078125 0.0007630208333333334 9.27734375e-05 7.812500000000002e-05