8 0.0001416015625 0.0010364583333333335 0.00014078776041666667 0.0002955729166666667
8 0.00024739583333333335 0.0009817708333333334 0.0001220703125 0.00019270833333333336
8 0.0002490234375 0.0009453125000000002 0.00012044270833333335 0.00013802083333333334
8 0.00032063802083333337 0.0008671875000000001 8.626302083333333e-05 6.510416666666668e-05
8 0.0003043619791666667 0.0008723958333333334 6.835937499999999e-05 8.593750000000001e-05
8 0.0004801432291666667 0.0008671875000000001 0.00011881510416666666 9.375000000000002e-05
8 0.00048828125 0.0008567708333333335 0.00011230468749999999 8.072916666666668e-05
8 0.0007633463541666667 0.0008359375000000001 5.533854166666667e-05 8.072916666666668e-05
8 0.0009244791666666668 0.0008802083333333334 0.000126953125 0.000125
8 0.0013053385416666669 0.0010416666666666669 0.00027832031250000003 0.0002760416666666667
8 0.0013085937499999999 0.0010390625 0.00027018229166666667 0.0002838541666666667