12 0.000262451171875 0.00039138793945312503 4.2724609375000004e-05 0.00010223388671875
12 0.000264739990234375 0.00042877197265625 4.4250488281250005e-05 0.0001373291015625
13 0.000516510009765625 0.00037994384765625003 5.0354003906250004e-05 8.544921875000001e-05
13 0.000510406494140625 0.00038299560546875 2.8991699218750002e-05 0.0001220703125
8 0.0005729675292968751 0.0009353637695312501 9.002685546875e-05 0.00010375976562500001
8 0.000669097900390625 0.0008934020996093751 4.4250488281250005e-05 6.256103515625001e-05
9 0.00083465576171875 0.000930023193359375 2.1362304687500002e-05 0.00011444091796875
9 0.0008697509765625 0.0009277343750000001 3.35693359375e-05 0.00012512207031250002
13 0.000904083251953125 0.00064849853515625 4.730224609375e-05 7.324218750000001e-05
13 0.0008934020996093751 0.0006568908691406251 2.288818359375e-05 8.087158203125001e-05
9 0.000952911376953125 0.0008934020996093751 2.8991699218750002e-05 7.476806640625e-05