8 0.00017415364583333334 0.0008255208333333335 3.906250000000001e-05 4.687500000000001e-05
8 0.0003450520833333334 0.0008281250000000001 0.0001383463541666667 0.00010677083333333335
8 0.0006184895833333333 0.0008203125000000001 0.00011067708333333334 8.333333333333334e-05
8 0.0006103515625 0.0008072916666666668 0.00010091145833333333 7.291666666666667e-05
8 0.0006835937500000001 0.0008151041666666668 4.8828125e-05 8.854166666666667e-05
8 0.0007259114583333333 0.0008072916666666668 5.533854166666667e-05 7.552083333333335e-05
8 0.0008935546875 0.0008020833333333335 8.463541666666667e-05 8.072916666666668e-05
10 0.0009114583333333335 8.854166666666667e-05 4.069010416666667e-05 8.854166666666667e-05
10 0.0008951822916666666 0.0006041666666666667 1.9531250000000004e-05 8.072916666666668e-05
12 0.0010319010416666666 0.0005859375000000001 2.2786458333333334e-05 6.25e-05
12 0.0011474609375 0.0006640625000000002 2.44140625e-05 6.770833333333334e-05
12 0.0011507161458333335 0.0006588541666666667 2.1158854166666667e-05 4.166666666666667e-05
12 0.0012679036458333333 0.00018229166666666667 3.743489583333333e-05 0.00014062500000000002
9 0.0013069661458333334 0.0008125000000000001 4.8828125e-05 0.00013802083333333334
9 0.0013037109375 0.0007942708333333335 3.743489583333333e-05 8.854166666666667e-05
7 0.0015380859375000002 0.0008489583333333334 4.2317708333333335e-05 0.00015885416666666668
9 0.0015494791666666669 0.0008671875000000001 4.720052083333334e-05 0.0002421875
9 0.0015576171875 0.0008177083333333334 1.7903645833333333e-05 0.00013020833333333336