9 0.0009098307291666666 0.0007864583333333335 1.46484375e-05 5.9895833333333344e-05
12 0.0004622395833333334 0.0007161458333333334 1.7903645833333333e-05 4.4270833333333337e-05
7 0.0005192057291666666 0.0007890625 4.3945312500000005e-05 4.947916666666667e-05
8 0.0006103515625 0.0008203125000000001 6.998697916666667e-05 8.854166666666667e-05
12 0.0006168619791666667 0.0006536458333333334 1.46484375e-05 4.687500000000001e-05
8 0.0006510416666666666 0.00078125 4.3945312500000005e-05 5.729166666666667e-05
8 0.0006494140625 0.0007708333333333334 3.743489583333333e-05 3.906250000000001e-05
12 0.0006803385416666667 0.0006432291666666667 1.6276041666666666e-05 4.4270833333333337e-05
12 0.0006852213541666667 0.0006432291666666667 1.9531250000000004e-05 4.947916666666667e-05
7 0.0007389322916666667 0.0007838541666666667 4.069010416666667e-05 7.812500000000002e-05
12 0.0008121744791666667 0.0006744791666666668 2.604166666666667e-05 5.208333333333334e-05
8 0.00099609375 0.0007760416666666667 0.00013346354166666669 7.031250000000001e-05