8 0.0015616861979166668 0.0011015625000000001 0.00010904947916666668 0.00030468750000000005
8 9.684244791666668e-05 0.0010130208333333334 9.602864583333333e-05 0.0002486979166666667
8 0.00028157552083333333 0.0009583333333333335 0.00023274739583333334 0.00021093750000000002
8 0.00038248697916666666 0.000921875 0.00015462239583333333 0.00017708333333333335
8 0.00045410156249999997 0.0008619791666666668 4.3945312500000005e-05 6.510416666666668e-05
8 0.0005533854166666668 0.0008984374999999999 0.00010904947916666668 0.00013020833333333336
12 0.0005761718750000001 0.0006302083333333333 2.9296875e-05 6.510416666666668e-05
8 0.0007080078125000001 0.0009140624999999999 0.00013509114583333334 0.00017708333333333335
12 0.0006819661458333334 0.0006354166666666668 3.255208333333333e-05 7.031250000000001e-05
12 0.0007600911458333333 0.0006250000000000001 2.604166666666667e-05 6.510416666666668e-05
8 0.0009244791666666668 0.0008932291666666668 0.0001171875 0.00013802083333333334
12 0.0009635416666666668 0.0007265625000000001 2.7669270833333335e-05 7.291666666666667e-05
8 0.0011018880208333334 0.0009166666666666668 0.00015462239583333333 0.00021875000000000003
12 0.00103515625 0.0006536458333333334 3.092447916666667e-05 9.114583333333334e-05
8 0.0012353515625000001 0.000953125 0.00017089843750000002 0.00022135416666666668
8 0.0015494791666666669 0.0010442708333333335 0.0003531901041666667 0.00037500000000000006