8 0.0015594482421875 0.0010223388671875 0.00031127929687500003 0.0002777099609375
8 0.000750732421875 0.000913238525390625 0.00014038085937500002 0.00020294189453125
11 0.0007080078125000001 0.0006607055664062501 2.44140625e-05 4.8828125e-05
11 0.000716400146484375 0.00066375732421875 2.5939941406250003e-05 4.8828125e-05
11 0.000760650634765625 0.0006813049316406251 2.288818359375e-05 4.119873046875e-05
11 0.0007614135742187501 0.0006774902343750001 2.1362304687500002e-05 4.8828125e-05
11 0.000861358642578125 0.00073394775390625 1.983642578125e-05 3.0517578125e-05
11 0.00087738037109375 0.0007354736328125 3.0517578125e-05 5.7983398437500004e-05
11 0.000875091552734375 0.000726318359375 1.983642578125e-05 3.6621093750000005e-05
8 0.000957489013671875 0.0008575439453125 7.476806640625e-05 0.00010986328125
8 0.001139068603515625 0.000905609130859375 0.00015716552734375 0.00016632080078125
8 0.00116729736328125 0.00078125 7.62939453125e-05 6.7138671875e-05