8 0.0015594482421875 0.0013397216796875002 0.00010375976562500001 0.000604248046875
8 8.392333984375e-05 0.000982666015625 8.23974609375e-05 0.0001800537109375
8 0.0001678466796875 0.0009658813476562501 8.23974609375e-05 0.0001739501953125
8 0.00035552978515625 0.0008987426757812501 0.0001800537109375 0.00010375976562500001
8 0.00042190551757812503 0.0008743286132812501 6.866455078125e-05 8.850097656250001e-05
8 0.0005081176757812501 0.000853729248046875 7.019042968750001e-05 7.476806640625e-05
8 0.0007781982421875 0.00111236572265625 0.000286865234375 0.000390625
8 0.0008514404296875001 0.000914764404296875 6.7138671875e-05 0.00012054443359375
8 0.00091552734375 0.0009407043457031251 0.00010375976562500001 0.00017242431640625
9 0.000909423828125 0.0009315490722656251 4.57763671875e-05 0.00021820068359375
8 0.001107025146484375 0.0009796142578125 0.00022430419921875002 0.000262451171875
8 0.0011802673339843751 0.0010200500488281251 0.00019989013671875002 0.00028839111328125003
8 0.0015419006347656252 0.00112457275390625 0.00041656494140625 0.00042724609375