9 0.0014461263020833334 0.0012369791666666668 0.00017171223958333334 0.0006666666666666668
8 0.00013671874999999999 0.0010677083333333335 0.0001318359375 0.0003020833333333334
8 0.00018880208333333336 0.0009765625000000002 0.00011393229166666668 0.0002135416666666667
8 0.0001953125 0.0010026041666666668 9.765625e-05 0.0002734375
8 0.0003076171875 0.0010104166666666666 0.00014811197916666667 0.00025
8 0.00030924479166666665 0.0009869791666666668 0.00014811197916666667 0.00022656250000000004
9 0.00031575520833333336 0.0009166666666666669 5.0455729166666666e-05 0.00020052083333333337
9 0.00031087239583333336 0.0009010416666666669 3.4179687499999996e-05 0.00018489583333333335
8 0.0005175781250000001 0.0008932291666666667 0.00017252604166666667 0.00011979166666666669
8 0.0005452473958333335 0.0008906250000000001 0.00017903645833333335 0.00012239583333333335
8 0.0005680338541666667 0.0008723958333333335 0.00011230468749999999 0.00011197916666666668
8 0.00064453125 0.0008671875000000001 0.00015950520833333333 0.00012239583333333335
14 0.0005680338541666667 0.0008802083333333334 3.580729166666667e-05 0.000125
14 0.0006461588541666667 0.0008776041666666668 0.00010579427083333334 0.00012239583333333335
14 0.00076171875 0.0008776041666666668 9.440104166666668e-05 0.00021093750000000002
14 0.00076171875 0.0008697916666666667 9.114583333333334e-05 0.0002135416666666667
8 0.0008479817708333334 0.0008802083333333334 7.324218750000001e-05 9.375000000000002e-05
8 0.0008479817708333332 0.0008828125000000001 6.998697916666667e-05 9.114583333333334e-05
14 0.0008707682291666668 0.0007968750000000001 8.951822916666667e-05 0.00014583333333333335
14 0.0008675130208333335 0.0008619791666666667 8.30078125e-05 0.0001979166666666667
9 0.0009716796875000001 0.0009401041666666668 4.720052083333334e-05 0.000265625
9 0.0009749348958333333 0.0009348958333333335 5.0455729166666666e-05 0.0002526041666666667
9 0.0009570312500000001 0.0009114583333333335 2.44140625e-05 0.0001979166666666667
9 0.0012939453125000002 0.0012083333333333334 0.00015136718750000003 0.0006276041666666667