9 0.0011100260416666665 0.0008893229166666667 1.9531250000000004e-05 8.463541666666667e-05
8 0.00042561848958333335 0.0008723958333333334 6.429036458333334e-05 7.161458333333335e-05
14 0.00011474609375000001 0.0008593750000000001 0.00011393229166666668 7.812500000000002e-05
8 6.754557291666667e-05 0.0009062499999999999 6.673177083333334e-05 8.593750000000001e-05
10 0.0002408854166666667 0.00044270833333333337 4.2317708333333335e-05 0.00015885416666666668
8 0.0003076171875 0.0008697916666666668 5.859375e-05 6.510416666666668e-05
8 0.0003271484375 0.0008802083333333334 7.812500000000002e-05 7.552083333333335e-05
10 0.0004622395833333334 0.00030468750000000005 7.324218750000001e-05 0.00019010416666666668
8 0.0005029296875 0.0008697916666666668 4.557291666666667e-05 6.510416666666668e-05
8 0.0005452473958333333 0.0008958333333333334 6.998697916666667e-05 9.635416666666668e-05
8 0.0005582682291666667 0.0009322916666666668 6.835937499999999e-05 0.00014583333333333335
8 0.0007405598958333333 0.0010598958333333335 0.00022949218750000001 0.0003072916666666667
11 0.0006266276041666667 0.0006484375000000001 2.604166666666667e-05 6.770833333333334e-05
11 0.0006217447916666667 0.0006406250000000001 2.1158854166666667e-05 5.468750000000001e-05
11 0.0006949869791666667 0.0006953125000000002 2.2786458333333334e-05 6.25e-05
11 0.0006998697916666668 0.0006848958333333334 2.604166666666667e-05 4.947916666666667e-05
8 0.00078125 0.0008723958333333334 4.557291666666667e-05 9.895833333333334e-05
8 0.0008300781250000001 0.0008828125000000001 7.486979166666666e-05 8.854166666666667e-05
8 0.0008691406250000001 0.0009322916666666668 5.371093750000001e-05 0.00014843750000000002
11 0.0008691406250000001 0.0006250000000000001 2.7669270833333335e-05 7.031250000000001e-05
11 0.0008658854166666667 0.0006223958333333334 1.6276041666666666e-05 5.9895833333333344e-05
8 0.001083984375 0.0010052083333333334 0.00023274739583333334 0.00028906250000000004
8 0.0010823567708333334 0.0010026041666666668 0.00022623697916666666 0.0002864583333333334
11 0.0011197916666666667 0.0007578125000000001 1.3020833333333334e-05 4.687500000000001e-05
8 0.0013492838541666668 0.0009036458333333334 0.00011393229166666668 8.333333333333334e-05
8 0.0014290364583333334 0.0009010416666666667 0.00010091145833333333 8.854166666666667e-05
8 0.0015559895833333335 0.0010859374999999999 0.00021321614583333332 0.00030989583333333336