8 0.00017578125000000002 0.0010156250000000003 0.00017578125000000002 0.00038281250000000007
8 0.00017415364583333334 0.0008385416666666667 0.00014322916666666667 0.0001432291666666667
8 0.0005289713541666666 0.0010494791666666669 0.0003369140625 0.0004192708333333334
8 0.00048665364583333335 0.0009322916666666668 0.00025553385416666666 0.00025520833333333336
12 0.00041015625000000004 0.0005859375000000001 3.580729166666667e-05 0.00010156250000000001
10 0.0004117838541666667 0.0005625000000000001 2.9296875e-05 7.812500000000002e-05
8 0.0011295572916666667 0.0013619791666666667 0.0007194010416666667 0.0007421875000000001
10 0.0004947916666666667 0.0005807291666666668 3.092447916666667e-05 8.593750000000001e-05
11 0.0006168619791666668 0.0005781250000000001 2.9296875e-05 8.593750000000001e-05
10 0.000625 0.0005572916666666668 2.7669270833333335e-05 7.291666666666667e-05
11 0.00072265625 0.0006015625000000001 5.208333333333334e-05 0.00011979166666666669
12 0.0007112630208333334 0.0005703125000000001 2.7669270833333335e-05 7.552083333333335e-05
11 0.0009033203125 0.0006953125000000002 2.7669270833333335e-05 9.375000000000002e-05
11 0.0009082031250000002 0.0006692708333333335 2.7669270833333335e-05 7.031250000000001e-05
8 0.0014241536458333335 0.0008333333333333335 0.00022460937499999998 0.0001510416666666667