14 0.000171661376953125 0.0008987426757812501 0.00016937255859375002 0.0001739501953125
8 0.000237274169921875 0.0010543823242187501 0.00019683837890625 0.0002838134765625
8 0.0007026672363281251 0.001265716552734375 0.00048980712890625 0.00066375732421875
10 0.000510406494140625 0.000567626953125 3.204345703125e-05 8.850097656250001e-05
12 0.000665283203125 0.000555419921875 3.96728515625e-05 8.850097656250001e-05
12 0.000662994384765625 0.0005706787109375 2.5939941406250003e-05 8.544921875000001e-05
8 0.000843048095703125 0.000919342041015625 0.00016937255859375002 0.00018463134765625002
8 0.0008438110351562501 0.0009185791015625 0.000164794921875 0.00014038085937500002
8 0.000792694091796875 0.000823211669921875 4.730224609375e-05 4.730224609375e-05
12 0.000787353515625 0.0005706787109375 3.96728515625e-05 0.00010986328125
12 0.000783538818359375 0.0005523681640625 2.5939941406250003e-05 7.324218750000001e-05
14 0.0008377075195312501 0.000820159912109375 4.57763671875e-05 6.561279296875e-05
8 0.001018524169921875 0.0009391784667968751 7.171630859375e-05 0.00018157958984375
8 0.0015388488769531251 0.001255035400390625 0.0005844116210937501 0.00055694580078125
12 0.0010772705078125001 0.0007110595703125 3.0517578125e-05 8.544921875000001e-05
8 0.0015350341796875001 0.000858306884765625 0.00012512207031250002 9.307861328125001e-05
12 0.00150146484375 0.000524139404296875 8.23974609375e-05 0.00023956298828125002
9 0.0015235900878906251 0.0008720397949218751 5.9509277343750005e-05 0.00011749267578125
9 0.001512908935546875 0.0008666992187500001 4.119873046875e-05 0.00010375976562500001