8 0.00048339843750000005 0.0009296875000000002 0.0003564453125 0.00021093750000000002
7 0.0007161458333333334 0.0011067708333333335 0.00032389322916666667 0.0005
7 0.0007259114583333334 0.0010911458333333335 0.00031575520833333336 0.00048697916666666676
8 0.0007373046875 0.0008437500000000001 0.00010416666666666667 0.00010937500000000002
8 0.0008675130208333333 0.0008046875000000001 9.602864583333333e-05 9.375000000000002e-05
12 0.0008935546875 0.0004401041666666667 3.743489583333333e-05 0.00011458333333333334
8 0.001064453125 0.0008489583333333334 0.00011067708333333334 0.00013802083333333334
8 0.0010660807291666668 0.0008385416666666668 0.00010742187500000001 0.000125
12 0.0010791015625000002 0.0004531250000000001 4.2317708333333335e-05 0.00012760416666666668
8 0.0013785807291666666 0.0008151041666666668 6.998697916666667e-05 7.812500000000002e-05
12 0.0015543619791666668 0.0006484375000000001 4.720052083333334e-05 0.00010416666666666667