8 5.696614583333334e-05 0.0010234375 5.696614583333334e-05 0.00023958333333333337
8 4.720052083333334e-05 0.0010104166666666668 4.557291666666667e-05 0.00018489583333333335
14 0.00020345052083333332 0.0008515625000000001 0.00016927083333333334 0.0001354166666666667
8 0.0002490234375 0.0010416666666666667 0.00021321614583333332 0.00028125000000000003
8 0.0006982421875000001 0.0012552083333333334 0.0005078125 0.0006614583333333333
10 0.0005110677083333333 0.0005546875000000001 2.7669270833333335e-05 7.812500000000002e-05
12 0.0006591796875 0.0005390625 2.44140625e-05 6.510416666666668e-05
12 0.00078125 0.000546875 2.44140625e-05 7.552083333333335e-05
8 0.0008284505208333333 0.0008671875000000001 6.184895833333334e-05 8.854166666666667e-05
8 0.0010009765625000001 0.0008723958333333334 0.00015462239583333333 0.00010677083333333335
8 0.001220703125 0.0010234375 0.0002620442708333333 0.0002838541666666667
12 0.00107421875 0.0006822916666666668 2.44140625e-05 6.770833333333334e-05
12 0.0014908854166666668 0.0005130208333333334 7.649739583333334e-05 0.00023177083333333337
9 0.0015266927083333335 0.0009375000000000002 4.8828125e-05 0.00018489583333333335