10 0.00019683837890625 0.00025482177734375 0.00017089843750000002 0.000244140625
8 0.000347900390625 0.000882720947265625 0.00022277832031250002 0.00015106201171875
8 0.000347900390625 0.0008781433105468751 0.0002044677734375 0.00013275146484375002
8 0.00035324096679687503 0.0008247375488281251 0.00015411376953125002 9.307861328125001e-05
8 0.000543975830078125 0.000830841064453125 9.613037109375001e-05 9.918212890625e-05
8 0.000539398193359375 0.000830841064453125 8.392333984375e-05 9.918212890625e-05
8 0.0006454467773437501 0.000852203369140625 9.765625e-05 0.00010223388671875
8 0.000646209716796875 0.0008666992187500001 9.307861328125001e-05 0.00012512207031250002
8 0.0007308959960937501 0.00081024169921875 8.23974609375e-05 9.1552734375e-05
8 0.00077362060546875 0.0008018493652343751 5.1879882812500005e-05 5.9509277343750005e-05
10 0.000911712646484375 8.850097656250001e-05 4.119873046875e-05 8.850097656250001e-05
10 0.0008934020996093751 0.0006034851074218751 1.983642578125e-05 8.087158203125001e-05
10 0.0010314941406250001 0.000586700439453125 2.44140625e-05 6.256103515625001e-05
11 0.0011459350585937501 0.0006744384765625 2.44140625e-05 6.7138671875e-05
10 0.0012710571289062502 0.00018463134765625002 3.96728515625e-05 0.00014038085937500002
9 0.001384735107421875 0.00079498291015625 3.814697265625e-05 0.00010986328125
9 0.001384735107421875 0.0007942199707031251 3.204345703125e-05 8.392333984375e-05
7 0.001499176025390625 0.000859832763671875 3.5095214843750004e-05 0.00015411376953125002