8 0.000322265625 0.0009218750000000002 0.000322265625 0.0002291666666666667
9 0.00026204427083333337 0.0007916666666666668 6.998697916666667e-05 0.0001510416666666667
12 0.000234375 0.0005598958333333335 3.580729166666667e-05 0.00011718750000000002
12 0.00023925781250000002 0.0005572916666666668 3.906250000000001e-05 0.00011718750000000002
8 0.0007373046875 0.0007760416666666667 3.4179687499999996e-05 5.468750000000001e-05
8 0.0007747395833333333 0.0007630208333333334 3.4179687499999996e-05 5.208333333333334e-05
8 0.0008544921875 0.0007968750000000001 2.7669270833333335e-05 8.854166666666667e-05
8 0.0009163411458333334 0.0007994791666666668 5.696614583333334e-05 7.291666666666667e-05
8 0.0009212239583333332 0.0008151041666666668 5.696614583333334e-05 9.635416666666668e-05
8 0.0010009765625000001 0.0008229166666666668 9.765625e-05 0.00011197916666666668
12 0.0009651692708333335 0.0005026041666666667 2.7669270833333335e-05 0.00011718750000000002
9 0.0012255859375 0.0008046875000000001 3.743489583333333e-05 0.00015625000000000003
9 0.0012320963541666667 0.0007994791666666668 3.092447916666667e-05 0.00015364583333333335
8 0.0015592447916666667 0.0008802083333333334 0.0002897135416666667 0.0002604166666666667
8 0.0015592447916666667 0.0008854166666666667 0.00028157552083333333 0.0002604166666666667