9 4.1961669921875e-05 0.000970458984375 4.119873046875e-05 0.00022277832031250002
9 0.0015617370605468751 0.001300048828125 0.00017242431640625 0.0007995605468750001
8 0.000293731689453125 0.000913238525390625 0.00010223388671875 0.00012969970703125
8 0.000286102294921875 0.00090179443359375 9.002685546875e-05 0.0001068115234375
8 0.000435638427734375 0.0008880615234375 0.00012359619140625 0.00016174316406250002
8 0.00042877197265625 0.0008880615234375 0.0001068115234375 0.0001373291015625
9 0.00065765380859375 0.001361846923828125 0.0001068115234375 0.0008438110351562501
8 0.00112152099609375 0.0009429931640625001 0.00039978027343750004 0.0002349853515625
9 0.0008544921875 0.00143280029296875 0.00011596679687500001 0.0009246826171875
12 0.0008285522460937501 0.00052947998046875 4.2724609375000004e-05 5.4931640625e-05
9 0.001016998291015625 0.0013458251953125 0.00020294189453125 0.00081787109375
9 0.0009445190429687501 0.0013206481933593752 0.0001129150390625 0.0008224487304687501
9 0.001145172119140625 0.0012413024902343751 3.204345703125e-05 0.00055694580078125
9 0.0012641906738281251 0.0012863159179687502 0.00012054443359375 0.0007141113281250001