8 0.00020182291666666667 0.0009765625 0.00020182291666666667 0.00021875000000000003
8 0.000458984375 0.0008802083333333335 8.951822916666667e-05 9.635416666666668e-05
8 0.00045410156249999997 0.0008828124999999999 8.30078125e-05 9.895833333333334e-05
8 0.0005826822916666667 0.0008802083333333334 8.138020833333334e-05 0.00010937500000000002
8 0.0005810546875000001 0.0008750000000000001 7.649739583333334e-05 9.114583333333334e-05
8 0.0006282552083333333 0.0008437500000000001 3.743489583333333e-05 5.9895833333333344e-05
8 0.0007194010416666668 0.0008750000000000001 8.789062500000001e-05 0.00011197916666666668
8 0.0007112630208333334 0.0008776041666666667 7.324218750000001e-05 0.00010416666666666667
8 0.0008317057291666666 0.0008593750000000001 7.324218750000001e-05 0.00010416666666666667
8 0.0008430989583333333 0.0008802083333333334 4.8828125e-05 0.0001328125
8 0.0009261067708333335 0.0008958333333333334 0.00010253906250000001 0.00015885416666666668
8 0.0008902994791666667 0.0008984375000000001 6.673177083333334e-05 0.00015364583333333335
8 0.0010823567708333334 0.0009817708333333334 0.00020182291666666667 0.00023958333333333337
8 0.0010888671875 0.0009557291666666668 0.00020833333333333335 0.00020052083333333337