9 0.0015445963541666668 0.0009466145833333334 4.8014322916666664e-05 0.00021484375000000003
9 0.001505533854166667 0.0009557291666666668 5.289713541666667e-05 0.00022786458333333336
8 0.00026204427083333337 0.0008906250000000001 0.00011230468749999999 9.375000000000002e-05
8 0.0002913411458333333 0.0008932291666666668 3.580729166666667e-05 7.812500000000002e-05
8 0.00043782552083333325 0.0008723958333333335 5.0455729166666666e-05 6.510416666666668e-05
8 0.0007112630208333334 0.0010755208333333335 0.00029947916666666664 0.00040104166666666673
12 0.0005631510416666667 0.0006614583333333335 3.4179687499999996e-05 9.375000000000002e-05
8 0.0007796223958333333 0.0009895833333333334 0.0001383463541666667 0.00025
11 0.0008138020833333333 0.0005338541666666667 3.255208333333333e-05 0.00010677083333333335
8 0.0009000651041666667 0.0008906250000000001 7.486979166666666e-05 8.072916666666668e-05
10 0.0009163411458333334 0.0006875000000000002 2.604166666666667e-05 9.895833333333334e-05