14 0.00021809895833333336 0.0008125000000000001 0.00017415364583333334 0.00011718750000000002
8 0.000244140625 0.0010442708333333335 0.00019856770833333334 0.0002734375
8 0.0006998697916666667 0.0012473958333333334 0.0005110677083333333 0.0006536458333333333
10 0.0005094401041666667 0.0005546875000000001 2.7669270833333335e-05 8.593750000000001e-05
12 0.0006624348958333333 0.000546875 3.092447916666667e-05 7.552083333333335e-05
8 0.0007731119791666667 0.0008437500000000001 6.673177083333334e-05 7.031250000000001e-05
8 0.0007666015625 0.0008463541666666667 4.557291666666667e-05 7.031250000000001e-05
12 0.0007828776041666666 0.0005546875 2.9296875e-05 8.854166666666667e-05
8 0.00087890625 0.0008854166666666668 8.789062500000001e-05 0.00010937500000000002
9 0.0009651692708333333 0.0008411458333333334 2.2786458333333334e-05 6.25e-05
8 0.0011279296875 0.0010052083333333334 0.0001611328125 0.00025520833333333336
8 0.0015592447916666667 0.0014088541666666668 0.0005533854166666668 0.0007656250000000001
12 0.00107421875 0.0006901041666666668 2.604166666666667e-05 7.552083333333335e-05
8 0.0015511067708333334 0.0006875000000000002 0.0003629557291666667 6.25e-05
12 0.0014925130208333333 0.0005234375000000001 8.138020833333334e-05 0.0002447916666666667