7 0.00151123046875 0.0008763020833333333 9.27734375e-05 0.0001393229166666667
8 0.00010091145833333333 0.0009231770833333334 0.00010009765625 0.0001354166666666667
8 0.00018717447916666665 0.0009375000000000002 0.0001416015625 0.00015625000000000003
8 0.00019042968749999998 0.0009401041666666668 0.00014322916666666667 0.00014843750000000002
8 0.0003564453125 0.0009010416666666667 0.00012044270833333335 0.00011718750000000002
8 0.00046386718750000003 0.0008958333333333334 9.765625e-05 0.00010156250000000001
8 0.0004736328125 0.0008828125000000001 0.00010416666666666667 9.635416666666668e-05
8 0.000537109375 0.0008567708333333334 7.812500000000002e-05 7.812500000000002e-05
8 0.0006363932291666667 0.0008645833333333334 6.673177083333334e-05 7.812500000000002e-05
14 0.0013802083333333333 0.0009531250000000002 0.0007438151041666667 0.0005494791666666668
12 0.0006770833333333334 0.0004947916666666667 3.255208333333333e-05 4.4270833333333337e-05
12 0.0007991536458333334 0.0005130208333333334 3.743489583333333e-05 6.770833333333334e-05
8 0.0015576171875 0.0015416666666666669 0.00017578125000000002 0.0008333333333333334
8 0.0015592447916666667 0.0013958333333333333 0.00017089843750000002 0.0006875000000000001