8 0.0003531901041666667 0.0010286458333333335 0.00031250000000000006 0.0002708333333333334
12 0.0002897135416666667 0.0007473958333333334 2.7669270833333335e-05 6.510416666666668e-05
8 0.0004280598958333333 0.0008802083333333334 9.440104166666668e-05 8.593750000000001e-05
8 0.00041503906250000004 0.0008984374999999999 8.138020833333334e-05 9.895833333333334e-05
8 0.0005452473958333333 0.0009114583333333336 0.0001171875 0.0001432291666666667
8 0.000537109375 0.0008828125000000001 8.951822916666667e-05 0.00010937500000000002
12 0.0005875651041666667 0.0006406250000000001 2.2786458333333334e-05 5.729166666666667e-05
11 0.0006868489583333334 0.0006458333333333334 3.255208333333333e-05 7.552083333333335e-05
11 0.0006868489583333334 0.0006406250000000001 2.9296875e-05 4.687500000000001e-05
11 0.0008365885416666667 0.0007500000000000001 3.743489583333333e-05 7.812500000000002e-05
11 0.0008235677083333334 0.0007473958333333334 2.2786458333333334e-05 5.208333333333334e-05
11 0.0009147135416666668 0.0006953125000000002 3.092447916666667e-05 8.593750000000001e-05
11 0.0009130859375 0.0006953125000000002 2.2786458333333334e-05 4.687500000000001e-05
8 0.0010302734375 0.0008255208333333335 0.00012858072916666668 8.072916666666668e-05
8 0.00103515625 0.0008203125000000001 0.00011881510416666666 6.25e-05
8 0.0010888671875 0.0008098958333333335 5.859375e-05 5.208333333333334e-05
8 0.001090494791666667 0.0008203125000000001 5.859375e-05 6.25e-05
8 0.0011783854166666668 0.0008255208333333334 7.161458333333333e-05 7.291666666666667e-05
8 0.0012174479166666668 0.0008151041666666668 0.00010742187500000001 7.812500000000002e-05
8 0.0012906901041666665 0.0008203125000000001 0.00011881510416666666 8.593750000000001e-05
8 0.0013004557291666668 0.0008151041666666668 0.00012044270833333335 6.770833333333334e-05
8 0.0013590494791666666 0.0008098958333333335 7.486979166666666e-05 7.291666666666667e-05