8 0.000225830078125 0.00131988525390625 0.000225830078125 0.0006866455078125
9 0.00029220581054687503 0.0009086608886718751 3.5095214843750004e-05 0.00011444091796875
9 0.000316619873046875 0.0009086608886718751 2.8991699218750002e-05 0.00011138916015625001
8 0.000543975830078125 0.000897979736328125 9.002685546875e-05 0.00011749267578125
8 0.000576019287109375 0.0008705139160156251 4.4250488281250005e-05 8.087158203125001e-05
8 0.0007232666015625001 0.0008338928222656251 6.40869140625e-05 5.9509277343750005e-05
8 0.0008033752441406251 0.00089569091796875 5.9509277343750005e-05 0.00014648437500000002
8 0.000807952880859375 0.0008911132812500001 5.9509277343750005e-05 0.0001220703125
8 0.000876617431640625 0.00099029541015625 9.002685546875e-05 0.0002838134765625
8 0.0010711669921875 0.0010810852050781251 0.000244140625 0.00041656494140625
8 0.001558685302734375 0.001560211181640625 0.0005935668945312501 0.00091705322265625