8 0.0015594482421875 0.000970458984375 0.0001953125 0.0002349853515625
8 0.00015029907226562502 0.0009063720703125001 8.392333984375e-05 0.00012512207031250002
8 0.00023422241210937502 0.0008880615234375 7.781982421875001e-05 8.850097656250001e-05
8 0.00037994384765625003 0.0008590698242187501 7.9345703125e-05 6.7138671875e-05
8 0.000716400146484375 0.000945281982421875 0.00018768310546875 0.00020294189453125
8 0.00071258544921875 0.000888824462890625 3.96728515625e-05 0.00011749267578125
8 0.000714874267578125 0.0008911132812500001 3.5095214843750004e-05 0.00010986328125
8 0.000868988037109375 0.0009124755859375001 5.340576171875e-05 0.000164794921875
8 0.0009391784667968751 0.000926971435546875 0.00011749267578125 0.00016632080078125
8 0.001019287109375 0.0009613037109375 0.00015563964843750002 0.000164794921875
9 0.0012672424316406252 0.00083160400390625 5.645751953125e-05 0.00010986328125
9 0.001253509521484375 0.00080108642578125 3.204345703125e-05 6.7138671875e-05