8 0.00012288411458333333 0.0009492187500000001 0.0001220703125 0.00023828125
8 0.0015616861979166668 0.0012864583333333335 0.00018636067708333333 0.0006640625000000002
8 0.00034993489583333334 0.0009218750000000002 0.0002099609375 0.0001979166666666667
9 0.0004573567708333334 0.0008750000000000001 4.8828125e-05 0.0001666666666666667
8 0.0005973307291666667 0.0008515625000000001 0.00011067708333333334 0.00011458333333333334
8 0.0007470703125 0.0008203125000000001 5.859375e-05 7.552083333333335e-05
8 0.0007470703125 0.0008229166666666667 4.8828125e-05 8.333333333333334e-05
8 0.0007763671875 0.0008125000000000001 3.906250000000001e-05 8.854166666666667e-05
8 0.0009147135416666668 0.0007968750000000001 4.720052083333334e-05 7.031250000000001e-05
8 0.0009147135416666668 0.0007838541666666667 4.2317708333333335e-05 5.468750000000001e-05
8 0.0013623046875000002 0.0010000000000000002 0.00020507812500000002 0.0002760416666666667