8 0.0015616861979166668 0.0010963541666666667 8.870442708333334e-05 0.0002408854166666667
8 0.00025390625 0.0009322916666666668 0.00011555989583333335 0.0001354166666666667
8 0.00024739583333333335 0.0009296875 0.00010416666666666667 0.0001328125
8 0.0003662109375 0.0009036458333333334 6.184895833333334e-05 8.333333333333334e-05
8 0.0003694661458333334 0.0008906250000000001 6.34765625e-05 7.552083333333335e-05
12 0.0004459635416666668 0.0005572916666666668 2.604166666666667e-05 8.593750000000001e-05
12 0.00045084635416666667 0.0005442708333333333 2.2786458333333334e-05 6.770833333333334e-05
8 0.0006266276041666667 0.0008802083333333334 5.371093750000001e-05 7.031250000000001e-05
11 0.0006070963541666667 0.0005625000000000001 2.9296875e-05 9.375000000000002e-05
11 0.0006054687500000001 0.0005755208333333334 2.604166666666667e-05 5.729166666666667e-05
8 0.0006754557291666667 0.0008671875000000001 4.069010416666667e-05 6.25e-05
11 0.0007421875000000001 0.0006041666666666668 2.9296875e-05 0.00011718750000000002
11 0.0007454427083333334 0.0005833333333333334 2.9296875e-05 6.25e-05
8 0.0007828776041666666 0.0008906250000000001 6.673177083333334e-05 8.854166666666667e-05
8 0.0008902994791666667 0.0009505208333333333 0.00014648437500000002 0.00015885416666666668
8 0.0009749348958333333 0.0008984375000000001 9.27734375e-05 0.00010677083333333335
8 0.0009667968750000001 0.0008932291666666667 7.649739583333334e-05 8.593750000000001e-05
11 0.0010156249999999998 0.0007317708333333334 3.255208333333333e-05 5.468750000000001e-05
8 0.0010188802083333332 0.0007213541666666667 3.255208333333333e-05 7.291666666666667e-05
8 0.00119140625 0.0009453125 0.00016764322916666666 0.00016145833333333336