9 0.0014192708333333334 0.0008919270833333335 6.429036458333334e-05 0.0002604166666666667
8 0.0015616861979166666 0.001350260416666667 0.00025797526041666666 0.0006627604166666667
8 0.00017578125 0.0009921875000000002 0.0001611328125 0.00016927083333333334
8 0.0001676432291666667 0.0009869791666666666 0.0001383463541666667 0.0001432291666666667
8 0.0005094401041666667 0.0008697916666666667 0.0001220703125 7.291666666666667e-05
9 0.00045572916666666673 0.0008984375000000001 2.604166666666667e-05 0.00010677083333333335
9 0.0004524739583333333 0.0008906249999999999 1.9531250000000004e-05 8.593750000000001e-05
9 0.0005436197916666666 0.0008828125000000001 2.7669270833333335e-05 9.114583333333334e-05
9 0.0005826822916666667 0.0008750000000000001 3.255208333333333e-05 9.375000000000002e-05
9 0.0005777994791666667 0.0008645833333333334 2.44140625e-05 8.333333333333334e-05
8 0.000703125 0.0009296875 0.00011067708333333334 0.0001328125