8 0.000179290771484375 0.0009048461914062501 0.00015411376953125002 0.00012512207031250002
8 0.000514984130859375 0.000853729248046875 6.256103515625001e-05 9.613037109375001e-05
8 0.0005119323730468751 0.0008514404296875001 5.340576171875e-05 7.324218750000001e-05
12 0.0005271911621093751 0.00074920654296875 2.8991699218750002e-05 7.019042968750001e-05
10 0.000525665283203125 0.0007446289062500001 2.288818359375e-05 6.7138671875e-05
8 0.0006240844726562501 0.00088043212890625 8.850097656250001e-05 0.00010986328125
8 0.0007781982421875 0.000968170166015625 0.000164794921875 0.00020294189453125
8 0.0007652282714843751 0.00077056884765625 0.00013580322265625 0.0001373291015625
14 0.000760650634765625 0.00081939697265625 0.00012664794921875 0.00019226074218750002
11 0.000731658935546875 0.00059814453125 3.814697265625e-05 7.019042968750001e-05
11 0.000720977783203125 0.0005935668945312501 2.288818359375e-05 6.7138671875e-05
11 0.00087738037109375 0.000732421875 2.44140625e-05 7.324218750000001e-05
9 0.0008949279785156251 0.000861358642578125 4.119873046875e-05 9.307861328125001e-05
11 0.0009750366210937501 0.00062713623046875 3.35693359375e-05 8.850097656250001e-05
11 0.000975799560546875 0.000632476806640625 3.204345703125e-05 7.476806640625e-05
8 0.0011756896972656252 0.00087738037109375 0.00014495849609375 0.00012512207031250002