8 0.000213623046875 0.0012359619140625 0.000213623046875 0.000506591796875
14 0.00023040771484375002 0.0008415222167968751 0.0002197265625 0.00018463134765625002
8 0.0002899169921875 0.0009140014648437501 8.23974609375e-05 0.00010375976562500001
8 0.0007141113281250001 0.0013130187988281252 0.00048828125 0.00061187744140625
12 0.00054473876953125 0.000432586669921875 3.0517578125e-05 0.00010223388671875
12 0.0007408142089843751 0.000476837158203125 2.8991699218750002e-05 9.307861328125001e-05
14 0.000821685791015625 0.000867462158203125 0.00010833740234375001 0.00018463134765625002
9 0.0009086608886718751 0.0008911132812500001 3.814697265625e-05 0.0001434326171875
12 0.00101318359375 0.000661468505859375 2.74658203125e-05 9.918212890625e-05
8 0.0015594482421875 0.0013671875000000001 0.0003753662109375 0.0010314941406250001
7 0.00126953125 0.000843048095703125 4.57763671875e-05 0.00012969970703125