14 0.0002349853515625 0.0009063720703125001 0.0002349853515625 0.00023803710937500002
8 0.00020370483398437502 0.00125732421875 0.00020294189453125 0.0005279541015625
8 0.00029678344726562504 0.000926971435546875 9.613037109375001e-05 0.00010223388671875
8 0.000731658935546875 0.001354217529296875 0.00051727294921875 0.0006607055664062501
10 0.000545501708984375 0.000447845458984375 3.5095214843750004e-05 0.00011444091796875
11 0.000745391845703125 0.000494384765625 3.5095214843750004e-05 0.00010986328125
8 0.0008361816406250001 0.0008880615234375 7.62939453125e-05 0.00010375976562500001
8 0.00083465576171875 0.000890350341796875 7.019042968750001e-05 9.613037109375001e-05
11 0.0010200500488281251 0.0006744384765625 3.5095214843750004e-05 0.00010375976562500001
9 0.001068115234375 0.0008857727050781251 2.74658203125e-05 0.00012969970703125
9 0.0010894775390625 0.00087738037109375 3.35693359375e-05 0.0001373291015625
8 0.001560211181640625 0.001422882080078125 0.00037689208984375004 0.00106048583984375