8 0.000270843505859375 0.00089263916015625 5.645751953125e-05 6.7138671875e-05
8 0.00040664672851562503 0.000867462158203125 5.645751953125e-05 6.256103515625001e-05
12 0.000478363037109375 0.0006744384765625 2.288818359375e-05 6.7138671875e-05
8 0.000577545166015625 0.00087738037109375 5.340576171875e-05 7.019042968750001e-05
11 0.000559234619140625 0.0006851196289062501 2.288818359375e-05 5.7983398437500004e-05
8 0.0006584167480468751 0.000859832763671875 5.645751953125e-05 6.561279296875e-05
11 0.000638580322265625 0.000701141357421875 2.8991699218750002e-05 6.256103515625001e-05
8 0.0007728576660156251 0.000882720947265625 5.340576171875e-05 0.00010223388671875
8 0.00091094970703125 0.0009353637695312501 0.00015563964843750002 0.00016174316406250002
11 0.0007957458496093751 0.00077972412109375 2.288818359375e-05 5.7983398437500004e-05
11 0.000936126708984375 0.000732421875 2.5939941406250003e-05 7.324218750000001e-05
8 0.001062774658203125 0.000899505615234375 0.00012054443359375 0.00012054443359375
8 0.00140228271484375 0.000968170166015625 0.0002685546875 0.00018463134765625002