8 0.00010223388671875 0.0009559631347656251 9.46044921875e-05 0.00013580322265625
8 0.0002197265625 0.000952911376953125 0.0001373291015625 0.00013580322265625
8 0.0003448486328125 0.000946044921875 0.00012512207031250002 0.00010986328125
14 0.00041046142578125003 0.0009063720703125001 0.0001129150390625 0.0001800537109375
10 0.00038375854492187503 0.000439453125 4.730224609375e-05 0.0001220703125
11 0.000382232666015625 0.000439453125 3.814697265625e-05 0.00012512207031250002
8 0.00043411254882812504 0.000909423828125 1.983642578125e-05 7.019042968750001e-05
8 0.0005386352539062501 0.0009445190429687501 0.00010070800781250001 0.00014038085937500002
8 0.0007026672363281251 0.000992584228515625 0.00015411376953125002 0.00020294189453125
10 0.0006011962890625001 0.00045318603515625004 3.96728515625e-05 0.00012512207031250002
11 0.0006050109863281251 0.000443267822265625 4.119873046875e-05 0.00011444091796875
9 0.0007690429687500001 0.000907135009765625 3.96728515625e-05 0.00011749267578125
9 0.0007560729980468751 0.00089569091796875 2.5939941406250003e-05 8.544921875000001e-05
10 0.00093231201171875 0.00069580078125 3.35693359375e-05 0.0001220703125
9 0.001045989990234375 0.000960540771484375 3.5095214843750004e-05 0.00018768310546875
9 0.001090240478515625 0.0009506225585937501 3.814697265625e-05 0.00017700195312500002
9 0.001139068603515625 0.000945281982421875 4.119873046875e-05 0.00018157958984375
7 0.0013175964355468751 0.001003265380859375 9.002685546875e-05 0.00027618408203125
7 0.0012908935546875001 0.000994110107421875 5.1879882812500005e-05 0.00027008056640625
9 0.001296234130859375 0.00096893310546875 4.119873046875e-05 0.000213623046875
9 0.0013816833496093752 0.000960540771484375 4.119873046875e-05 0.00019989013671875002