11 0.001177215576171875 0.00022735595703125 9.613037109375001e-05 0.000225830078125
9 0.001100921630859375 0.00091094970703125 3.814697265625e-05 0.0001739501953125
8 0.00020294189453125 0.0010650634765625 0.00020141601562500002 0.0002685546875
8 0.0003753662109375 0.0009658813476562501 0.00016174316406250002 0.00015869140625
8 0.000417327880859375 0.000914764404296875 5.645751953125e-05 0.00013275146484375002
8 0.000482177734375 0.000909423828125 6.40869140625e-05 0.000128173828125
8 0.0006835937500000001 0.00095367431640625 0.0001220703125 0.00015869140625
8 0.0010391235351562501 0.000994873046875 0.00017089843750000002 0.00025024414062500003
9 0.0012054443359375 0.000820159912109375 2.74658203125e-05 0.00012969970703125
9 0.0012367248535156252 0.000838470458984375 3.5095214843750004e-05 0.00012054443359375
9 0.0013328552246093751 0.000846099853515625 3.5095214843750004e-05 0.00014801025390625002