9 0.0013362630208333334 0.00084765625 3.6621093750000005e-05 0.00017708333333333335
8 0.0001652018229166667 0.0009348958333333335 0.00016438802083333333 0.00014843750000000002
8 0.00019694010416666666 0.0008958333333333334 6.673177083333334e-05 0.00013802083333333334
8 0.00025716145833333336 0.0008723958333333334 7.161458333333333e-05 8.593750000000001e-05
8 0.00025716145833333336 0.0008697916666666667 6.835937499999999e-05 8.593750000000001e-05
8 0.00041503906250000004 0.0008515625000000001 6.673177083333334e-05 9.114583333333334e-05
8 0.0008365885416666667 0.0012708333333333335 0.0004606119791666667 0.0006171875000000001
8 0.0008968098958333334 0.0008697916666666667 0.00013346354166666669 0.0001328125
9 0.001220703125 0.0007604166666666667 3.092447916666667e-05 6.510416666666668e-05
9 0.0012613932291666667 0.0008151041666666668 5.533854166666667e-05 6.25e-05
9 0.0012662760416666669 0.0007812500000000003 3.4179687499999996e-05 5.9895833333333344e-05
9 0.0012874348958333334 0.0008072916666666668 2.7669270833333335e-05 5.729166666666667e-05
9 0.0013118489583333335 0.0008619791666666668 2.9296875e-05 9.375000000000002e-05
8 0.0015608723958333334 0.0009479166666666668 0.00018391927083333335 0.0002291666666666667