8 0.00024495442708333335 0.0009127604166666668 0.00011067708333333334 0.00011588541666666668
7 0.0012679036458333336 0.0008997395833333336 9.033203125e-05 0.0001510416666666667
8 0.0007698567708333333 0.0013385416666666667 0.0005078125 0.0006406250000000001
12 0.00045410156249999997 0.0004765625000000001 3.092447916666667e-05 9.114583333333334e-05
12 0.0006233723958333334 0.0004973958333333334 2.604166666666667e-05 9.895833333333334e-05
9 0.0008251953125 0.0008489583333333335 2.44140625e-05 8.072916666666668e-05
9 0.0008333333333333334 0.0008645833333333334 1.9531250000000004e-05 0.00010156250000000001
9 0.000849609375 0.0008463541666666668 1.9531250000000004e-05 8.072916666666668e-05
12 0.0008935546875 0.0006822916666666668 2.7669270833333335e-05 9.114583333333334e-05
9 0.0009065755208333333 0.0008932291666666667 3.580729166666667e-05 0.00014843750000000002
9 0.0009375 0.0008567708333333335 3.092447916666667e-05 0.00011197916666666668
7 0.0010611979166666667 0.0008958333333333336 5.859375e-05 0.0001432291666666667
8 0.0015592447916666667 0.0008984375000000001 0.00022460937499999998 0.00020833333333333335