8 0.00033416748046875003 0.000853729248046875 0.000152587890625 9.307861328125001e-05
8 0.00033798217773437503 0.0008514404296875001 0.00015411376953125002 8.850097656250001e-05
8 0.000432586669921875 0.0008377075195312501 7.476806640625e-05 6.7138671875e-05
8 0.000493621826171875 0.000888824462890625 9.613037109375001e-05 0.00013580322265625
8 0.000701141357421875 0.0009658813476562501 0.00018463134765625002 0.0002685546875
12 0.00067138671875 0.00067901611328125 1.8310546875000003e-05 4.8828125e-05
12 0.00070343017578125 0.0007110595703125 1.8310546875000003e-05 5.1879882812500005e-05
7 0.000787353515625 0.0008567810058593751 2.74658203125e-05 0.00011138916015625001
12 0.000782012939453125 0.000701141357421875 1.983642578125e-05 4.730224609375e-05
12 0.000904083251953125 0.000640106201171875 2.8991699218750002e-05 8.087158203125001e-05
12 0.000905609130859375 0.00063323974609375 2.5939941406250003e-05 7.324218750000001e-05
8 0.001215362548828125 0.0008148193359375001 0.00012054443359375 7.324218750000001e-05