8 6.998697916666667e-05 0.0008072916666666668 6.917317708333335e-05 0.00012369791666666668
12 9.114583333333334e-05 0.0005885416666666668 3.580729166666667e-05 0.00010156250000000001
7 0.00031575520833333336 0.0007786458333333334 4.2317708333333335e-05 0.00010937500000000002
8 0.0004622395833333334 0.0007994791666666668 0.000126953125 0.00013802083333333334
8 0.0005159505208333333 0.0007760416666666667 5.371093750000001e-05 8.854166666666667e-05
8 0.0006184895833333334 0.0007942708333333335 0.00010904947916666668 0.00011197916666666668
12 0.0006884765625000001 0.00040625000000000004 3.255208333333333e-05 8.593750000000001e-05
12 0.0008251953125000002 0.0004036458333333334 2.2786458333333334e-05 7.552083333333335e-05
12 0.0009684244791666667 0.0004114583333333334 2.604166666666667e-05 5.9895833333333344e-05
8 0.0014208984375 0.0008437500000000001 0.00027343749999999997 0.00015885416666666668
12 0.001240234375 0.0005625000000000001 2.44140625e-05 4.687500000000001e-05
8 0.0015608723958333334 0.0007447916666666668 6.998697916666667e-05 8.593750000000001e-05