8 0.0015594482421875 0.001544189453125 0.00030517578125 0.0008361816406250001
14 0.000405120849609375 0.000846099853515625 8.087158203125001e-05 9.918212890625e-05
11 0.00041503906250000004 0.0008224487304687501 2.1362304687500002e-05 8.850097656250001e-05
8 0.000525665283203125 0.0009162902832031251 0.00011444091796875 0.00012969970703125
8 0.000574493408203125 0.00088043212890625 7.781982421875001e-05 0.0001068115234375
11 0.0005729675292968751 0.0007575988769531251 1.983642578125e-05 5.9509277343750005e-05
8 0.0007080078125000001 0.0008911132812500001 8.23974609375e-05 0.00010986328125
11 0.0007232666015625001 0.00064849853515625 1.52587890625e-05 4.8828125e-05
8 0.0007598876953125001 0.000853729248046875 3.96728515625e-05 8.087158203125001e-05
8 0.000797271728515625 0.0008697509765625 4.4250488281250005e-05 9.1552734375e-05
8 0.0008666992187500001 0.0008934020996093751 7.9345703125e-05 0.00011138916015625001
8 0.00110626220703125 0.00098724365234375 0.0002471923828125 0.0002349853515625
11 0.0009315490722656251 0.00070343017578125 1.983642578125e-05 5.4931640625e-05