8 0.0005195617675781251 0.0008026123046875 4.4250488281250005e-05 5.7983398437500004e-05
8 0.000525665283203125 0.0008018493652343751 4.4250488281250005e-05 5.9509277343750005e-05
8 0.0005462646484375001 0.0007965087890625 3.0517578125e-05 5.4931640625e-05
8 0.0007110595703125 0.0007942199707031251 4.8828125e-05 5.9509277343750005e-05
8 0.00078125 0.000800323486328125 4.2724609375000004e-05 6.561279296875e-05
9 0.001113128662109375 0.0008644104003906251 5.0354003906250004e-05 0.00015106201171875
8 0.0011199951171875 0.0008834838867187501 5.1879882812500005e-05 0.00017700195312500002
8 0.0013397216796875002 0.000797271728515625 0.0001129150390625 7.781982421875001e-05
8 0.001390838623046875 0.0007965087890625 5.340576171875e-05 7.324218750000001e-05
8 0.0015106201171875 0.0008071899414062501 0.00015563964843750002 0.00010375976562500001
8 0.0015113830566406252 0.0007942199707031251 0.00014801025390625002 8.087158203125001e-05