14 0.00042968750000000006 0.0010286458333333335 0.00042968750000000006 0.0005963541666666668
14 0.00043294270833333336 0.0010026041666666668 0.00043294270833333336 0.0005598958333333334
8 0.0005078124999999999 0.0008749999999999999 8.626302083333333e-05 9.895833333333334e-05
8 0.0005338541666666666 0.0008619791666666667 4.720052083333334e-05 8.593750000000001e-05
8 0.0005794270833333333 0.0008411458333333335 4.069010416666667e-05 5.208333333333334e-05
8 0.0007942708333333334 0.0008750000000000001 3.092447916666667e-05 8.593750000000001e-05
8 0.0008300781250000001 0.0008802083333333334 4.3945312500000005e-05 9.375000000000002e-05
8 0.0009212239583333332 0.0009088541666666669 0.00011230468749999999 0.00017187500000000002
8 0.0010237630208333336 0.0009427083333333335 0.00016276041666666668 0.00018750000000000003
8 0.0010188802083333334 0.0009427083333333335 0.00014973958333333332 0.00017708333333333335
8 0.0015478515625 0.0011744791666666668 0.0004736328125 0.0004348958333333334