8 0.0003385416666666667 0.0010677083333333335 0.0003369140625 0.0003463541666666667
14 0.0002685546875 0.0007421875000000001 0.00022786458333333336 9.635416666666668e-05
14 0.00025553385416666666 0.0007447916666666667 0.00020182291666666667 9.635416666666668e-05
8 0.0007096354166666667 0.0010911458333333335 0.00030598958333333335 0.0003854166666666667
12 0.0005598958333333334 0.0004427083333333334 2.9296875e-05 9.375000000000002e-05
14 0.0008528645833333333 0.0008489583333333334 0.00014322916666666667 0.00019270833333333336
12 0.0007405598958333334 0.0004921875000000001 2.9296875e-05 9.375000000000002e-05
12 0.0007421875000000001 0.0004921875 2.9296875e-05 9.635416666666668e-05
12 0.0009847005208333335 0.0006484375000000001 2.44140625e-05 8.593750000000001e-05
12 0.0009847005208333335 0.0006510416666666667 2.44140625e-05 8.854166666666667e-05
8 0.0015592447916666667 0.0012838541666666669 0.0005777994791666667 0.0007890625
8 0.0015592447916666667 0.0012760416666666669 0.0005647786458333334 0.0007682291666666667