8 0.000133514404296875 0.000868988037109375 9.918212890625e-05 7.781982421875001e-05
8 0.000217437744140625 0.000850677490234375 9.918212890625e-05 7.781982421875001e-05
8 0.00022048950195312502 0.0008415222167968751 9.613037109375001e-05 6.256103515625001e-05
8 0.000298309326171875 0.000848388671875 8.087158203125001e-05 8.544921875000001e-05
8 0.000298309326171875 0.0008514404296875001 7.781982421875001e-05 8.850097656250001e-05
8 0.00041809082031250003 0.000897979736328125 9.46044921875e-05 0.00013275146484375002
8 0.00042266845703125004 0.00089569091796875 9.765625e-05 0.0001220703125
8 0.00046234130859375 0.0008666992187500001 4.57763671875e-05 8.850097656250001e-05
8 0.000689697265625 0.00101776123046875 0.0001953125 0.00025024414062500003
12 0.000556182861328125 0.00059814453125 2.5939941406250003e-05 6.7138671875e-05
10 0.0005538940429687501 0.00059051513671875 1.8310546875000003e-05 5.4931640625e-05
11 0.0006507873535156251 0.000601959228515625 2.5939941406250003e-05 6.256103515625001e-05
11 0.0006454467773437501 0.000598907470703125 1.8310546875000003e-05 5.9509277343750005e-05
8 0.0007293701171875001 0.000926971435546875 6.40869140625e-05 0.00020294189453125
8 0.0007499694824218751 0.0008491516113281251 3.814697265625e-05 7.781982421875001e-05
8 0.0008018493652343751 0.00084075927734375 5.0354003906250004e-05 7.324218750000001e-05
11 0.000785064697265625 0.0006950378417968751 1.678466796875e-05 4.4250488281250005e-05
11 0.0008094787597656251 0.0006774902343750001 1.983642578125e-05 6.7138671875e-05
8 0.001532745361328125 0.000852203369140625 9.002685546875e-05 9.613037109375001e-05