8 0.000270843505859375 0.00089569091796875 0.00012969970703125 0.00010375976562500001
8 0.00026702880859375 0.0008857727050781251 0.00011901855468750001 9.307861328125001e-05
8 0.000514984130859375 0.000848388671875 0.00010528564453125 7.019042968750001e-05
12 0.0005195617675781251 0.00064239501953125 1.983642578125e-05 4.8828125e-05
8 0.0006164550781250001 0.0008720397949218751 7.019042968750001e-05 9.918212890625e-05
12 0.000614166259765625 0.0006507873535156251 2.288818359375e-05 5.9509277343750005e-05
8 0.0007217407226562501 0.0008415222167968751 7.324218750000001e-05 9.307861328125001e-05
12 0.0006927490234375001 0.000669097900390625 2.1362304687500002e-05 4.730224609375e-05
8 0.0007980346679687501 0.000885009765625 9.46044921875e-05 0.0001220703125
8 0.0008628845214843751 0.0008644104003906251 9.002685546875e-05 0.00015106201171875
10 0.0007965087890625 0.0007369995117187501 2.1362304687500002e-05 5.4931640625e-05
8 0.00086517333984375 0.0008697509765625 8.23974609375e-05 0.00014038085937500002
8 0.00115203857421875 0.0009162902832031251 0.000189208984375 0.00016632080078125
12 0.0010101318359375 0.0007026672363281251 3.0517578125e-05 7.781982421875001e-05
12 0.001013946533203125 0.000708770751953125 3.204345703125e-05 8.087158203125001e-05