8 0.0015616861979166666 0.0014244791666666668 0.00011881510416666666 0.0005598958333333334
9 0.0014469401041666667 0.0008085937500000002 2.5227864583333333e-05 0.00012369791666666668
8 0.0004231770833333334 0.0008880208333333334 0.00021484375000000003 0.00021875000000000003
12 0.0003304036458333334 0.0006041666666666667 8.138020833333334e-05 0.00021614583333333335
8 0.000703125 0.0008463541666666668 0.00012044270833333335 0.000125
8 0.0009065755208333333 0.0008098958333333334 0.0001171875 0.00010156250000000001
12 0.0009098307291666666 0.00015364583333333333 3.580729166666667e-05 8.593750000000001e-05
12 0.0009130859375 0.0006015625000000001 2.44140625e-05 7.291666666666667e-05
12 0.0010384114583333332 0.0005859375000000001 2.44140625e-05 6.25e-05
12 0.001142578125 0.0006510416666666667 2.1158854166666667e-05 4.166666666666667e-05
12 0.0011995442708333335 0.00025260416666666666 3.4179687499999996e-05 9.635416666666668e-05