8 0.00024337768554687502 0.000907135009765625 0.00010833740234375001 0.00011749267578125
8 0.00031509399414062503 0.0008880615234375 7.781982421875001e-05 9.1552734375e-05
8 0.000762176513671875 0.001346588134765625 0.00050506591796875 0.00064849853515625
12 0.000455474853515625 0.00048980712890625 3.814697265625e-05 0.00010375976562500001
12 0.0006278991699218751 0.000505828857421875 3.814697265625e-05 0.00011749267578125
9 0.0007942199707031251 0.00087738037109375 3.814697265625e-05 0.00010986328125
9 0.000861358642578125 0.0008705139160156251 3.204345703125e-05 0.00011749267578125
12 0.00090179443359375 0.0007026672363281251 4.2724609375000004e-05 0.00011444091796875
9 0.000937652587890625 0.000868988037109375 4.119873046875e-05 0.00012969970703125
7 0.0010086059570312501 0.00089569091796875 5.1879882812500005e-05 0.0001434326171875
7 0.001049041748046875 0.0008895874023437501 5.0354003906250004e-05 0.0001373291015625
9 0.0010894775390625 0.0008880615234375 3.35693359375e-05 0.00012512207031250002
9 0.0011138916015625 0.000888824462890625 3.35693359375e-05 0.00013580322265625
9 0.0011474609375 0.000882720947265625 3.0517578125e-05 0.00013580322265625
9 0.0013885498046875 0.000867462158203125 2.74658203125e-05 0.00012054443359375
9 0.001392364501953125 0.00088043212890625 3.204345703125e-05 0.000128173828125
9 0.001438140869140625 0.000934600830078125 5.645751953125e-05 0.00023651123046875
8 0.0015579223632812501 0.0008857727050781251 0.0001068115234375 0.00013275146484375002