8 0.0001652018229166667 0.0008958333333333334 0.00012288411458333333 9.895833333333334e-05
8 0.00048014322916666664 0.0010416666666666669 0.0002408854166666667 0.00030468750000000005
11 0.0005517578125000001 0.0005755208333333334 2.604166666666667e-05 6.770833333333334e-05
8 0.0006070963541666667 0.0008776041666666667 9.440104166666668e-05 8.854166666666667e-05
11 0.0006559244791666667 0.0006718750000000002 4.2317708333333335e-05 0.00012239583333333335
11 0.0006477864583333333 0.0006406250000000001 2.44140625e-05 7.031250000000001e-05
8 0.0007031250000000001 0.0008567708333333334 2.44140625e-05 8.854166666666667e-05
8 0.0007259114583333333 0.0008671875000000001 3.092447916666667e-05 8.593750000000001e-05
8 0.0007438151041666667 0.0008932291666666667 3.255208333333333e-05 0.00011718750000000002
8 0.0008561197916666668 0.0009348958333333335 0.0001318359375 0.0002057291666666667
8 0.0008854166666666667 0.0008828125000000001 4.3945312500000005e-05 0.00011197916666666668
11 0.0008821614583333333 0.0005390625 2.604166666666667e-05 7.812500000000002e-05
8 0.0010742187499999999 0.0009505208333333335 0.00016764322916666666 0.0001979166666666667
8 0.00150390625 0.0012239583333333336 0.0005582682291666667 0.0005338541666666667
11 0.0012190755208333335 0.0007447916666666667 3.4179687499999996e-05 0.00010677083333333335
11 0.0012125651041666667 0.0007317708333333334 1.7903645833333333e-05 5.729166666666667e-05
8 0.0015413411458333334 0.0009270833333333335 0.00012858072916666668 0.0001744791666666667