8 0.0015617370605468751 0.0008796691894531251 0.00025787353515625003 0.00017852783203125002
14 0.000154876708984375 0.0008666992187500001 0.00015411376953125002 0.0001800537109375
14 0.00016708374023437502 0.000882720947265625 0.00016632080078125 0.00017242431640625
8 0.000344085693359375 0.0008544921875 6.256103515625001e-05 9.1552734375e-05
12 0.00037231445312500003 0.0007179260253906251 3.35693359375e-05 7.476806640625e-05
8 0.000420379638671875 0.0008590698242187501 5.645751953125e-05 7.324218750000001e-05
8 0.000559234619140625 0.000859832763671875 6.561279296875e-05 8.087158203125001e-05
8 0.000787353515625 0.000850677490234375 7.324218750000001e-05 7.781982421875001e-05
8 0.0007881164550781251 0.0008491516113281251 7.171630859375e-05 6.256103515625001e-05
10 0.0008377075195312501 0.00068817138671875 2.74658203125e-05 7.324218750000001e-05
8 0.00130462646484375 0.000843048095703125 0.00010070800781250001 9.613037109375001e-05