8 0.001023101806640625 0.00079345703125 8.697509765625e-05 7.019042968750001e-05
8 0.00021667480468750002 0.00093231201171875 0.00021667480468750002 0.000244140625
8 0.00025177001953125 0.0008224487304687501 7.019042968750001e-05 6.7138671875e-05
8 0.000360107421875 0.00083160400390625 6.40869140625e-05 9.1552734375e-05
8 0.000415802001953125 0.0008148193359375001 5.340576171875e-05 6.7138671875e-05
8 0.0004241943359375 0.000812530517578125 5.7983398437500004e-05 5.9509277343750005e-05
8 0.0005081176757812501 0.00081024169921875 7.9345703125e-05 8.544921875000001e-05
8 0.0005004882812500001 0.00081024169921875 7.019042968750001e-05 6.7138671875e-05
10 0.0004974365234375 0.000521087646484375 2.44140625e-05 6.561279296875e-05
8 0.0005645751953125 0.000797271728515625 5.1879882812500005e-05 5.9509277343750005e-05
8 0.0005729675292968751 0.00079498291015625 5.645751953125e-05 5.4931640625e-05
11 0.000621795654296875 0.000537109375 2.8991699218750002e-05 7.324218750000001e-05
11 0.0006278991699218751 0.000531768798828125 2.8991699218750002e-05 4.119873046875e-05
11 0.000716400146484375 0.000528717041015625 2.288818359375e-05 6.561279296875e-05
11 0.000722503662109375 0.0005729675292968751 2.8991699218750002e-05 5.9509277343750005e-05
11 0.0009239196777343751 0.0006797790527343751 2.288818359375e-05 4.730224609375e-05
11 0.000936126708984375 0.00066375732421875 2.8991699218750002e-05 7.019042968750001e-05