8 0.000237274169921875 0.0008590698242187501 0.00019073486328125 0.0001068115234375
8 0.0007194519042968751 0.0008392333984375 3.204345703125e-05 7.324218750000001e-05
8 0.000760650634765625 0.000836944580078125 4.730224609375e-05 6.561279296875e-05
8 0.0008415222167968751 0.00081787109375 4.4250488281250005e-05 5.7983398437500004e-05
12 0.0008941650390625 0.0006278991699218751 2.44140625e-05 8.087158203125001e-05
11 0.0009124755859375001 7.5531005859375e-05 3.96728515625e-05 7.476806640625e-05
12 0.001029205322265625 0.000617218017578125 2.5939941406250003e-05 6.561279296875e-05
12 0.0011535644531250001 0.00071868896484375 3.0517578125e-05 8.544921875000001e-05
11 0.0012794494628906251 0.00020141601562500002 4.4250488281250005e-05 0.00014648437500000002
10 0.001296234130859375 0.00021286010742187502 5.645751953125e-05 0.00018463134765625002
8 0.001322174072265625 0.00083160400390625 7.171630859375e-05 7.324218750000001e-05
8 0.0013862609863281251 0.0008262634277343751 9.918212890625e-05 8.087158203125001e-05
8 0.001505279541015625 0.0008262634277343751 0.00013275146484375002 8.087158203125001e-05
8 0.0015609741210937502 0.0008132934570312501 7.019042968750001e-05 5.7983398437500004e-05
8 0.001556396484375 0.0008247375488281251 5.7983398437500004e-05 7.476806640625e-05