8 0.00021647135416666668 0.0008463541666666668 3.743489583333333e-05 8.072916666666668e-05
8 0.0002978515625 0.0008307291666666667 0.00010253906250000001 8.333333333333334e-05
8 0.00031250000000000006 0.0008463541666666668 0.00011067708333333334 0.00011197916666666668
8 0.00040690104166666663 0.0008385416666666668 7.324218750000001e-05 9.375000000000002e-05
8 0.0004117838541666667 0.0008255208333333335 7.161458333333333e-05 7.812500000000002e-05
8 0.00044921874999999997 0.0008125000000000001 4.557291666666667e-05 4.947916666666667e-05
8 0.0005696614583333334 0.0008229166666666668 5.696614583333334e-05 8.854166666666667e-05
12 0.000546875 0.0007500000000000001 2.604166666666667e-05 3.906250000000001e-05
12 0.0006542968749999999 0.0007239583333333334 2.2786458333333334e-05 4.947916666666667e-05
11 0.000732421875 0.0006536458333333333 2.44140625e-05 5.208333333333334e-05
8 0.0008512369791666667 0.0008125000000000001 5.533854166666667e-05 6.770833333333334e-05
8 0.0008512369791666667 0.0008229166666666667 5.0455729166666666e-05 6.770833333333334e-05
11 0.0008707682291666668 0.0007317708333333334 1.6276041666666666e-05 5.729166666666667e-05
11 0.0008821614583333333 0.0007265625000000001 1.6276041666666666e-05 4.4270833333333337e-05
8 0.0010042317708333333 0.0008802083333333335 0.00010579427083333334 0.0001432291666666667
14 0.0010302734375 0.00078125 8.626302083333333e-05 9.635416666666668e-05