8 0.0004443359375 0.0009921875 0.00030110677083333335 0.0002838541666666667
12 0.0003125 0.0007109375000000001 2.604166666666667e-05 3.906250000000001e-05
8 0.0005387369791666666 0.0007656250000000001 4.557291666666667e-05 4.687500000000001e-05
12 0.0005696614583333334 0.0006822916666666667 2.2786458333333334e-05 4.947916666666667e-05
11 0.0006949869791666667 0.0005651041666666668 2.44140625e-05 5.9895833333333344e-05
11 0.0006966145833333334 0.0005755208333333334 2.2786458333333334e-05 7.552083333333335e-05
11 0.0009244791666666668 0.0006822916666666668 2.44140625e-05 5.468750000000001e-05
11 0.0009651692708333333 0.0006666666666666668 2.604166666666667e-05 8.333333333333334e-05
11 0.0009586588541666667 0.0006796875000000002 1.9531250000000004e-05 5.468750000000001e-05
14 0.0011311848958333332 0.0007864583333333335 0.00017252604166666667 0.00014843750000000002
8 0.00119140625 0.0007994791666666668 0.00020182291666666667 0.00016406250000000004
8 0.0012174479166666668 0.0008307291666666668 0.00012858072916666668 0.00011718750000000002
8 0.0012190755208333333 0.0008072916666666668 0.00012858072916666668 8.333333333333334e-05
8 0.00142578125 0.0007890625 0.00017578125000000002 0.00010937500000000002
8 0.0014029947916666668 0.0007786458333333334 0.00014485677083333334 6.25e-05
8 0.0014111328125 0.0007447916666666667 0.00013020833333333333 8.333333333333334e-05
8 0.0014990234375000001 0.0007682291666666667 0.00012532552083333333 8.593750000000001e-05
8 0.001505533854166667 0.0007630208333333334 8.951822916666667e-05 8.854166666666667e-05