8 0.000262451171875 0.0009239196777343751 0.00014648437500000002 0.00012969970703125
8 0.00025482177734375 0.0009033203125 0.0001312255859375 0.00010986328125
8 0.000257110595703125 0.000852203369140625 3.814697265625e-05 6.256103515625001e-05
8 0.00044174194335937504 0.000846099853515625 4.730224609375e-05 7.781982421875001e-05
8 0.00044097900390625003 0.000848388671875 4.2724609375000004e-05 7.019042968750001e-05
12 0.0005233764648437501 0.0006088256835937501 2.74658203125e-05 5.4931640625e-05
12 0.000525665283203125 0.0006278991699218751 2.5939941406250003e-05 6.561279296875e-05
8 0.0005500793457031251 0.0008666992187500001 5.0354003906250004e-05 8.850097656250001e-05
8 0.000629425048828125 0.0008857727050781251 9.307861328125001e-05 0.00011138916015625001
8 0.0006263732910156251 0.0009010314941406251 9.002685546875e-05 0.00011749267578125
12 0.0006355285644531251 0.000624847412109375 2.288818359375e-05 5.9509277343750005e-05
12 0.000638580322265625 0.0006278991699218751 2.5939941406250003e-05 5.9509277343750005e-05
8 0.0007575988769531251 0.0008872985839843751 6.866455078125e-05 0.00013275146484375002
12 0.000728607177734375 0.0006530761718750001 1.983642578125e-05 5.4931640625e-05
12 0.0007347106933593751 0.000655364990234375 2.288818359375e-05 5.9509277343750005e-05
8 0.000859832763671875 0.0009216308593750001 0.00012969970703125 0.00016174316406250002
10 0.0008453369140625001 0.00072479248046875 2.1362304687500002e-05 5.4931640625e-05
8 0.0009857177734375001 0.00087738037109375 0.00014648437500000002 0.000164794921875
8 0.000972747802734375 0.0008949279785156251 0.00012359619140625 0.00016632080078125
8 0.0012260437011718751 0.000960540771484375 0.00021514892578125002 0.00020599365234375
12 0.0011611938476562501 0.00069580078125 3.96728515625e-05 0.00012512207031250002
12 0.001160430908203125 0.0006797790527343751 3.204345703125e-05 8.087158203125001e-05