12 8.138020833333334e-05 0.0006276041666666667 4.2317708333333335e-05 0.00012760416666666668
9 0.00026529947916666667 0.0009375000000000002 9.602864583333333e-05 0.00018229166666666667
9 0.00026367187499999996 0.0009296875 2.9296875e-05 0.00019270833333333336
9 0.00034505208333333333 0.0012187500000000002 6.0221354166666675e-05 0.0006432291666666667
8 0.00036132812500000005 0.0008541666666666668 2.2786458333333334e-05 7.812500000000002e-05
9 0.0004606119791666667 0.0011666666666666668 0.00010904947916666668 0.0005286458333333334
9 0.0004443359375 0.0011223958333333335 8.951822916666667e-05 0.00047916666666666675
9 0.0004606119791666666 0.0012630208333333334 9.602864583333333e-05 0.0006718750000000002
8 0.0005159505208333333 0.0008307291666666668 6.184895833333334e-05 9.114583333333334e-05
9 0.0006673177083333335 0.0012291666666666668 0.00017578125000000002 0.0006666666666666668
9 0.0006298828125 0.0012161458333333336 0.00011067708333333334 0.0006380208333333334
8 0.0010888671875 0.0009166666666666669 0.000361328125 0.00021614583333333335
9 0.0008935546875 0.0012213541666666668 0.00010416666666666667 0.0006302083333333334
12 0.0008837890624999999 0.0006067708333333334 4.3945312500000005e-05 0.00012760416666666668
9 0.0010595703125 0.0012291666666666666 0.00010904947916666668 0.0006875000000000001