8 0.00032806396484375 0.00096893310546875 0.000274658203125 0.0002349853515625
8 0.00047225952148437504 0.0008148193359375001 9.918212890625e-05 7.324218750000001e-05
8 0.000547027587890625 0.00082550048828125 7.476806640625e-05 0.00010375976562500001
11 0.0006111145019531251 0.00071868896484375 1.983642578125e-05 4.8828125e-05
11 0.000617218017578125 0.0007156372070312501 2.288818359375e-05 5.1879882812500005e-05
8 0.0007080078125000001 0.000789642333984375 5.4931640625e-05 8.392333984375e-05
8 0.000909423828125 0.0009140014648437501 0.0001983642578125 0.000262451171875
11 0.000804901123046875 0.000634765625 2.8991699218750002e-05 4.8828125e-05
11 0.0008018493652343751 0.0006301879882812501 1.983642578125e-05 4.8828125e-05
11 0.0008934020996093751 0.000705718994140625 2.5939941406250003e-05 4.119873046875e-05
11 0.0008895874023437501 0.000713348388671875 1.8310546875000003e-05 4.730224609375e-05
8 0.000945281982421875 0.00083160400390625 7.476806640625e-05 0.00010986328125
11 0.00091094970703125 0.000690460205078125 2.74658203125e-05 5.9509277343750005e-05
11 0.000911712646484375 0.0006927490234375001 1.983642578125e-05 3.35693359375e-05
8 0.00124664306640625 0.0009796142578125 0.0002777099609375 0.00030517578125