8 8.23974609375e-05 0.0009063720703125001 8.23974609375e-05 0.00014038085937500002
8 0.000463104248046875 0.001074981689453125 0.00041656494140625 0.00037994384765625003
8 0.000543212890625 0.000823211669921875 4.8828125e-05 6.256103515625001e-05
8 0.00061798095703125 0.000807952880859375 4.8828125e-05 6.256103515625001e-05
11 0.000684356689453125 0.0006561279296875 2.8991699218750002e-05 5.1879882812500005e-05
8 0.0007652282714843751 0.0008094787597656251 4.730224609375e-05 6.256103515625001e-05
11 0.000745391845703125 0.000646209716796875 2.288818359375e-05 4.730224609375e-05
8 0.0008720397949218751 0.000875091552734375 0.00012054443359375 0.00015411376953125002
8 0.00095367431640625 0.0008262634277343751 9.46044921875e-05 8.392333984375e-05
8 0.0009483337402343751 0.0008224487304687501 6.866455078125e-05 8.850097656250001e-05
11 0.000920867919921875 0.000705718994140625 2.288818359375e-05 4.730224609375e-05
8 0.00102996826171875 0.0008224487304687501 7.324218750000001e-05 8.850097656250001e-05
8 0.001453399658203125 0.000882720947265625 0.00032501220703125 0.00020599365234375