8 0.00040771484375 0.0008515625000000001 3.4993489583333335e-05 5.3385416666666676e-05
8 0.0003564453125 0.00085546875 2.848307291666667e-05 4.166666666666667e-05
8 0.00010498046875 0.0008906250000000001 0.00010416666666666667 7.291666666666667e-05
8 0.0003092447916666667 0.0008645833333333334 6.673177083333334e-05 5.468750000000001e-05
12 0.00044108072916666666 0.0006927083333333334 1.7903645833333333e-05 3.385416666666667e-05
12 0.00044270833333333337 0.0007031250000000001 1.7903645833333333e-05 4.947916666666667e-05
8 0.0004817708333333334 0.0008619791666666667 5.0455729166666666e-05 7.291666666666667e-05
12 0.00048665364583333335 0.0007057291666666668 1.7903645833333333e-05 3.906250000000001e-05
12 0.0004850260416666667 0.0007135416666666667 1.3020833333333334e-05 4.947916666666667e-05
12 0.0005631510416666667 0.0007604166666666667 1.9531250000000004e-05 4.687500000000001e-05
8 0.0006510416666666666 0.0008776041666666668 8.951822916666667e-05 0.00010937500000000002
12 0.0006380208333333333 0.0007473958333333334 1.9531250000000004e-05 4.687500000000001e-05