8 0.0003580729166666667 0.0008671875000000001 6.184895833333334e-05 0.0001328125
8 0.00040527343750000003 0.0008541666666666668 6.184895833333334e-05 0.00011979166666666669
8 0.0004443359375 0.0008203125000000001 3.743489583333333e-05 8.854166666666667e-05
8 0.0004850260416666667 0.0008177083333333334 3.255208333333333e-05 8.593750000000001e-05
9 0.0007486979166666666 0.0008151041666666668 1.6276041666666666e-05 8.854166666666667e-05
8 0.0007731119791666666 0.0008281250000000001 2.2786458333333334e-05 8.854166666666667e-05
8 0.0008300781250000001 0.0008437500000000001 5.696614583333334e-05 0.0001328125
8 0.0008610026041666667 0.0008411458333333334 6.184895833333334e-05 0.00011458333333333334
8 0.0003304036458333333 0.0009166666666666669 0.0002620442708333333 0.00015364583333333335
8 0.0005517578125 0.0008541666666666667 8.626302083333333e-05 0.00011718750000000002
8 0.0006966145833333334 0.0008723958333333334 0.00011393229166666668 0.00015885416666666668
9 0.0011181640625 0.0008359375000000001 3.906250000000001e-05 0.00011197916666666668
9 0.0011735026041666669 0.0008958333333333334 4.720052083333334e-05 0.00023437500000000005
9 0.0012158203125 0.0008802083333333334 3.255208333333333e-05 0.00021875000000000003
9 0.0013069661458333334 0.0008046875000000001 4.8828125e-05 0.00013802083333333334
9 0.0013525390625 0.0007916666666666668 4.557291666666667e-05 0.00011458333333333334
9 0.0014095052083333334 0.0007708333333333334 3.743489583333333e-05 0.00012239583333333335
9 0.0014664713541666667 0.0008984375000000001 4.3945312500000005e-05 0.00018750000000000003
9 0.0015494791666666667 0.0009062500000000002 6.184895833333334e-05 0.0002421875