8 0.000417327880859375 0.001116943359375 0.00041656494140625 0.00042724609375
8 0.00050506591796875 0.000830841064453125 0.000189208984375 0.00011138916015625001
8 0.00048828125 0.00082550048828125 0.00015563964843750002 8.850097656250001e-05
8 0.00081787109375 0.0008552551269531251 8.850097656250001e-05 0.00012054443359375
8 0.0008491516113281251 0.0008415222167968751 4.4250488281250005e-05 9.918212890625e-05
8 0.000913238525390625 0.0008247375488281251 6.866455078125e-05 7.781982421875001e-05
8 0.00093994140625 0.00081787109375 3.96728515625e-05 6.7138671875e-05
8 0.0010086059570312501 0.0008338928222656251 7.9345703125e-05 9.918212890625e-05
8 0.0010009765625000001 0.000807952880859375 5.7983398437500004e-05 6.561279296875e-05
8 0.001194000244140625 0.0008491516113281251 4.730224609375e-05 0.00010223388671875
8 0.00129241943359375 0.000872802734375 0.00010375976562500001 0.00012512207031250002
8 0.001308441162109375 0.0008720397949218751 0.00012054443359375 0.00011444091796875
8 0.0014984130859375 0.000959014892578125 0.0002288818359375 0.00022125244140625
8 0.00153350830078125 0.00097198486328125 0.00025024414062500003 0.0002532958984375