8 7.324218750000001e-05 0.0010546875 7.242838541666667e-05 0.0002747395833333334
8 0.0015616861979166668 0.001186197916666667 0.00018147786458333335 0.00053125
8 0.0002115885416666667 0.0009296875000000002 0.00015787760416666668 0.00020052083333333337
8 0.00033203125 0.0009348958333333335 0.00017903645833333335 0.00019270833333333336
8 0.00032877604166666667 0.0008385416666666667 0.00014973958333333332 0.00012760416666666668
8 0.0003857421875 0.0008932291666666668 5.208333333333334e-05 0.000125
8 0.0010872395833333333 0.0009140625000000002 0.00014485677083333334 0.00016406250000000004
8 0.0010758463541666668 0.0009427083333333335 7.649739583333334e-05 0.00016145833333333336
8 0.0011523437500000002 0.0010052083333333334 0.00010904947916666668 0.00031250000000000006
8 0.0013753255208333332 0.0010234375000000003 0.000283203125 0.0003229166666666667
8 0.0014583333333333332 0.001072916666666667 0.00025227864583333336 0.0003463541666666667