8 0.0003499348958333334 0.0011458333333333336 0.0003499348958333334 0.0004921875
10 0.00030110677083333335 0.0003619791666666667 5.208333333333334e-05 0.00015625000000000003
8 0.0005094401041666667 0.0008880208333333334 7.649739583333334e-05 9.375000000000002e-05
10 0.0005875651041666667 0.00035937500000000005 5.533854166666667e-05 0.00016145833333333336
8 0.0006526692708333333 0.0008984375000000001 6.184895833333334e-05 0.00011979166666666669
8 0.00064453125 0.0008906249999999999 5.208333333333334e-05 9.895833333333334e-05
8 0.0007552083333333334 0.0009270833333333335 0.00012858072916666668 0.00016406250000000004
10 0.0008105468750000001 0.00035937500000000005 5.208333333333334e-05 0.00015885416666666668
8 0.0008382161458333334 0.0008776041666666668 7.812500000000002e-05 0.000125
8 0.0008284505208333335 0.0008515625000000001 5.859375e-05 8.593750000000001e-05
8 0.0010498046875 0.0009505208333333335 0.00013671874999999999 0.00016145833333333336
8 0.0014680989583333334 0.0011848958333333334 0.0004801432291666667 0.0004583333333333334
11 0.0013492838541666668 0.0006276041666666667 5.371093750000001e-05 0.0001510416666666667
10 0.0013460286458333334 0.0006145833333333333 3.906250000000001e-05 0.000125