8 0.00046844482421875004 0.0010101318359375 0.0003326416015625 0.00046081542968750004
8 0.000455474853515625 0.0009895324707031251 0.00030059814453125004 0.00040130615234375
8 0.0005386352539062501 0.00091705322265625 0.00012512207031250002 0.00025024414062500003
8 0.0005386352539062501 0.0009033203125 0.00010375976562500001 0.00025024414062500003
8 0.000659942626953125 0.0008300781250000001 0.00015716552734375 0.00015869140625
12 0.000640106201171875 0.000533294677734375 2.5939941406250003e-05 7.781982421875001e-05
12 0.0006469726562500001 0.000514984130859375 3.35693359375e-05 5.9509277343750005e-05
12 0.000762939453125 0.000516510009765625 3.35693359375e-05 4.730224609375e-05
12 0.00075531005859375 0.000539398193359375 2.1362304687500002e-05 5.9509277343750005e-05
12 0.000937652587890625 0.0006225585937500001 2.5939941406250003e-05 5.4931640625e-05
12 0.0009429931640625001 0.0006378173828125001 2.44140625e-05 7.019042968750001e-05
8 0.0015380859375000002 0.00102081298828125 0.0004119873046875 0.000439453125
8 0.00153961181640625 0.0009979248046875 0.000396728515625 0.00037231445312500003
12 0.00133056640625 0.00045013427734375 5.4931640625e-05 0.0001373291015625
10 0.0013366699218750001 0.00048370361328125004 4.8828125e-05 0.00014038085937500002