7 0.00020507812500000002 0.0008046875000000001 3.4179687499999996e-05 0.000125
8 0.00038736979166666667 0.0008203125000000001 0.000126953125 0.0001432291666666667
8 0.00046712239583333333 0.0007968750000000001 9.27734375e-05 0.00010156250000000001
8 0.0006819661458333334 0.0008697916666666668 0.00029622395833333334 0.00015364583333333335
8 0.0005810546875000001 0.0008411458333333334 0.000126953125 0.00014583333333333335
12 0.0006331380208333334 0.0003854166666666667 2.9296875e-05 0.00010677083333333335
12 0.0008024088541666668 0.00039843750000000003 3.580729166666667e-05 0.00010937500000000002
12 0.0007958984375000001 0.00036718750000000006 2.2786458333333334e-05 7.552083333333335e-05
12 0.0009700520833333334 0.00041927083333333334 2.7669270833333335e-05 0.00010937500000000002
12 0.0012679036458333336 0.0005833333333333334 2.2786458333333334e-05 8.333333333333334e-05
12 0.0012760416666666666 0.0005729166666666668 2.7669270833333335e-05 8.072916666666668e-05