8 0.000278472900390625 0.001003265380859375 0.00015716552734375 0.00015411376953125002
8 0.00039215087890625004 0.00098419189453125 0.0001129150390625 0.00016174316406250002
8 0.00038757324218750003 0.000975799560546875 0.0001068115234375 0.00012969970703125
8 0.00041656494140625 0.0009552001953125 3.96728515625e-05 0.0001068115234375
8 0.000750732421875 0.000992584228515625 0.0002349853515625 0.00018768310546875
8 0.00084228515625 0.00095367431640625 8.850097656250001e-05 0.00014648437500000002
10 0.000850677490234375 0.00057830810546875 5.0354003906250004e-05 0.0001434326171875
9 0.00096435546875 0.00093841552734375 5.7983398437500004e-05 0.00014648437500000002
9 0.0009674072265625001 0.0008666992187500001 2.44140625e-05 8.850097656250001e-05
9 0.00106353759765625 0.0009552001953125 4.57763671875e-05 0.0002288818359375
9 0.0014617919921875002 0.0009277343750000001 5.1879882812500005e-05 0.00026550292968750003