12 0.00025716145833333336 0.0002447916666666667 0.00025716145833333336 0.0002447916666666667
8 0.00017252604166666667 0.0008437500000000001 8.463541666666667e-05 7.031250000000001e-05
8 0.000166015625 0.0008671875000000001 5.859375e-05 8.072916666666668e-05
8 0.00017903645833333335 0.0008046875000000001 6.510416666666667e-05 4.947916666666667e-05
8 0.0003466796875 0.0008359375000000001 0.00015950520833333333 9.895833333333334e-05
8 0.0005029296875 0.0008802083333333334 0.00015787760416666668 0.0001328125
8 0.0006087239583333334 0.0008593750000000001 0.00011230468749999999 0.00011718750000000002
8 0.0007031250000000001 0.0008098958333333334 5.533854166666667e-05 6.25e-05
8 0.0007014973958333333 0.0008072916666666668 4.3945312500000005e-05 5.468750000000001e-05
8 0.0007291666666666667 0.0008229166666666668 3.906250000000001e-05 7.552083333333335e-05
8 0.0007617187500000001 0.0008125000000000001 5.0455729166666666e-05 6.510416666666668e-05
8 0.0008593750000000001 0.0007890625 4.069010416666667e-05 6.510416666666668e-05
8 0.0008902994791666666 0.0008072916666666668 4.3945312500000005e-05 7.552083333333335e-05
10 0.0009065755208333333 0.0006119791666666667 3.743489583333333e-05 9.635416666666668e-05
8 0.0008984375000000001 0.0008151041666666668 2.7669270833333335e-05 8.854166666666667e-05
8 0.0009570312500000001 0.0008151041666666668 5.371093750000001e-05 7.552083333333335e-05
8 0.00099609375 0.0008177083333333334 6.0221354166666675e-05 0.00010156250000000001
10 0.0010319010416666666 0.0005911458333333334 2.44140625e-05 6.770833333333334e-05
11 0.0011474609375 0.0006901041666666668 2.604166666666667e-05 7.812500000000002e-05
12 0.0012906901041666668 0.00021093750000000002 7.812500000000002e-05 0.00018229166666666667
10 0.0012711588541666667 0.00019010416666666668 4.2317708333333335e-05 0.00014583333333333335
8 0.0014046223958333335 0.0008854166666666667 0.00011555989583333335 0.00017708333333333335
8 0.0014990234375000001 0.0007942708333333334 0.00011393229166666668 9.895833333333334e-05
9 0.0015315755208333334 0.0008229166666666668 3.906250000000001e-05 0.0001510416666666667
9 0.0015364583333333333 0.0008255208333333334 3.580729166666667e-05 0.00012239583333333335