8 0.00015563964843750002 0.00120849609375 0.00015563964843750002 0.000421142578125
11 7.476806640625e-05 0.00078582763671875 3.35693359375e-05 8.850097656250001e-05
11 7.019042968750001e-05 0.000762939453125 2.74658203125e-05 6.7138671875e-05
8 0.00048370361328125004 0.000994873046875 0.0002105712890625 0.00023193359375000002
8 0.0007408142089843751 0.001033782958984375 0.00020599365234375 0.00029144287109375
11 0.0005950927734375 0.0005889892578125 3.0517578125e-05 0.00010986328125
11 0.000592803955078125 0.0005729675292968751 2.5939941406250003e-05 7.781982421875001e-05
11 0.0008880615234375 0.0007270812988281251 3.35693359375e-05 9.918212890625e-05
9 0.000994873046875 0.000945281982421875 5.1879882812500005e-05 0.00020294189453125
8 0.001558685302734375 0.000897979736328125 0.00014190673828125 0.00020599365234375
8 0.0015617370605468751 0.0008796691894531251 0.00013580322265625 0.00018157958984375