8 0.000126953125 0.0009192708333333335 9.440104166666668e-05 6.770833333333334e-05
8 0.00013020833333333333 0.0009218750000000002 8.626302083333333e-05 9.375000000000002e-05
8 0.00025553385416666666 0.0009036458333333334 4.2317708333333335e-05 6.770833333333334e-05
8 0.0003776041666666667 0.0009010416666666667 5.533854166666667e-05 7.552083333333335e-05
8 0.0003743489583333333 0.0009036458333333334 5.0455729166666666e-05 8.333333333333334e-05
8 0.00044270833333333337 0.0009401041666666668 9.440104166666668e-05 0.00015364583333333335
8 0.0006624348958333333 0.0010677083333333335 0.00021484375000000003 0.0002760416666666667
12 0.0005712890625 0.0005338541666666667 4.2317708333333335e-05 0.00011979166666666669
11 0.0007503255208333334 0.0005494791666666668 3.906250000000001e-05 0.000125
8 0.0009505208333333333 0.0010520833333333335 0.000166015625 0.0003411458333333334
8 0.0012467447916666666 0.0011380208333333335 0.0003678385416666667 0.000390625
11 0.0009358723958333335 0.0006067708333333333 4.8828125e-05 0.00011718750000000002
11 0.0009195963541666667 0.0005911458333333334 3.255208333333333e-05 8.854166666666667e-05
11 0.0011214192708333334 0.0007500000000000001 2.7669270833333335e-05 7.812500000000002e-05
8 0.0013818359375 0.0009322916666666668 0.000185546875 0.00012760416666666668
8 0.0014453125000000002 0.0008671875000000001 0.00011393229166666668 8.072916666666668e-05