8 6.7138671875e-05 0.0010810852050781251 6.7138671875e-05 0.00028228759765625
8 0.0015617370605468751 0.0015472412109375 0.00032806396484375 0.0008026123046875
8 0.000339508056640625 0.0009819030761718751 0.00015716552734375 0.00015411376953125002
8 0.00043487548828125 0.000934600830078125 0.00010070800781250001 0.00011749267578125
8 0.00048751831054687504 0.0008987426757812501 6.561279296875e-05 9.1552734375e-05
8 0.00051422119140625 0.0008857727050781251 4.2724609375000004e-05 8.392333984375e-05
8 0.0005195617675781251 0.0008934020996093751 3.814697265625e-05 9.307861328125001e-05
8 0.0005538940429687501 0.0008781433105468751 5.1879882812500005e-05 8.392333984375e-05
8 0.0006355285644531251 0.0008781433105468751 6.256103515625001e-05 7.781982421875001e-05
8 0.000807952880859375 0.000875091552734375 3.204345703125e-05 8.087158203125001e-05
8 0.000865936279296875 0.0009277343750000001 7.781982421875001e-05 0.0001434326171875
8 0.0009468078613281251 0.001018524169921875 9.307861328125001e-05 0.00032806396484375
8 0.001312255859375 0.001143646240234375 0.00041503906250000004 0.00045623779296875003