8 9.307861328125001e-05 0.000888824462890625 9.1552734375e-05 0.00015716552734375
8 0.0015609741210937502 0.001232147216796875 0.00037841796875 0.00051727294921875
8 0.000457763671875 0.0008361816406250001 8.850097656250001e-05 8.850097656250001e-05
8 0.00045013427734375 0.000830841064453125 6.7138671875e-05 6.561279296875e-05
8 0.00059661865234375 0.00080413818359375 4.8828125e-05 6.7138671875e-05
8 0.0006439208984375 0.0007995605468750001 5.1879882812500005e-05 7.324218750000001e-05
8 0.000736236572265625 0.0007995605468750001 5.0354003906250004e-05 7.324218750000001e-05
12 0.0007171630859375 0.0006813049316406251 2.1362304687500002e-05 4.119873046875e-05
11 0.0007690429687500001 0.0006813049316406251 2.1362304687500002e-05 4.119873046875e-05
11 0.00085601806640625 0.00073394775390625 2.44140625e-05 3.6621093750000005e-05
11 0.000873565673828125 0.000728607177734375 1.983642578125e-05 4.119873046875e-05
8 0.00095367431640625 0.0008148193359375001 9.1552734375e-05 9.1552734375e-05