8 0.00052947998046875 0.000823211669921875 3.96728515625e-05 5.645751953125e-05
8 0.00034027099609375 0.00109100341796875 0.000335693359375 0.00038757324218750003
10 0.000154876708984375 0.000400543212890625 6.866455078125e-05 0.00018157958984375
8 0.00039596557617187504 0.0008377075195312501 6.561279296875e-05 0.00010375976562500001
8 0.000505828857421875 0.0009002685546875 0.00016326904296875002 0.00015869140625
8 0.000478363037109375 0.0008720397949218751 0.00011444091796875 0.00012054443359375
10 0.00044937133789062504 0.000370025634765625 5.340576171875e-05 0.00015411376953125002
11 0.00044708251953125 0.00034332275390625 4.2724609375000004e-05 0.000128173828125
8 0.000835418701171875 0.0010467529296875001 0.00024261474609375 0.00035400390625000004
10 0.00070343017578125 0.00038757324218750003 3.96728515625e-05 0.0001373291015625
11 0.0011192321777343751 0.000640106201171875 6.866455078125e-05 0.00015106201171875
11 0.001107025146484375 0.000621795654296875 3.5095214843750004e-05 0.00013275146484375002