8 0.000164031982421875 0.0009979248046875 0.00016326904296875002 0.00019226074218750002
8 0.0015617370605468751 0.001253509521484375 0.00027313232421875003 0.0005386352539062501
8 0.000272369384765625 0.000970458984375 0.00012664794921875 0.00015563964843750002
8 0.000258636474609375 0.00097198486328125 0.00010833740234375001 0.00015869140625
8 0.000339508056640625 0.00093994140625 9.918212890625e-05 0.0001220703125
8 0.000348663330078125 0.000937652587890625 8.392333984375e-05 0.00011444091796875
8 0.00052642822265625 0.0008857727050781251 7.9345703125e-05 9.613037109375001e-05
8 0.000732421875 0.000875091552734375 5.7983398437500004e-05 9.307861328125001e-05
8 0.0008552551269531251 0.0008720397949218751 6.561279296875e-05 7.781982421875001e-05
8 0.000936126708984375 0.0009063720703125001 9.918212890625e-05 0.0001220703125
8 0.000949859619140625 0.0009063720703125001 0.00010528564453125 0.000128173828125
8 0.0012145996093750001 0.000984954833984375 0.0002685546875 0.00029144287109375