8 2.9754638671875003e-05 0.00098419189453125 2.8991699218750002e-05 0.00014038085937500002
8 9.307861328125001e-05 0.000960540771484375 8.850097656250001e-05 0.00016632080078125
8 0.00018768310546875 0.0009033203125 7.9345703125e-05 8.544921875000001e-05
8 0.00021820068359375 0.00088043212890625 3.35693359375e-05 5.7983398437500004e-05
8 0.00040435791015625 0.0008567810058593751 4.8828125e-05 6.256103515625001e-05
8 0.000506591796875 0.00091094970703125 9.1552734375e-05 0.0001434326171875
8 0.00135650634765625 0.00107879638671875 0.0007415771484375 0.000482177734375
9 0.00137939453125 0.000835418701171875 3.35693359375e-05 9.613037109375001e-05
9 0.0013824462890625001 0.0007675170898437501 3.35693359375e-05 0.00010375976562500001
9 0.00138702392578125 0.0008094787597656251 3.35693359375e-05 5.9509277343750005e-05
9 0.0014160156250000002 0.0008666992187500001 3.96728515625e-05 0.00014038085937500002
9 0.001421356201171875 0.0008094787597656251 3.814697265625e-05 6.561279296875e-05