8 0.00070068359375 0.0008385416666666667 2.9296875e-05 4.166666666666667e-05
8 0.0006534830729166668 0.0008541666666666667 3.824869791666667e-05 5.729166666666667e-05
8 0.0015616861979166668 0.0009635416666666668 9.114583333333334e-05 0.0001354166666666667
8 0.00020345052083333337 0.0009257812500000003 0.0001416015625 0.00011197916666666668
8 0.00031087239583333336 0.0008776041666666668 4.2317708333333335e-05 6.510416666666668e-05
8 0.0005598958333333333 0.0008593750000000001 5.0455729166666666e-05 6.510416666666668e-05
8 0.0007649739583333333 0.0008697916666666668 6.835937499999999e-05 9.375000000000002e-05
8 0.0008984374999999999 0.000953125 0.00014648437500000002 0.00019010416666666668
14 0.0009423828125000001 0.0008593750000000001 6.673177083333334e-05 0.00010416666666666667
8 0.0009505208333333333 0.0008593750000000001 6.673177083333334e-05 0.00011197916666666668
8 0.0011051432291666666 0.0009062500000000002 0.00010416666666666667 0.00010677083333333335
8 0.0014257812500000002 0.00103125 0.0002897135416666667 0.00025520833333333336