8 0.00017252604166666667 0.0009192708333333335 8.463541666666667e-05 7.682291666666668e-05
8 9.684244791666668e-05 0.0009505208333333335 9.602864583333333e-05 0.0001471354166666667
8 0.00023925781250000002 0.0008854166666666668 6.510416666666667e-05 5.208333333333334e-05
8 0.00026367187499999996 0.0008802083333333334 5.859375e-05 4.947916666666667e-05
14 0.00030110677083333335 0.0008619791666666667 5.371093750000001e-05 5.468750000000001e-05
12 0.0003173828125 0.00078125 1.9531250000000004e-05 4.4270833333333337e-05
12 0.00031901041666666666 0.0008020833333333334 1.9531250000000004e-05 6.25e-05
8 0.00044108072916666666 0.0008567708333333334 3.4179687499999996e-05 4.4270833333333337e-05
8 0.0005126953125 0.0008802083333333334 6.998697916666667e-05 8.333333333333334e-05
12 0.0005305989583333333 0.0006796875000000001 1.7903645833333333e-05 4.166666666666667e-05
12 0.0005338541666666667 0.0006953125000000001 2.1158854166666667e-05 5.729166666666667e-05
8 0.0005533854166666667 0.0008359375000000001 1.9531250000000004e-05 2.8645833333333336e-05
8 0.0006250000000000001 0.0008671874999999999 6.673177083333334e-05 8.333333333333334e-05
11 0.000615234375 0.0006744791666666668 1.46484375e-05 4.4270833333333337e-05
11 0.0006217447916666667 0.0006822916666666668 2.1158854166666667e-05 5.208333333333334e-05
8 0.0006477864583333333 0.0008359375000000001 4.069010416666667e-05 5.208333333333334e-05
8 0.0007242838541666667 0.0008906249999999999 8.30078125e-05 0.00013020833333333336
11 0.0007633463541666667 0.0007500000000000001 1.7903645833333333e-05 4.687500000000001e-05
11 0.0007649739583333333 0.0007604166666666667 1.6276041666666666e-05 5.208333333333334e-05
8 0.0009163411458333335 0.0008281250000000001 8.951822916666667e-05 6.25e-05
8 0.0013964843750000002 0.0008229166666666668 0.00012532552083333333 0.00011718750000000002
8 0.0013606770833333333 0.00078125 8.138020833333334e-05 7.291666666666667e-05