8 0.00011149088541666667 0.0010247395833333334 0.00011067708333333334 0.0002734375
9 0.00018717447916666668 0.0008906250000000001 1.9531250000000004e-05 0.00010677083333333335
9 0.00021647135416666668 0.0008697916666666668 4.069010416666667e-05 0.00010677083333333335
9 0.00020833333333333335 0.0008906250000000001 2.2786458333333334e-05 0.00012760416666666668
12 0.000498046875 0.0007526041666666668 3.4179687499999996e-05 7.812500000000002e-05
12 0.000498046875 0.0007526041666666668 2.2786458333333334e-05 7.031250000000001e-05
8 0.0009179687500000001 0.0009244791666666669 0.0001318359375 0.00016927083333333334
12 0.0008805338541666668 0.0007213541666666667 2.7669270833333335e-05 6.510416666666668e-05
12 0.0008740234375 0.0007187500000000001 1.7903645833333333e-05 5.468750000000001e-05
12 0.001044921875 0.0007213541666666668 1.7903645833333333e-05 5.468750000000001e-05
8 0.0015299479166666667 0.00103125 0.00028645833333333333 0.0002708333333333334