8 0.0007118225097656251 0.0008514404296875001 7.171630859375e-05 9.1552734375e-05
9 5.645751953125e-05 0.00093231201171875 2.74658203125e-05 0.00015869140625
9 8.0108642578125e-05 0.0009330749511718751 2.5939941406250003e-05 8.392333984375e-05
9 0.00011138916015625001 0.0009521484375000001 3.96728515625e-05 0.00019226074218750002
9 0.00011978149414062501 0.00093994140625 4.119873046875e-05 0.00017700195312500002
9 0.000160980224609375 0.0008872985839843751 2.5939941406250003e-05 0.00011138916015625001
8 0.0002593994140625 0.00093231201171875 0.0001220703125 0.000128173828125
8 0.000420379638671875 0.0009246826171875 0.00012969970703125 0.00014648437500000002
8 0.00046539306640625 0.0008781433105468751 4.8828125e-05 0.00010223388671875
8 0.000507354736328125 0.0008628845214843751 4.730224609375e-05 0.00010223388671875
8 0.00111846923828125 0.00092620849609375 0.00036926269531250004 0.0002105712890625
10 0.000930023193359375 0.0005653381347656251 4.119873046875e-05 0.00015106201171875
9 0.0013626098632812502 0.00085601806640625 3.35693359375e-05 0.00019226074218750002
9 0.0013626098632812502 0.000859832763671875 2.74658203125e-05 0.00020599365234375
9 0.0013931274414062502 0.000846099853515625 3.0517578125e-05 0.00019073486328125
9 0.0015594482421875 0.0008758544921875001 3.96728515625e-05 0.00025024414062500003