8 7.975260416666667e-05 0.0009427083333333335 7.975260416666667e-05 0.00010937500000000002
9 0.00036295572916666665 0.0014505208333333334 0.00022460937499999998 0.0009765625
8 0.00034505208333333333 0.0009739583333333335 7.812500000000002e-05 0.00017968750000000002
8 0.0003971354166666667 0.0009270833333333335 7.812500000000002e-05 0.00010937500000000002
9 0.0007666015625 0.001557291666666667 0.00043457031250000006 0.0011197916666666667
8 0.00048014322916666664 0.0008776041666666668 5.859375e-05 7.812500000000002e-05
8 0.0006591796875 0.0008645833333333334 6.34765625e-05 8.593750000000001e-05
8 0.0008105468750000001 0.0009036458333333334 4.720052083333334e-05 0.00011718750000000002
8 0.0009293619791666668 0.0009401041666666668 0.00013997395833333334 0.00016406250000000004
9 0.0009749348958333333 0.0008723958333333334 4.2317708333333335e-05 0.00014583333333333335
9 0.0009781901041666667 0.0008854166666666667 3.743489583333333e-05 0.0001432291666666667
9 0.0010921223958333334 0.0009166666666666669 5.533854166666667e-05 0.00018750000000000003