12 0.00028645833333333333 0.0007473958333333334 3.092447916666667e-05 6.25e-05
8 0.0004541015625000001 0.0009192708333333335 0.00014648437500000002 0.00018229166666666667
12 0.0004899088541666667 0.0006822916666666668 2.9296875e-05 6.770833333333334e-05
8 0.0006624348958333333 0.0009114583333333335 0.00012858072916666668 0.00015364583333333335
12 0.0005696614583333334 0.0006692708333333333 3.092447916666667e-05 6.770833333333334e-05
12 0.0005631510416666667 0.0006666666666666668 2.2786458333333334e-05 6.25e-05
8 0.0007861328124999999 0.0008515624999999999 8.138020833333334e-05 8.333333333333334e-05
12 0.0008365885416666667 0.0007213541666666667 2.9296875e-05 7.291666666666667e-05
12 0.00083984375 0.0007187500000000001 2.9296875e-05 5.468750000000001e-05
8 0.0009912109375000001 0.0008177083333333334 0.00015136718750000003 7.812500000000002e-05
8 0.0009863281250000002 0.0008177083333333334 0.0001318359375 5.9895833333333344e-05