8 0.00042154947916666664 0.0010364583333333335 0.00024739583333333335 0.000265625
14 0.0005468749999999999 0.0009479166666666668 0.00021321614583333332 0.00035156250000000004
8 0.0005843098958333334 0.0008802083333333334 5.208333333333334e-05 0.00011458333333333334
8 0.0007275390625 0.0009088541666666668 0.0001318359375 0.0001953125
10 0.0006266276041666667 0.0006093750000000001 2.44140625e-05 6.25e-05
12 0.0007340494791666667 0.0006328125000000001 2.7669270833333335e-05 7.291666666666667e-05
12 0.0007275390625 0.0006015625000000001 1.6276041666666666e-05 4.947916666666667e-05
14 0.0009651692708333333 0.0008854166666666667 0.00019368489583333336 0.00031770833333333336
8 0.0011197916666666667 0.0009739583333333333 0.00022786458333333336 0.00025
8 0.0012613932291666667 0.0007890625 0.00018880208333333336 0.00011718750000000002
8 0.0011344401041666668 0.0008046875000000001 4.720052083333334e-05 8.072916666666668e-05
8 0.0012548828125000001 0.0007864583333333333 0.00016438802083333333 0.00012239583333333335
9 0.0011165364583333333 0.0007994791666666668 2.2786458333333334e-05 7.812500000000002e-05
9 0.0011409505208333332 0.0008151041666666668 2.1158854166666667e-05 9.114583333333334e-05
9 0.001162109375 0.0008020833333333334 2.1158854166666667e-05 8.333333333333334e-05
9 0.0011637369791666669 0.0007916666666666668 2.2786458333333334e-05 7.031250000000001e-05