8 0.00011881510416666669 0.0008085937500000002 3.0110677083333337e-05 3.385416666666667e-05
8 0.00024576822916666665 0.0008593750000000001 9.440104166666668e-05 8.593750000000001e-05
8 0.00032877604166666667 0.0007734375 2.7669270833333335e-05 3.6458333333333336e-05
8 0.00040690104166666674 0.0008046875000000001 3.743489583333333e-05 3.906250000000001e-05
10 0.0004085286458333334 0.00065625 2.9296875e-05 6.510416666666668e-05
12 0.0004020182291666666 0.0006484375000000001 1.9531250000000004e-05 5.468750000000001e-05
8 0.000517578125 0.0008385416666666668 4.720052083333334e-05 9.375000000000002e-05
8 0.0005078125 0.0008359375000000001 3.4179687499999996e-05 8.593750000000001e-05
11 0.0005029296875 0.0006510416666666667 2.7669270833333335e-05 7.291666666666667e-05
14 0.0005924479166666667 0.0008593750000000001 0.00010742187500000001 0.00017708333333333335
11 0.0005810546875000001 0.0006510416666666667 3.255208333333333e-05 6.770833333333334e-05
11 0.0008317057291666668 0.0007135416666666668 4.069010416666667e-05 8.593750000000001e-05