8 0.00025482177734375 0.0009979248046875 0.0002532958984375 0.000286865234375
8 0.00028076171875000003 0.0007675170898437501 0.0001373291015625 8.544921875000001e-05
8 0.000347137451171875 0.0009445190429687501 0.00012054443359375 0.0002288818359375
8 0.000420379638671875 0.0008224487304687501 9.918212890625e-05 6.7138671875e-05
11 0.000540924072265625 0.0007118225097656251 1.983642578125e-05 4.730224609375e-05
8 0.0006874084472656251 0.000806427001953125 5.9509277343750005e-05 7.781982421875001e-05
8 0.0009582519531250001 0.000984954833984375 0.00021667480468750002 0.00029754638671875
11 0.0008247375488281251 0.000604248046875 2.8991699218750002e-05 4.8828125e-05
11 0.0009445190429687501 0.000690460205078125 1.8310546875000003e-05 4.730224609375e-05
8 0.0011573791503906251 0.0009552001953125 0.00019683837890625 0.00023193359375000002
11 0.001000213623046875 0.0006530761718750001 1.983642578125e-05 3.35693359375e-05