8 0.0001678466796875 0.00099945068359375 0.0001678466796875 0.0001953125
8 0.00029449462890625 0.000960540771484375 0.00020141601562500002 0.00016632080078125
8 0.00035705566406250003 0.000937652587890625 0.00017089843750000002 0.00016632080078125
8 0.00047988891601562504 0.000911712646484375 0.00012664794921875 0.00011444091796875
8 0.000539398193359375 0.0008758544921875001 8.392333984375e-05 0.00010986328125
8 0.0007843017578125001 0.0008415222167968751 4.57763671875e-05 6.256103515625001e-05
8 0.001177978515625 0.001029205322265625 0.0003143310546875 0.00029754638671875
8 0.000978851318359375 0.0008262634277343751 8.392333984375e-05 8.392333984375e-05
9 0.001160430908203125 0.0010833740234375 6.866455078125e-05 0.0004119873046875
8 0.001494598388671875 0.0010391235351562501 0.00038909912109375 0.00033874511718750004
8 0.0015609741210937502 0.0012062072753906252 0.000189208984375 0.00052642822265625