8 0.000392913818359375 0.0013023376464843751 0.00039215087890625004 0.00105743408203125
14 0.00039520263671875003 0.001239776611328125 0.000390625 0.0009658813476562501
8 0.00055694580078125 0.0008285522460937501 7.9345703125e-05 0.00010375976562500001
8 0.0010345458984375 0.0013153076171875 0.000518798828125 0.0006744384765625
12 0.000562286376953125 0.000525665283203125 2.8991699218750002e-05 0.00011138916015625001
12 0.0007568359375 0.00042724609375 3.35693359375e-05 0.00010375976562500001
7 0.001049041748046875 0.000838470458984375 5.645751953125e-05 0.00013580322265625
12 0.00102691650390625 0.0006149291992187501 3.0517578125e-05 7.324218750000001e-05
8 0.001222991943359375 0.00081024169921875 0.00013275146484375002 9.1552734375e-05
8 0.0015594482421875 0.001192474365234375 0.0004364013671875 0.00054168701171875
12 0.001560211181640625 0.00043716430664062503 3.814697265625e-05 0.00015411376953125002