11 0.00044108072916666666 0.0006927083333333334 3.092447916666667e-05 5.468750000000001e-05
8 0.0007958984375000001 0.0007760416666666666 4.3945312500000005e-05 4.166666666666667e-05
8 0.0008561197916666666 0.0008489583333333334 7.486979166666666e-05 0.00014062500000000002
11 0.000849609375 0.0005703125000000001 2.604166666666667e-05 7.812500000000002e-05
11 0.0008561197916666668 0.0005598958333333334 2.7669270833333335e-05 6.510416666666668e-05
11 0.0009960937500000002 0.0006927083333333334 2.9296875e-05 5.729166666666667e-05
10 0.0009993489583333332 0.0007083333333333334 2.604166666666667e-05 9.375000000000002e-05
8 0.0011474609375 0.0009322916666666668 0.00015299479166666668 0.00031770833333333336
8 0.0012141927083333334 0.0009140625000000002 0.0002001953125 0.0002734375
8 0.0014583333333333334 0.0010494791666666667 0.00032877604166666667 0.00032552083333333337
8 0.0014453125000000002 0.0010026041666666666 0.00031575520833333336 0.00026302083333333337