8 0.00022460937499999998 0.0009947916666666668 0.00022379557291666666 0.00022786458333333336
8 0.00045003255208333337 0.0010000000000000002 0.00031331380208333336 0.00022265625000000004
8 0.000615234375 0.0009192708333333335 0.00020182291666666667 0.00021614583333333335
8 0.0007275390625 0.0008750000000000001 0.00012369791666666668 0.00013802083333333334
8 0.0008740234375 0.0008593750000000001 0.00015462239583333333 0.00015364583333333335
8 0.0009179687500000001 0.0008333333333333334 8.30078125e-05 0.00010677083333333335
8 0.0010758463541666668 0.0008072916666666668 0.00010904947916666668 0.00012760416666666668
14 0.0010758463541666668 0.0008098958333333335 0.00010742187500000001 0.0001328125
9 0.0011669921875 0.0008046875000000001 3.743489583333333e-05 9.375000000000002e-05
9 0.0013151041666666667 0.0007916666666666668 2.604166666666667e-05 0.00011197916666666668
9 0.0013102213541666668 0.0007838541666666667 1.1393229166666667e-05 0.00010416666666666667
9 0.0013688151041666666 0.0007838541666666667 3.743489583333333e-05 0.00010416666666666667