8 0.000439453125 0.0011067708333333335 0.000439453125 0.0007682291666666667
14 0.000419921875 0.0010833333333333335 0.000419921875 0.0007187500000000001
8 0.000732421875 0.0011067708333333335 0.0003076171875 0.0004531250000000001
8 0.0007356770833333334 0.0009322916666666668 5.0455729166666666e-05 0.0001953125
8 0.0007584635416666667 0.0008645833333333334 4.557291666666667e-05 8.593750000000001e-05
8 0.0008740234375 0.0009557291666666668 7.486979166666666e-05 0.00016406250000000004
11 0.0008463541666666667 0.0007265625000000001 2.9296875e-05 6.510416666666668e-05
8 0.0009798177083333334 0.0010182291666666668 0.00015462239583333333 0.00023958333333333337
8 0.0009375 0.0010078125 9.765625e-05 0.00022395833333333336
8 0.0011490885416666667 0.0011250000000000001 0.00023600260416666667 0.0003958333333333334
8 0.0015576171875 0.0014010416666666668 0.0005387369791666666 0.0007630208333333334