8 0.0015617370605468751 0.0008285522460937501 0.00023956298828125002 0.00020751953125000002
8 0.00027313232421875003 0.001242828369140625 0.0002716064453125 0.0006301879882812501
8 0.00027694702148437503 0.0008514404296875001 0.00010528564453125 0.0001220703125
8 0.000295257568359375 0.0008666992187500001 0.00011749267578125 0.00014038085937500002
8 0.000382232666015625 0.0008567810058593751 0.00011138916015625001 0.00011444091796875
8 0.0003936767578125 0.00084686279296875 0.00011901855468750001 0.00010986328125
12 0.000313568115234375 0.000397491455078125 3.204345703125e-05 0.00012969970703125
11 0.000525665283203125 0.00037994384765625003 3.814697265625e-05 0.0001068115234375
11 0.0005310058593750001 0.00038299560546875 4.2724609375000004e-05 6.7138671875e-05
8 0.00054473876953125 0.0008018493652343751 4.57763671875e-05 6.561279296875e-05
11 0.0006988525390625001 0.000417327880859375 4.8828125e-05 6.256103515625001e-05
11 0.00069732666015625 0.000408935546875 3.96728515625e-05 0.00010375976562500001
8 0.0008575439453125 0.0007804870605468751 4.8828125e-05 5.9509277343750005e-05
9 0.0009140014648437501 0.0008026123046875 3.35693359375e-05 0.00010375976562500001
9 0.0009178161621093751 0.0007865905761718751 2.5939941406250003e-05 6.561279296875e-05
8 0.0009658813476562501 0.0007919311523437501 5.4931640625e-05 7.324218750000001e-05
8 0.00101776123046875 0.000814056396484375 5.1879882812500005e-05 0.00011138916015625001
11 0.001036834716796875 0.000604248046875 3.5095214843750004e-05 8.544921875000001e-05
11 0.001056671142578125 0.0006088256835937501 4.730224609375e-05 6.7138671875e-05
8 0.00110626220703125 0.0008094787597656251 9.46044921875e-05 0.00011749267578125
8 0.0011001586914062501 0.000806427001953125 8.23974609375e-05 0.00011138916015625001
11 0.0012023925781250002 0.00046539306640625 7.324218750000001e-05 0.0001953125
11 0.0011947631835937502 0.00046005249023437503 5.4931640625e-05 7.781982421875001e-05
8 0.001207733154296875 0.000768280029296875 5.9509277343750005e-05 5.9509277343750005e-05
8 0.0012336730957031251 0.00077362060546875 2.5939941406250003e-05 7.324218750000001e-05
8 0.001319122314453125 0.00077056884765625 8.392333984375e-05 6.7138671875e-05