8 0.00011067708333333334 0.0009427083333333335 0.00011067708333333334 0.00011979166666666669
8 0.0001432291666666667 0.0008906249999999999 6.673177083333334e-05 7.031250000000001e-05
8 0.00026692708333333337 0.0008984375000000001 7.161458333333333e-05 8.854166666666667e-05
8 0.00031250000000000006 0.0008906250000000001 4.2317708333333335e-05 7.291666666666667e-05
8 0.0003434244791666667 0.0008828125000000001 5.0455729166666666e-05 6.25e-05
8 0.0006852213541666667 0.0009479166666666668 0.00014648437500000002 0.00020052083333333337
12 0.0006136067708333334 0.0007526041666666667 2.9296875e-05 4.4270833333333337e-05
12 0.0006054687500000001 0.0007682291666666667 1.7903645833333333e-05 5.208333333333334e-05
8 0.0007210286458333333 0.0009036458333333334 5.859375e-05 0.0001328125
12 0.0007063802083333334 0.0007057291666666668 2.44140625e-05 6.25e-05
12 0.000703125 0.0007005208333333334 1.6276041666666666e-05 4.4270833333333337e-05
12 0.0007470703125000001 0.0007786458333333334 2.1158854166666667e-05 7.552083333333335e-05
12 0.0007438151041666667 0.0007630208333333334 1.6276041666666666e-05 4.4270833333333337e-05
8 0.0008593749999999999 0.0008437500000000001 9.440104166666668e-05 8.854166666666667e-05
12 0.0008219401041666667 0.0007604166666666667 3.906250000000001e-05 9.114583333333334e-05
12 0.0008056640625000001 0.0007369791666666667 1.6276041666666666e-05 5.729166666666667e-05
8 0.0009651692708333333 0.0009244791666666668 0.00014485677083333334 0.00015885416666666668
8 0.0009977213541666667 0.0008489583333333334 7.324218750000001e-05 9.895833333333334e-05
8 0.0012516276041666667 0.0010338541666666669 0.00028808593750000004 0.0003489583333333334