8 0.00019938151041666666 0.0008528645833333335 0.00016438802083333333 9.505208333333334e-05
7 0.00046712239583333333 0.0008098958333333335 5.371093750000001e-05 7.291666666666667e-05
8 0.0005566406250000001 0.0008802083333333334 0.00013020833333333333 0.00010937500000000002
7 0.0005436197916666666 0.0007890625 2.2786458333333334e-05 5.468750000000001e-05
11 0.0005973307291666668 0.0005390625 2.604166666666667e-05 6.770833333333334e-05
11 0.0005940755208333334 0.0005494791666666668 1.7903645833333333e-05 7.291666666666667e-05
7 0.0006689453125 0.0008281250000000001 6.510416666666667e-05 9.114583333333334e-05
7 0.0006412760416666667 0.0008177083333333335 2.44140625e-05 7.552083333333335e-05
10 0.0007275390625000001 0.0006718750000000002 2.44140625e-05 8.333333333333334e-05
10 0.0007259114583333334 0.0006562500000000001 2.1158854166666667e-05 5.9895833333333344e-05
11 0.00095703125 0.0005937500000000001 3.743489583333333e-05 0.000125
11 0.0009554036458333334 0.0006067708333333334 3.4179687499999996e-05 0.00014062500000000002