8 0.0004736328125 0.0008593750000000001 4.2317708333333335e-05 7.552083333333335e-05
8 0.0006819661458333334 0.0010260416666666669 0.0002311197916666667 0.0003229166666666667
12 0.0006819661458333334 0.0007734375 2.1158854166666667e-05 5.729166666666667e-05
8 0.0007145182291666667 0.0009505208333333335 5.208333333333334e-05 0.00018489583333333335
8 0.0007975260416666667 0.0008411458333333334 5.696614583333334e-05 6.25e-05
8 0.0007942708333333334 0.0008385416666666667 3.743489583333333e-05 5.468750000000001e-05
8 0.0008577473958333334 0.0008437500000000001 5.696614583333334e-05 8.854166666666667e-05
11 0.0008789062499999999 0.0006302083333333334 2.1158854166666667e-05 6.770833333333334e-05
11 0.0008740234375000001 0.0006354166666666667 1.6276041666666666e-05 5.9895833333333344e-05
8 0.0009358723958333335 0.0008385416666666667 3.580729166666667e-05 5.729166666666667e-05
11 0.0010074869791666667 0.0007369791666666667 2.2786458333333334e-05 5.729166666666667e-05
11 0.0010074869791666667 0.0007578125000000001 1.7903645833333333e-05 5.208333333333334e-05
11 0.0012955729166666667 0.0006614583333333333 2.44140625e-05 7.291666666666667e-05
11 0.0012972005208333334 0.0006692708333333335 1.9531250000000004e-05 7.812500000000002e-05
8 0.0014794921875000001 0.0008203125000000001 0.00015136718750000003 8.854166666666667e-05
8 0.0015071614583333334 0.0008229166666666668 0.00015787760416666668 9.375000000000002e-05