8 0.0001416015625 0.0011744791666666668 0.0001416015625 0.0006614583333333333
8 0.00041829427083333334 0.0009531250000000002 0.0003352864583333333 0.0003619791666666667
8 0.0004166666666666667 0.0009869791666666668 0.00028157552083333333 0.0004114583333333334
12 0.0002392578125 0.0006067708333333334 3.580729166666667e-05 5.9895833333333344e-05
8 0.0005192057291666666 0.0007447916666666667 6.510416666666667e-05 0.00010937500000000002
8 0.0005094401041666667 0.0007317708333333334 5.208333333333334e-05 7.552083333333335e-05
12 0.000634765625 0.00044531250000000007 3.4179687499999996e-05 5.9895833333333344e-05
12 0.000634765625 0.0004531250000000001 3.092447916666667e-05 7.552083333333335e-05
12 0.00076171875 0.00044270833333333337 3.4179687499999996e-05 4.947916666666667e-05
12 0.0007552083333333334 0.0004583333333333334 2.1158854166666667e-05 5.9895833333333344e-05
12 0.0009700520833333334 0.0005677083333333334 2.7669270833333335e-05 5.208333333333334e-05
12 0.0009684244791666667 0.0005911458333333334 2.44140625e-05 7.031250000000001e-05