9 0.0013590494791666666 0.0008463541666666668 9.684244791666668e-05 8.984375000000001e-05
8 8.544921875000001e-05 0.0009739583333333335 8.463541666666667e-05 0.0001666666666666667
8 0.00012858072916666668 0.0009401041666666669 8.626302083333333e-05 0.00017187500000000002
8 0.0002099609375 0.0008854166666666667 8.138020833333334e-05 8.333333333333334e-05
8 0.0002864583333333334 0.0008776041666666668 6.673177083333334e-05 9.114583333333334e-05
8 0.00041829427083333334 0.0008437500000000001 4.8828125e-05 6.25e-05
8 0.0006949869791666667 0.0010390625 0.00022949218750000001 0.0003489583333333334
8 0.0007568359375 0.0008958333333333334 9.114583333333334e-05 0.00013020833333333336
8 0.0009163411458333334 0.0009088541666666669 0.00019856770833333334 0.00015625000000000003
9 0.0009700520833333334 0.0008046875000000001 2.7669270833333335e-05 8.854166666666667e-05
9 0.001259765625 0.0008020833333333335 4.557291666666667e-05 0.00012760416666666668
9 0.0012874348958333334 0.0008072916666666668 3.4179687499999996e-05 0.0001328125
9 0.0013525390625 0.0007890625 3.255208333333333e-05 0.00011979166666666669
8 0.0015608723958333336 0.0010078125 0.0001806640625 0.0002786458333333334