8 0.00017578125 0.0008958333333333334 0.00017252604166666667 0.0001510416666666667
8 0.00023763020833333332 0.0008437500000000001 0.00013997395833333334 0.00010677083333333335
8 0.0002311197916666667 0.0008619791666666668 8.951822916666667e-05 0.00011979166666666669
8 0.00033203125 0.0008411458333333335 9.114583333333334e-05 0.00011197916666666668
8 0.0003401692708333334 0.0008359375000000001 8.789062500000001e-05 0.00010416666666666667
8 0.0004654947916666667 0.0008281250000000001 0.00015462239583333333 0.00010416666666666667
8 0.0006608072916666667 0.0008463541666666667 0.00015136718750000003 0.00011718750000000002
8 0.0007291666666666667 0.0007942708333333334 7.975260416666667e-05 7.031250000000001e-05
8 0.00076171875 0.0008020833333333334 0.00011067708333333334 0.00012239583333333335
8 0.0009147135416666668 0.0009375000000000002 0.00024251302083333335 0.0002604166666666667
8 0.0013606770833333335 0.0010598958333333335 0.0005289713541666667 0.0004166666666666667