8 0.000102996826171875 0.0009315490722656251 0.00010223388671875 0.00018463134765625002
8 0.00024185180664062502 0.001043701171875 0.00020904541015625002 0.00028076171875000003
14 0.00020370483398437502 0.000852203369140625 0.00016937255859375002 0.00013580322265625
8 0.000701904296875 0.001255035400390625 0.0005126953125 0.0006607055664062501
10 0.00051116943359375 0.000554656982421875 2.74658203125e-05 8.087158203125001e-05
12 0.0006607055664062501 0.00054473876953125 2.74658203125e-05 7.019042968750001e-05
8 0.0007751464843750001 0.00084686279296875 3.96728515625e-05 7.019042968750001e-05
12 0.0007804870605468751 0.0005500793457031251 2.5939941406250003e-05 8.087158203125001e-05
8 0.0008705139160156251 0.00087738037109375 9.307861328125001e-05 9.1552734375e-05
8 0.001207733154296875 0.001018524169921875 0.00024871826171875 0.00027313232421875003
9 0.001000213623046875 0.0008544921875 2.8991699218750002e-05 8.850097656250001e-05
9 0.000998687744140625 0.0008338928222656251 2.288818359375e-05 6.256103515625001e-05
12 0.00107421875 0.0006851196289062501 2.44140625e-05 7.019042968750001e-05
14 0.0015411376953125 0.0008575439453125 0.0003509521484375 0.00021667480468750002
12 0.00149078369140625 0.000505828857421875 7.62939453125e-05 0.00023956298828125002
9 0.0015151977539062502 0.0009407043457031251 4.57763671875e-05 0.00018768310546875
8 0.0015617370605468751 0.000872802734375 6.256103515625001e-05 0.00010986328125