8 0.00010742187500000001 0.0008828125000000001 8.789062500000001e-05 8.072916666666668e-05
8 0.00031575520833333336 0.0008593750000000001 7.161458333333333e-05 9.375000000000002e-05
12 0.0002799479166666667 0.0005729166666666668 2.9296875e-05 8.072916666666668e-05
8 0.00041829427083333334 0.0008463541666666668 4.8828125e-05 7.552083333333335e-05
11 0.00041503906250000004 0.0005729166666666668 2.7669270833333335e-05 7.812500000000002e-05
8 0.0004768880208333333 0.0008489583333333334 5.859375e-05 8.854166666666667e-05
11 0.0005940755208333334 0.0007083333333333334 2.604166666666667e-05 7.552083333333335e-05
8 0.0007893880208333332 0.0009713541666666668 0.00019856770833333334 0.0002838541666666667
8 0.0011718750000000002 0.00103125 0.0002897135416666667 0.0002604166666666667
8 0.0010986328125 0.0007942708333333335 0.00017740885416666667 0.00011718750000000002
10 0.0010498046875 0.0005703125000000001 3.906250000000001e-05 0.0001666666666666667
9 0.0011555989583333333 0.0008437500000000001 5.208333333333334e-05 0.00014583333333333335
9 0.0011490885416666665 0.0008411458333333334 3.743489583333333e-05 0.000125