9 0.0007869466145833334 0.0008593750000000001 2.1972656250000003e-05 0.00011458333333333334
9 0.0007649739583333333 0.00085546875 2.7669270833333335e-05 0.00011067708333333334
9 0.0009684244791666667 0.00083984375 2.360026041666667e-05 0.00012239583333333335
9 0.0009415690104166668 0.0008580729166666667 2.360026041666667e-05 0.0001354166666666667
8 0.0015616861979166666 0.0011770833333333336 0.00026448567708333337 0.0005182291666666667
9 0.0005200195312500001 0.0008177083333333335 2.604166666666667e-05 7.552083333333335e-05
8 0.00042643229166666665 0.0009817708333333334 0.00020833333333333335 0.0002291666666666667
8 0.0004606119791666666 0.0008437500000000001 6.835937499999999e-05 9.114583333333334e-05
8 0.000732421875 0.0009322916666666668 0.00013509114583333334 0.00019010416666666668
9 0.0009195963541666669 0.0008359375000000001 3.4179687499999996e-05 9.635416666666668e-05
8 0.0012906901041666668 0.0010651041666666669 0.00030924479166666665 0.0004270833333333334