9 0.000126953125 0.0014570312500000002 0.00012613932291666668 0.001072916666666667
10 5.126953124999999e-05 0.0005885416666666668 5.0455729166666666e-05 0.00010937500000000002
9 0.0003564453125 0.000953125 9.27734375e-05 0.00017968750000000002
9 0.00043457031250000006 0.0009348958333333335 0.00013997395833333334 0.00020312500000000002
9 0.00043457031250000006 0.0009427083333333335 0.00013671874999999999 0.0002135416666666667
9 0.0003564453125 0.0009453125 4.8828125e-05 0.00017968750000000002
9 0.00045410156249999997 0.0009322916666666668 5.859375e-05 0.00020833333333333335
8 0.0011100260416666667 0.0010182291666666668 0.0006136067708333334 0.00035937500000000005
9 0.0008414713541666668 0.0014010416666666668 0.00022786458333333336 0.0008489583333333334
10 0.0008430989583333335 0.0005572916666666668 5.859375e-05 0.0001432291666666667
8 0.0014501953125 0.0009583333333333335 0.000419921875 0.0002682291666666667
9 0.0013671875000000001 0.0007552083333333334 7.486979166666666e-05 0.00011979166666666669