9 0.000423431396484375 0.0008758544921875001 3.204345703125e-05 0.0001129150390625
9 0.00041885375976562504 0.000875091552734375 2.8991699218750002e-05 0.00010833740234375001
9 0.000362396240234375 0.00087890625 2.5939941406250003e-05 0.00010375976562500001
9 0.00034332275390625 0.000884246826171875 1.8310546875000003e-05 0.00010833740234375001
9 0.00029144287109375 0.00087890625 2.1362304687500002e-05 9.765625e-05
9 0.000275421142578125 0.0008880615234375 2.288818359375e-05 0.0001129150390625
9 0.00023803710937500002 0.0008880615234375 2.1362304687500002e-05 0.00010986328125
9 0.00021667480468750002 0.0008834838867187501 1.8310546875000003e-05 0.0001068115234375
8 0.00033721923828125 0.00088653564453125 0.00011596679687500001 0.00015563964843750002
8 0.00021896362304687502 0.0010124206542968751 0.00021820068359375 0.00030670166015625
12 0.00010986328125 0.000728607177734375 4.2724609375000004e-05 9.307861328125001e-05
12 0.000101470947265625 0.0007179260253906251 2.5939941406250003e-05 7.476806640625e-05
9 0.00046463012695312504 0.000859832763671875 3.814697265625e-05 0.00011444091796875
8 0.000591278076171875 0.0008697509765625 0.00015106201171875 0.000244140625
14 0.0005950927734375 0.0007598876953125001 0.00015563964843750002 0.0001220703125
12 0.0007179260253906251 0.0005424499511718751 3.204345703125e-05 8.392333984375e-05
12 0.0008300781250000001 0.00055999755859375 3.35693359375e-05 0.0001068115234375
8 0.001018524169921875 0.0008834838867187501 0.00013580322265625 0.00012512207031250002
12 0.00104217529296875 0.000684356689453125 3.0517578125e-05 9.613037109375001e-05
8 0.0013916015625 0.0008697509765625 0.000225830078125 0.00012512207031250002