9 0.001318359375 0.00088653564453125 3.35693359375e-05 0.00014648437500000002
9 0.001151275634765625 0.00090789794921875 4.119873046875e-05 0.00021667480468750002
8 0.000351715087890625 0.00089569091796875 0.00022125244140625 0.0001373291015625
8 0.00036544799804687504 0.000859832763671875 3.5095214843750004e-05 0.00011749267578125
8 0.00041885375976562504 0.000859832763671875 6.256103515625001e-05 0.00011749267578125
8 0.00045242309570312503 0.0008224487304687501 3.5095214843750004e-05 8.850097656250001e-05
8 0.0004890441894531251 0.00081787109375 3.204345703125e-05 8.544921875000001e-05
8 0.0005233764648437501 0.0008209228515625001 2.74658203125e-05 5.7983398437500004e-05
8 0.000545501708984375 0.000815582275390625 2.5939941406250003e-05 5.9509277343750005e-05
8 0.000701904296875 0.0009391784667968751 0.00016174316406250002 0.00021820068359375
8 0.00072021484375 0.000820159912109375 4.57763671875e-05 7.476806640625e-05
9 0.0007423400878906251 0.0008186340332031251 1.678466796875e-05 8.392333984375e-05
8 0.000806427001953125 0.0008323669433593751 6.561279296875e-05 9.613037109375001e-05
8 0.000836944580078125 0.000859832763671875 6.256103515625001e-05 0.00011444091796875
9 0.001033782958984375 0.000890350341796875 2.288818359375e-05 0.00016937255859375002
9 0.001071929931640625 0.00089263916015625 3.5095214843750004e-05 0.00014038085937500002
9 0.00110321044921875 0.000890350341796875 2.74658203125e-05 0.00016632080078125
9 0.001235198974609375 0.0008872985839843751 2.288818359375e-05 0.00019989013671875002
9 0.001364898681640625 0.000904083251953125 5.0354003906250004e-05 0.00020599365234375