8 0.00021321614583333332 0.0010234375 0.00021321614583333332 0.0005781250000000001
14 0.00043294270833333336 0.0008828125000000001 0.00029947916666666664 0.0004192708333333334
8 0.0005468749999999999 0.0008567708333333334 0.00015299479166666668 0.00020052083333333337
12 0.0005615234375000001 0.0006197916666666667 2.9296875e-05 5.208333333333334e-05
12 0.0005582682291666667 0.0006171875000000001 2.2786458333333334e-05 4.166666666666667e-05
8 0.0005843098958333334 0.0008281250000000001 4.069010416666667e-05 0.00011197916666666668
8 0.0006233723958333333 0.0008177083333333335 3.743489583333333e-05 7.552083333333335e-05
12 0.0006103515625 0.0006171875000000001 2.1158854166666667e-05 4.4270833333333337e-05
12 0.0006119791666666667 0.0006145833333333333 2.2786458333333334e-05 4.166666666666667e-05
8 0.0006917317708333334 0.0008359375000000001 9.27734375e-05 0.000125
12 0.0006949869791666667 0.0006145833333333334 2.2786458333333334e-05 4.687500000000001e-05
12 0.0006998697916666668 0.0006067708333333333 2.44140625e-05 4.166666666666667e-05
8 0.0007421875 0.0007916666666666668 3.4179687499999996e-05 8.333333333333334e-05
12 0.0007600911458333333 0.0006171875000000001 3.092447916666667e-05 5.729166666666667e-05
8 0.0008430989583333335 0.0008541666666666667 0.00010742187500000001 0.00014583333333333335
12 0.0007584635416666667 0.0006145833333333334 2.1158854166666667e-05 4.687500000000001e-05
12 0.0008837890624999999 0.0006718750000000001 1.9531250000000004e-05 4.166666666666667e-05
8 0.0011767578125 0.0007786458333333334 0.0001220703125 0.00010677083333333335
12 0.0011311848958333334 0.0005963541666666667 3.580729166666667e-05 5.729166666666667e-05
8 0.0014111328125 0.0007552083333333334 0.000126953125 8.854166666666667e-05