8 5.7983398437500004e-05 0.0009033203125 5.7983398437500004e-05 0.0001373291015625
10 0.000170135498046875 0.00048675537109375003 2.8991699218750002e-05 0.0001068115234375
8 0.000331878662109375 0.0008575439453125 0.00011138916015625001 9.1552734375e-05
8 0.00034561157226562503 0.0008377075195312501 3.814697265625e-05 4.8828125e-05
8 0.00040740966796875004 0.000830841064453125 2.74658203125e-05 4.730224609375e-05
10 0.00043792724609375004 0.0006195068359375 3.0517578125e-05 8.544921875000001e-05
8 0.00072479248046875 0.001091766357421875 0.00031127929687500003 0.00034942626953125003
10 0.000536346435546875 0.000533294677734375 2.5939941406250003e-05 7.476806640625e-05
11 0.000604248046875 0.00066680908203125 1.8310546875000003e-05 3.96728515625e-05
11 0.000659942626953125 0.0007141113281250001 2.288818359375e-05 5.1879882812500005e-05
8 0.000730133056640625 0.0008338928222656251 4.119873046875e-05 8.392333984375e-05
8 0.0007369995117187501 0.0008377075195312501 4.8828125e-05 6.7138671875e-05
11 0.0007957458496093751 0.0006546020507812501 2.8991699218750002e-05 5.7983398437500004e-05
8 0.000823974609375 0.000853729248046875 5.4931640625e-05 7.781982421875001e-05
8 0.0009292602539062501 0.000844573974609375 5.1879882812500005e-05 6.561279296875e-05
8 0.00108642578125 0.0009292602539062501 0.000152587890625 0.0001953125
14 0.001143646240234375 0.0008720397949218751 0.00011138916015625001 0.00015106201171875
14 0.0011627197265625 0.0008781433105468751 0.00011596679687500001 0.00015106201171875
8 0.0013130187988281252 0.00093231201171875 0.00017547607421875 0.00016174316406250002
8 0.0013252258300781251 0.000959014892578125 0.00018157958984375 0.00019073486328125
11 0.00120849609375 0.000682830810546875 2.74658203125e-05 8.087158203125001e-05
10 0.001261138916015625 0.0005935668945312501 2.5939941406250003e-05 6.7138671875e-05
8 0.001555633544921875 0.001154327392578125 6.561279296875e-05 0.00031585693359375004
8 0.0015594482421875 0.00118255615234375 4.57763671875e-05 0.00030517578125