8 0.00017852783203125002 0.0012870788574218751 0.00017700195312500002 0.00051116943359375
8 0.0007110595703125 0.000951385498046875 0.00014648437500000002 0.00017242431640625
11 0.0006278991699218751 0.0007049560546875 1.678466796875e-05 4.8828125e-05
11 0.0006301879882812501 0.00069580078125 1.8310546875000003e-05 3.6621093750000005e-05
11 0.0006927490234375001 0.0007064819335937501 1.52587890625e-05 3.6621093750000005e-05
11 0.0006950378417968751 0.000713348388671875 1.678466796875e-05 4.119873046875e-05
11 0.000762176513671875 0.000782012939453125 1.983642578125e-05 4.730224609375e-05
11 0.0007751464843750001 0.0007659912109375 1.52587890625e-05 5.4931640625e-05
11 0.0007766723632812501 0.000762939453125 1.52587890625e-05 5.1879882812500005e-05
9 0.000800323486328125 0.0008857727050781251 1.983642578125e-05 9.918212890625e-05
9 0.000797271728515625 0.0008934020996093751 1.678466796875e-05 0.00010223388671875
9 0.0008171081542968751 0.000896453857421875 1.983642578125e-05 0.00010223388671875
9 0.00081787109375 0.000888824462890625 1.52587890625e-05 0.00010223388671875
9 0.000835418701171875 0.00088043212890625 1.983642578125e-05 9.1552734375e-05
9 0.000838470458984375 0.00089263916015625 1.983642578125e-05 0.00010375976562500001
9 0.000858306884765625 0.0008781433105468751 2.288818359375e-05 9.613037109375001e-05
9 0.00085601806640625 0.0008911132812500001 1.8310546875000003e-05 0.00010375976562500001