8 0.00013427734375 0.000909423828125 8.850097656250001e-05 0.0001434326171875
8 0.000199127197265625 0.0008857727050781251 8.392333984375e-05 0.00011444091796875
8 0.00038070678710937504 0.001003265380859375 0.00023040771484375002 0.00027618408203125
11 0.00044860839843750003 0.000623321533203125 4.8828125e-05 8.392333984375e-05
8 0.000473785400390625 0.000838470458984375 4.4250488281250005e-05 6.561279296875e-05
8 0.00052032470703125 0.00084686279296875 5.1879882812500005e-05 7.324218750000001e-05
14 0.000653839111328125 0.0008171081542968751 0.00016326904296875002 0.00018463134765625002
8 0.000753021240234375 0.0010101318359375 0.00024871826171875 0.0002685546875
8 0.00075836181640625 0.000994873046875 0.00023803710937500002 0.0002532958984375
11 0.000691986083984375 0.000716400146484375 2.288818359375e-05 6.256103515625001e-05
11 0.000699615478515625 0.000726318359375 2.8991699218750002e-05 8.850097656250001e-05
11 0.000928497314453125 0.0005126953125 6.256103515625001e-05 8.850097656250001e-05
8 0.001019287109375 0.000846099853515625 8.850097656250001e-05 0.00011749267578125
8 0.0010848999023437501 0.0008331298828125 7.9345703125e-05 0.00010986328125
8 0.001474761962890625 0.00082550048828125 9.002685546875e-05 0.000164794921875