8 0.0006126403808593751 0.0008224487304687501 2.288818359375e-05 2.44140625e-05
14 0.0002044677734375 0.0008575439453125 0.0001983642578125 0.00010986328125
12 0.0005897521972656251 0.000389862060546875 5.0354003906250004e-05 0.00013275146484375002
8 0.000701141357421875 0.0008644104003906251 7.476806640625e-05 9.918212890625e-05
8 0.000685882568359375 0.0008491516113281251 4.730224609375e-05 6.561279296875e-05
12 0.0009552001953125 0.0006355285644531251 4.2724609375000004e-05 0.00013580322265625
9 0.0011932373046875 0.000919342041015625 3.96728515625e-05 0.00018768310546875
9 0.0011962890625 0.0009140014648437501 4.2724609375000004e-05 0.00017700195312500002
9 0.001270294189453125 0.000992584228515625 9.613037109375001e-05 0.00029449462890625
9 0.001409912109375 0.001049041748046875 0.00010375976562500001 0.00036163330078125004
9 0.001490020751953125 0.001052093505859375 9.307861328125001e-05 0.00038299560546875
10 0.0015609741210937502 0.00027008056640625 9.765625e-05 0.0002685546875