11 0.00127685546875 0.0005247395833333334 5.0455729166666666e-05 0.00015234375000000003
11 0.0006396484375000001 0.00012890625 5.0455729166666666e-05 0.00012760416666666668
8 0.00016031901041666668 0.0008723958333333334 0.00015869140625 0.00013802083333333334
8 0.00034993489583333334 0.0008125000000000001 7.649739583333334e-05 5.729166666666667e-05
8 0.00046386718750000003 0.0008255208333333334 6.184895833333334e-05 8.854166666666667e-05
8 0.0008805338541666666 0.0008151041666666668 6.835937499999999e-05 8.854166666666667e-05
9 0.0009651692708333333 0.0008255208333333335 2.9296875e-05 9.635416666666668e-05
9 0.0009635416666666668 0.0008255208333333334 2.44140625e-05 9.375000000000002e-05
8 0.00103515625 0.0008281250000000001 6.998697916666667e-05 8.593750000000001e-05
8 0.001025390625 0.0008229166666666668 5.371093750000001e-05 8.072916666666668e-05
8 0.0010872395833333335 0.0008359375000000001 7.649739583333334e-05 9.635416666666668e-05
8 0.0011686197916666665 0.0008515624999999999 0.00010091145833333333 0.00012760416666666668
8 0.0011735026041666669 0.0008333333333333335 0.00010253906250000001 0.00011979166666666669
8 0.0013020833333333335 0.0008776041666666668 0.00015136718750000003 0.0001666666666666667
8 0.0013069661458333334 0.0008776041666666668 0.00014322916666666667 0.00016927083333333334