9 0.0010986328125 0.000838470458984375 2.44140625e-05 0.00011138916015625001
9 0.001076507568359375 0.00083160400390625 2.288818359375e-05 9.1552734375e-05
9 0.000994110107421875 0.000830841064453125 2.5939941406250003e-05 0.00010223388671875
9 0.0009712219238281251 0.000835418701171875 2.288818359375e-05 0.00010833740234375001
9 7.019042968750001e-05 0.0009246826171875 3.0517578125e-05 0.00014648437500000002
9 8.697509765625e-05 0.0008415222167968751 3.0517578125e-05 6.561279296875e-05
8 0.00024871826171875 0.0009010314941406251 0.0001739501953125 0.00011138916015625001
8 0.000730133056640625 0.001357269287109375 0.00052947998046875 0.00064849853515625
11 0.00041427612304687503 0.0007003784179687501 3.5095214843750004e-05 8.850097656250001e-05
8 0.0007957458496093751 0.000982666015625 0.00014190673828125 0.000286865234375
8 0.000844573974609375 0.000853729248046875 9.307861328125001e-05 9.613037109375001e-05
11 0.000815582275390625 0.000684356689453125 3.204345703125e-05 9.613037109375001e-05
9 0.000884246826171875 0.0009246826171875 4.4250488281250005e-05 0.00019226074218750002
9 0.000891876220703125 0.00089569091796875 2.288818359375e-05 0.0001739501953125
9 0.0009216308593750001 0.0008331298828125 3.35693359375e-05 0.00010986328125
9 0.000928497314453125 0.0008911132812500001 3.204345703125e-05 0.0001800537109375
9 0.00115814208984375 0.000853729248046875 6.40869140625e-05 0.00013580322265625
8 0.001551055908203125 0.0012947082519531251 0.00040130615234375 0.0007156372070312501
9 0.001216888427734375 0.0007598876953125001 5.0354003906250004e-05 0.00010375976562500001