12 8.087158203125001e-05 0.00062713623046875 4.2724609375000004e-05 0.000128173828125
9 0.000264739990234375 0.000937652587890625 9.613037109375001e-05 0.00018157958984375
9 0.000263214111328125 0.0009292602539062501 2.8991699218750002e-05 0.00019226074218750002
9 0.000344085693359375 0.00121917724609375 5.9509277343750005e-05 0.0006439208984375
8 0.00036087036132812503 0.000853729248046875 2.288818359375e-05 7.781982421875001e-05
9 0.00046005249023437503 0.001165771484375 0.00010833740234375001 0.0005279541015625
9 0.00044479370117187503 0.0011230468750000001 9.002685546875e-05 0.00047912597656250003
9 0.00046005249023437503 0.0012634277343750002 9.613037109375001e-05 0.00067138671875
8 0.000516510009765625 0.00083160400390625 6.256103515625001e-05 9.1552734375e-05
9 0.000667572021484375 0.0012290954589843752 0.00017547607421875 0.00066680908203125
9 0.000630950927734375 0.00121612548828125 0.00011138916015625001 0.0006378173828125001
8 0.0010887145996093751 0.00091705322265625 0.00036163330078125004 0.00021667480468750002
9 0.00089263916015625 0.0012214660644531252 0.00010375976562500001 0.0006301879882812501
12 0.000884246826171875 0.0006072998046875001 4.4250488281250005e-05 0.000128173828125
9 0.001059722900390625 0.0012290954589843752 0.00010833740234375001 0.00068817138671875