8 0.00015136718750000003 0.0008776041666666668 0.00015136718750000003 0.0001666666666666667
9 0.00031575520833333336 0.0008359375000000001 4.3945312500000005e-05 0.00011979166666666669
9 0.00031901041666666666 0.0008072916666666668 2.9296875e-05 0.00010677083333333335
12 0.0004654947916666667 0.0006484375000000001 3.906250000000001e-05 0.00011718750000000002
12 0.00045898437500000003 0.0006276041666666667 3.255208333333333e-05 8.072916666666668e-05
9 0.0007307942708333334 0.0008203125000000001 5.533854166666667e-05 0.0001328125
9 0.0008072916666666668 0.0007968750000000001 2.7669270833333335e-05 8.333333333333334e-05
9 0.0008138020833333335 0.0008072916666666668 3.4179687499999996e-05 9.114583333333334e-05
8 0.0008479817708333334 0.0008046875000000001 2.7669270833333335e-05 8.854166666666667e-05
8 0.0008935546875 0.0008020833333333334 4.720052083333334e-05 7.812500000000002e-05
12 0.0009033203125 0.0006250000000000001 2.604166666666667e-05 0.00010677083333333335
9 0.0010530598958333334 0.0007864583333333333 3.580729166666667e-05 0.00011458333333333334
9 0.0013704427083333333 0.0008333333333333334 7.812500000000002e-05 0.00020052083333333337
9 0.0013639322916666667 0.0007942708333333335 5.533854166666667e-05 0.00015364583333333335