8 0.00027587890625000003 0.0009296875 0.00012613932291666668 0.00013671875
8 0.0015348307291666668 0.0008750000000000001 0.00015869140625 0.00010286458333333335
8 6.673177083333334e-05 0.0008854166666666667 6.34765625e-05 7.552083333333335e-05
8 7.161458333333335e-05 0.0008750000000000001 6.184895833333334e-05 5.208333333333334e-05
8 0.00017740885416666667 0.0008697916666666668 6.998697916666667e-05 9.635416666666668e-05
8 0.00017089843750000002 0.0008619791666666668 5.0455729166666666e-05 6.510416666666668e-05
8 0.00023274739583333334 0.0008489583333333334 4.8828125e-05 6.25e-05
8 0.0005126953125 0.0008697916666666667 5.859375e-05 9.895833333333334e-05
14 0.0006054687500000001 0.0008880208333333334 0.00010904947916666668 0.00018229166666666667
8 0.0011865234374999999 0.0008776041666666668 0.0001611328125 0.00010937500000000002
8 0.0011897786458333333 0.0008750000000000001 0.0001611328125 0.00011197916666666668
8 0.0012939453125 0.0008697916666666668 0.00011881510416666666 0.00010677083333333335
8 0.0013037109375 0.0008723958333333334 0.00011393229166666668 0.00010416666666666667