12 9.8419189453125e-05 0.0007293701171875001 3.204345703125e-05 8.544921875000001e-05
7 0.00014419555664062502 0.00090179443359375 6.561279296875e-05 0.0001068115234375
7 0.000130462646484375 0.0008987426757812501 2.5939941406250003e-05 0.00010375976562500001
9 0.000145721435546875 0.0009033203125 3.814697265625e-05 0.00012512207031250002
7 0.00013656616210937502 0.00089263916015625 1.678466796875e-05 0.0001068115234375
9 0.00014801025390625002 0.0009010314941406251 2.44140625e-05 0.00011749267578125
8 0.00033721923828125 0.0008781433105468751 0.0001373291015625 0.00011444091796875
14 0.000335693359375 0.0008796691894531251 0.000128173828125 0.00012969970703125
14 0.00041656494140625 0.0008438110351562501 8.850097656250001e-05 8.850097656250001e-05
8 0.00043182373046875 0.0008514404296875001 9.765625e-05 9.1552734375e-05
8 0.000431060791015625 0.000868988037109375 9.002685546875e-05 7.476806640625e-05
9 0.00046463012695312504 0.000859832763671875 3.814697265625e-05 0.00011444091796875
14 0.00059051513671875 0.0008666992187500001 0.00015563964843750002 0.0002288818359375
8 0.000630950927734375 0.0008361816406250001 3.814697265625e-05 5.1879882812500005e-05
8 0.000698089599609375 0.0008361816406250001 5.0354003906250004e-05 5.4931640625e-05
12 0.0007156372070312501 0.00054931640625 3.0517578125e-05 8.850097656250001e-05
8 0.0007484436035156251 0.0008338928222656251 4.4250488281250005e-05 6.256103515625001e-05
12 0.000827789306640625 0.00055999755859375 3.5095214843750004e-05 0.00010375976562500001
8 0.00088653564453125 0.00084686279296875 7.62939453125e-05 0.00010375976562500001
8 0.001023101806640625 0.00081787109375 8.087158203125001e-05 5.7983398437500004e-05
12 0.0010406494140625 0.000690460205078125 3.35693359375e-05 0.00010223388671875