8 0.00019073486328125 0.000896453857421875 0.00011596679687500001 8.392333984375e-05
8 0.00025787353515625003 0.0009063720703125001 0.000152587890625 0.00014038085937500002
8 0.000247955322265625 0.0009086608886718751 0.00013580322265625 0.00014801025390625002
8 0.00028228759765625 0.00090789794921875 5.4931640625e-05 0.0001373291015625
8 0.00055694580078125 0.0008857727050781251 7.62939453125e-05 9.307861328125001e-05
8 0.0005462646484375001 0.0008857727050781251 6.40869140625e-05 8.392333984375e-05
8 0.0005996704101562501 0.000859832763671875 4.8828125e-05 6.256103515625001e-05
12 0.000604248046875 0.0007026672363281251 1.52587890625e-05 4.730224609375e-05
8 0.0007499694824218751 0.0009483337402343751 0.00012359619140625 0.00018463134765625002
11 0.000682830810546875 0.0006874084472656251 1.678466796875e-05 4.4250488281250005e-05
11 0.0007461547851562501 0.000698089599609375 1.52587890625e-05 4.730224609375e-05