9 0.0014778645833333334 0.0012591145833333334 0.00013997395833333334 0.0006484375000000001
9 5.371093750000001e-05 0.0009114583333333335 2.7669270833333335e-05 0.00011197916666666668
9 6.998697916666667e-05 0.0009114583333333335 2.604166666666667e-05 0.00011197916666666668
9 8.30078125e-05 0.0009088541666666668 1.6276041666666666e-05 0.00010416666666666667
12 9.928385416666667e-05 0.0007213541666666668 2.9296875e-05 7.812500000000002e-05
7 0.00014973958333333332 0.0009036458333333334 7.486979166666666e-05 0.000125
9 0.00014485677083333334 0.0009036458333333334 3.743489583333333e-05 0.000125
7 0.00013671874999999999 0.0008932291666666668 1.6276041666666666e-05 0.00010677083333333335
9 0.00014811197916666667 0.0009036458333333334 2.604166666666667e-05 0.000125
9 0.00017089843750000002 0.0009010416666666667 2.2786458333333334e-05 0.00011979166666666669
7 0.0002001953125 0.0008932291666666668 4.8828125e-05 0.00011197916666666668
9 0.00019694010416666666 0.0008749999999999999 2.7669270833333335e-05 9.895833333333334e-05
8 0.00033691406250000003 0.0008776041666666667 0.00013671874999999999 0.00011458333333333334
14 0.0003352864583333333 0.0008802083333333334 0.00012858072916666668 0.00013020833333333336
14 0.00041829427083333334 0.0008437500000000001 8.789062500000001e-05 8.854166666666667e-05
8 0.00043131510416666665 0.0008515625000000001 9.765625e-05 9.114583333333334e-05
8 0.0004313151041666667 0.0008697916666666668 8.951822916666667e-05 7.552083333333335e-05
9 0.00046386718750000003 0.0008593750000000001 3.743489583333333e-05 0.00011458333333333334
14 0.0005908203125 0.0008671875000000001 0.00015625000000000003 0.0002291666666666667
8 0.000654296875 0.0008281250000000003 4.8828125e-05 5.208333333333334e-05
12 0.0007161458333333334 0.0005442708333333335 3.092447916666667e-05 8.593750000000001e-05
9 0.0010123697916666668 0.0012890625000000003 0.00026692708333333337 0.0006796875000000002
9 0.0009814453125000001 0.0012838541666666669 0.0002311197916666667 0.0006640625000000002
8 0.0008284505208333335 0.0008281250000000001 5.859375e-05 5.9895833333333344e-05
8 0.0008235677083333334 0.0008333333333333335 5.0455729166666666e-05 6.770833333333334e-05
12 0.0008284505208333335 0.0005598958333333335 3.4179687499999996e-05 0.00010677083333333335
8 0.0011881510416666668 0.0008723958333333334 0.00025390625 0.0001510416666666667
12 0.0010416666666666667 0.0006875000000000002 3.255208333333333e-05 9.895833333333334e-05