8 0.00024658203125 0.0010052083333333334 0.00024576822916666665 0.000265625
9 0.00012044270833333335 0.0010546875 0.00011393229166666668 0.0003567708333333334
8 0.0003352864583333334 0.0009192708333333335 8.789062500000001e-05 0.00011458333333333334
8 0.000390625 0.0009218750000000002 7.975260416666667e-05 0.00010937500000000002
8 0.0003662109375 0.0009088541666666669 3.255208333333333e-05 7.812500000000002e-05
8 0.00083984375 0.0008984374999999999 4.8828125e-05 8.593750000000001e-05
8 0.0008300781250000001 0.0009010416666666667 3.580729166666667e-05 7.031250000000001e-05
8 0.0008577473958333334 0.0009166666666666668 3.255208333333333e-05 0.00010677083333333335
8 0.0009033203125 0.0009244791666666668 6.835937499999999e-05 0.00010677083333333335
8 0.0009228515625 0.0009166666666666668 8.138020833333334e-05 9.895833333333334e-05
8 0.0010416666666666667 0.0009479166666666668 0.00013346354166666669 0.00014062500000000002
8 0.0011832682291666667 0.0009583333333333335 0.0001416015625 0.0001328125
8 0.0013216145833333335 0.0009661458333333335 0.00013509114583333334 0.0001328125
8 0.0014794921875 0.0009765625000000002 0.0001416015625 0.00014062500000000002
8 0.0015608723958333336 0.000984375 9.602864583333333e-05 0.00014583333333333335