12 0.000513458251953125 0.000662994384765625 2.8991699218750002e-05 7.476806640625e-05
12 0.000507354736328125 0.00063323974609375 2.288818359375e-05 3.6621093750000005e-05
8 0.000601959228515625 0.0007843017578125001 3.814697265625e-05 5.7983398437500004e-05
8 0.0007171630859375 0.0007766723632812501 5.7983398437500004e-05 5.7983398437500004e-05
12 0.00074005126953125 0.000543975830078125 3.0517578125e-05 7.476806640625e-05
12 0.0007408142089843751 0.000513458251953125 2.288818359375e-05 4.730224609375e-05
8 0.000769805908203125 0.000774383544921875 4.730224609375e-05 4.730224609375e-05
8 0.0009101867675781251 0.00078125 0.00012664794921875 0.00012512207031250002
12 0.000888824462890625 0.000624847412109375 2.288818359375e-05 4.119873046875e-05
12 0.00089263916015625 0.0006454467773437501 2.44140625e-05 7.019042968750001e-05
12 0.000992584228515625 0.000524139404296875 2.8991699218750002e-05 6.256103515625001e-05
8 0.00121917724609375 0.0007713317871093751 9.46044921875e-05 9.918212890625e-05