9 0.001120758056640625 0.0009315490722656251 5.645751953125e-05 0.00017242431640625
9 0.0015312194824218751 0.0010047912597656251 0.00011749267578125 0.00025787353515625003
9 0.0013900756835937501 0.00091552734375 6.7138671875e-05 0.0001953125
9 9.689331054687501e-05 0.000911712646484375 3.5095214843750004e-05 0.00013580322265625
9 0.00016708374023437502 0.0008934020996093751 2.288818359375e-05 9.918212890625e-05
9 0.00019760131835937502 0.000896453857421875 2.5939941406250003e-05 0.00010223388671875
9 0.0002197265625 0.000885009765625 2.44140625e-05 8.850097656250001e-05
9 0.000262451171875 0.00088043212890625 3.0517578125e-05 8.544921875000001e-05
9 0.0002899169921875 0.000867462158203125 2.44140625e-05 7.476806640625e-05
8 0.000484466552734375 0.000897979736328125 0.00018463134765625002 0.00013275146484375002
8 0.00048675537109375003 0.0008872985839843751 0.00018615722656250002 0.00012969970703125
9 0.00048980712890625 0.0008987426757812501 2.74658203125e-05 0.00014038085937500002
8 0.0006568908691406251 0.000968170166015625 0.00017242431640625 0.00020294189453125
9 0.000655364990234375 0.000872802734375 3.204345703125e-05 0.00012512207031250002
9 0.0006561279296875 0.00088043212890625 2.74658203125e-05 0.0001373291015625
8 0.000905609130859375 0.0008491516113281251 0.00020599365234375 0.00010223388671875
12 0.000730133056640625 0.00068206787109375 2.288818359375e-05 7.324218750000001e-05