12 0.00018391927083333335 0.0006171875000000001 3.580729166666667e-05 0.00010156250000000001
12 0.00018229166666666665 0.0006093750000000001 2.9296875e-05 8.593750000000001e-05
7 0.00037923177083333336 0.0007864583333333335 3.906250000000001e-05 0.000125
8 0.0007145182291666667 0.0008932291666666668 0.00032877604166666667 0.00021614583333333335
8 0.0004850260416666667 0.0007656250000000001 7.975260416666667e-05 9.635416666666668e-05
12 0.0007063802083333333 0.00044010416666666677 2.2786458333333334e-05 8.593750000000001e-05
12 0.0007080078125 0.0004348958333333334 1.9531250000000004e-05 6.770833333333334e-05
12 0.0008382161458333334 0.0004609375000000001 2.9296875e-05 8.593750000000001e-05
12 0.0008333333333333334 0.0004531250000000001 2.2786458333333334e-05 7.552083333333335e-05
12 0.0009684244791666667 0.00047395833333333345 3.255208333333333e-05 8.593750000000001e-05
12 0.0009635416666666666 0.0004479166666666667 2.604166666666667e-05 5.9895833333333344e-05
12 0.0011979166666666668 0.0006119791666666668 2.2786458333333334e-05 7.031250000000001e-05
12 0.0012027994791666667 0.0006145833333333334 2.44140625e-05 7.812500000000002e-05
8 0.0014876302083333334 0.0007447916666666668 0.00010416666666666667 7.031250000000001e-05
8 0.0015543619791666668 0.0008255208333333334 0.00015950520833333333 0.0001510416666666667
8 0.0015592447916666667 0.0008151041666666668 0.00015136718750000003 0.00012239583333333335
8 0.0015022786458333333 0.0007343750000000001 8.789062500000001e-05 8.593750000000001e-05