8 0.000234375 0.0009166666666666668 0.00012532552083333333 0.00017708333333333335
8 0.0002360026041666667 0.0009036458333333334 0.0001220703125 0.00015625000000000003
8 0.00036132812500000005 0.0008697916666666667 0.00014648437500000002 0.00012760416666666668
8 0.00036132812500000005 0.0008828125000000001 0.00014485677083333334 0.00014843750000000002
8 0.00045572916666666673 0.0008697916666666667 0.00011555989583333335 0.00016406250000000004
8 0.00045410156249999997 0.0008359375000000001 0.00010742187500000001 0.00010937500000000002
8 0.0004947916666666667 0.0008359375000000001 5.533854166666667e-05 9.635416666666668e-05
8 0.0004931640625000001 0.0008411458333333334 5.371093750000001e-05 9.114583333333334e-05
8 0.0004980468750000001 0.0008307291666666668 5.696614583333334e-05 9.375000000000002e-05
8 0.0005989583333333333 0.0008046875000000001 4.8828125e-05 6.510416666666668e-05
8 0.0009016927083333333 0.0008229166666666668 7.486979166666666e-05 0.00011458333333333334
8 0.0009537760416666666 0.0008437500000000001 8.789062500000001e-05 0.0001328125
8 0.0010563151041666668 0.0008567708333333334 0.000126953125 0.00012760416666666668
8 0.0015511067708333334 0.0010260416666666669 0.0003352864583333333 0.00033072916666666667