14 7.649739583333334e-05 0.0009453125 7.649739583333334e-05 0.00038020833333333336
14 0.00023925781250000002 0.0009270833333333335 0.00016927083333333334 0.00031770833333333336
8 0.0003173828125 0.0009609375 0.00014648437500000002 0.0001744791666666667
14 0.000419921875 0.0008984374999999999 0.00017089843750000002 0.00021875000000000003
8 0.00042317708333333335 0.0009140625000000002 0.00012369791666666668 0.0002447916666666667
8 0.0006868489583333334 0.001151041666666667 0.00032877604166666667 0.00042968750000000006
14 0.0007194010416666667 0.0009479166666666668 0.00019205729166666666 0.00030468750000000005
8 0.000732421875 0.000986979166666667 0.00010253906250000001 0.0003697916666666667
8 0.0008056640625000001 0.0008776041666666668 5.533854166666667e-05 0.000125
8 0.0009261067708333333 0.0009140624999999999 0.0001220703125 0.00020312500000000002
8 0.0008691406250000001 0.0009010416666666669 6.0221354166666675e-05 0.00018489583333333335
8 0.0010677083333333335 0.0009635416666666668 0.00020833333333333335 0.0002447916666666667
14 0.0012076822916666666 0.0008932291666666668 0.000185546875 0.0002942708333333334
8 0.0011865234374999999 0.0008593750000000001 0.00013671874999999999 0.00023177083333333337