8 0.00025227864583333336 0.0010208333333333334 0.00025227864583333336 0.0002942708333333334
9 5.371093750000001e-05 0.0008750000000000001 3.4179687499999996e-05 0.00010677083333333335
8 0.000380859375 0.0009375000000000002 0.00016927083333333334 0.0001953125
8 0.0005029296875 0.0008671875000000001 0.0001383463541666667 0.00010156250000000001
8 0.0004964192708333333 0.0008593750000000001 0.00012858072916666668 8.854166666666667e-05
8 0.0005436197916666666 0.0008593750000000001 6.835937499999999e-05 9.114583333333334e-05
8 0.0005354817708333333 0.0008489583333333334 5.696614583333334e-05 6.25e-05
8 0.0005745442708333334 0.0008489583333333335 9.114583333333334e-05 9.375000000000002e-05
8 0.0005615234375000001 0.0008177083333333335 5.533854166666667e-05 6.25e-05
8 0.0006103515625 0.0008359375000000001 4.720052083333334e-05 6.25e-05
8 0.0006982421875 0.0008489583333333335 8.626302083333333e-05 0.00011197916666666668
8 0.0006835937500000001 0.0008385416666666667 6.510416666666667e-05 8.593750000000001e-05
8 0.0008056640625000001 0.0008671874999999999 0.000126953125 0.00011458333333333334
8 0.0008593750000000001 0.0008515624999999999 4.720052083333334e-05 8.333333333333334e-05
8 0.0011735026041666667 0.0009348958333333335 0.00029622395833333334 0.0002578125
8 0.0011669921875 0.0009244791666666669 0.0002718098958333333 0.00023437500000000005
8 0.0013199869791666668 0.0009817708333333334 0.00037109375 0.0002682291666666667