8 0.00016764322916666666 0.0008802083333333334 6.0221354166666675e-05 8.333333333333334e-05
8 0.0003385416666666667 0.0008489583333333334 7.161458333333333e-05 8.333333333333334e-05
12 0.00030924479166666665 0.0005989583333333334 2.9296875e-05 8.593750000000001e-05
8 0.0004280598958333333 0.0008463541666666668 6.184895833333334e-05 7.812500000000002e-05
11 0.0004280598958333333 0.0005963541666666668 2.7669270833333335e-05 7.812500000000002e-05
8 0.00048665364583333335 0.0008541666666666667 6.0221354166666675e-05 0.00010156250000000001
8 0.0007177734375000001 0.0009635416666666668 0.00018229166666666667 0.0002864583333333334
11 0.0005924479166666668 0.0007265625000000001 2.604166666666667e-05 7.552083333333335e-05
8 0.0008528645833333333 0.0008802083333333334 0.00015787760416666668 0.0001510416666666667
8 0.0010319010416666666 0.0009427083333333335 0.00020670572916666667 0.00015364583333333335
8 0.0010107421875 0.0007890625 0.00013020833333333333 7.291666666666667e-05
10 0.000986328125 0.0006171875000000001 4.069010416666667e-05 0.0001328125
8 0.0014388020833333334 0.0010729166666666667 0.00043294270833333336 0.00032552083333333337
9 0.0010677083333333335 0.0008359375000000001 4.069010416666667e-05 0.00011458333333333334