8 0.000166015625 0.0008437500000000001 0.00013346354166666669 0.00014583333333333335
8 0.00013509114583333334 0.0008463541666666668 8.463541666666667e-05 7.812500000000002e-05
8 0.000185546875 0.0008359375000000003 7.812500000000002e-05 6.770833333333334e-05
8 0.00038899739583333337 0.0009192708333333335 0.0002311197916666667 0.00022135416666666668
12 0.00040690104166666674 0.0005911458333333335 3.580729166666667e-05 0.00010156250000000001
10 0.0004117838541666667 0.0005625000000000001 2.9296875e-05 7.812500000000002e-05
8 0.0011018880208333334 0.0014088541666666668 0.0006754557291666668 0.0007838541666666667
10 0.0004931640625 0.0005911458333333334 3.092447916666667e-05 9.375000000000002e-05
8 0.0005745442708333334 0.0008593750000000001 0.00011230468749999999 0.00020312500000000002
8 0.0005908203125 0.0008463541666666668 0.00011067708333333334 0.0001510416666666667
11 0.0006152343750000001 0.0005885416666666667 2.9296875e-05 8.854166666666667e-05
10 0.000625 0.0005572916666666668 2.7669270833333335e-05 7.291666666666667e-05
11 0.0007210286458333333 0.0006093750000000001 5.208333333333334e-05 0.00011718750000000002
12 0.0007112630208333334 0.0005703125000000001 2.7669270833333335e-05 7.552083333333335e-05
11 0.0009033203125 0.0006953125000000002 2.7669270833333335e-05 9.375000000000002e-05
11 0.0009082031250000002 0.0006692708333333335 2.7669270833333335e-05 7.031250000000001e-05
8 0.0013623046875000002 0.0008359375000000001 0.00015625000000000003 0.0001510416666666667
8 0.0014973958333333334 0.0007864583333333335 0.00010742187500000001 9.375000000000002e-05
8 0.0015445963541666668 0.0007994791666666668 0.0001318359375 0.00011718750000000002