9 0.0009468078613281251 0.0008666992187500001 2.288818359375e-05 0.00013427734375
9 9.689331054687501e-05 0.00091705322265625 3.204345703125e-05 0.000128173828125
9 0.000116729736328125 0.000896453857421875 3.204345703125e-05 0.00011749267578125
9 0.00013580322265625 0.0008666992187500001 2.44140625e-05 8.544921875000001e-05
8 0.00032501220703125 0.0008949279785156251 0.0001739501953125 0.00011138916015625001
8 0.000713348388671875 0.0012664794921875 0.00043792724609375004 0.0005340576171875
11 0.00041885375976562504 0.00070343017578125 3.5095214843750004e-05 8.850097656250001e-05
8 0.00078582763671875 0.00096893310546875 0.0001312255859375 0.0002685546875
8 0.0008399963378906251 0.000846099853515625 9.307861328125001e-05 9.613037109375001e-05
11 0.0008110046386718751 0.000684356689453125 3.204345703125e-05 9.613037109375001e-05
9 0.00087127685546875 0.000904083251953125 3.96728515625e-05 0.00016632080078125
9 0.000881195068359375 0.000888824462890625 2.288818359375e-05 0.00016937255859375002
9 0.00091705322265625 0.0008331298828125 3.35693359375e-05 0.00010986328125
9 0.0009178161621093751 0.0008911132812500001 3.204345703125e-05 0.0001800537109375
9 0.000988006591796875 0.0008071899414062501 2.8991699218750002e-05 8.544921875000001e-05
8 0.0015533447265625002 0.00121612548828125 0.00046081542968750004 0.0006378173828125001
9 0.001163482666015625 0.000760650634765625 3.204345703125e-05 9.307861328125001e-05