8 0.00048294067382812503 0.0009086608886718751 0.00015106201171875 0.00017242431640625
8 0.00054779052734375 0.000848388671875 8.23974609375e-05 0.0001068115234375
8 0.000543212890625 0.000844573974609375 7.019042968750001e-05 9.918212890625e-05
8 0.00056610107421875 0.0008224487304687501 1.8310546875000003e-05 5.1879882812500005e-05
8 0.00072021484375 0.0008171081542968751 7.9345703125e-05 5.9509277343750005e-05
8 0.0008110046386718751 0.0008148193359375001 6.866455078125e-05 7.019042968750001e-05
12 0.000798797607421875 0.00057830810546875 2.5939941406250003e-05 5.4931640625e-05
8 0.00088653564453125 0.0008247375488281251 7.9345703125e-05 9.613037109375001e-05
12 0.000907135009765625 0.000606536865234375 2.5939941406250003e-05 6.561279296875e-05
8 0.000920867919921875 0.000820159912109375 3.204345703125e-05 8.392333984375e-05
8 0.000937652587890625 0.000823211669921875 2.288818359375e-05 7.781982421875001e-05
8 0.001003265380859375 0.000846099853515625 6.561279296875e-05 0.00011444091796875
8 0.0009735107421875001 0.0008331298828125 3.35693359375e-05 8.850097656250001e-05
12 0.0009635925292968751 0.000731658935546875 1.678466796875e-05 4.4250488281250005e-05
8 0.001082611083984375 0.0008544921875 0.00012054443359375 0.00012512207031250002
12 0.0010345458984375 0.000708770751953125 2.44140625e-05 6.561279296875e-05
12 0.001071929931640625 0.0006744384765625 2.5939941406250003e-05 5.4931640625e-05
9 0.0014015197753906251 0.000797271728515625 3.204345703125e-05 0.00013580322265625
9 0.0014129638671875001 0.0008148193359375001 3.35693359375e-05 0.0001220703125