8 0.0001495361328125 0.001001739501953125 0.0001495361328125 0.00025482177734375
14 0.0002410888671875 0.0007728576660156251 0.00017089843750000002 0.00014801025390625002
14 0.000258636474609375 0.0007965087890625 0.00016632080078125 0.00014648437500000002
8 0.00023803710937500002 0.00095367431640625 0.0001068115234375 0.0001800537109375
8 0.00043792724609375004 0.00087738037109375 9.46044921875e-05 0.00010375976562500001
8 0.00043792724609375004 0.000885009765625 7.9345703125e-05 0.00010375976562500001
14 0.0005035400390625 0.000853729248046875 0.0001129150390625 0.00012969970703125
8 0.000498199462890625 0.000861358642578125 7.171630859375e-05 0.00014801025390625002
8 0.0005386352539062501 0.000838470458984375 4.8828125e-05 7.781982421875001e-05
8 0.0006805419921875 0.0009162902832031251 0.00014648437500000002 0.00018157958984375
8 0.000690460205078125 0.0008590698242187501 9.307861328125001e-05 0.00015869140625
8 0.00069427490234375 0.000853729248046875 4.8828125e-05 0.00015106201171875
8 0.00077056884765625 0.000846099853515625 6.40869140625e-05 7.781982421875001e-05
8 0.000875091552734375 0.0008819580078125001 0.00011138916015625001 0.00014038085937500002
8 0.000865936279296875 0.0008796691894531251 0.00010223388671875 0.00013275146484375002
8 0.001558685302734375 0.0014083862304687502 0.0005691528320312501 0.000811767578125
8 0.001558685302734375 0.0012863159179687502 0.0005386352539062501 0.0006256103515625