8 0.0015616861979166666 0.001078125 0.00015380859375 0.00037890625000000007
8 0.00023030598958333334 0.0009765625 0.00022949218750000001 0.0002421875
14 0.0002945963541666667 0.0008098958333333334 0.000126953125 8.593750000000001e-05
8 0.00029947916666666664 0.0009244791666666669 0.00010904947916666668 0.00014062500000000002
8 0.0004964192708333333 0.0009244791666666668 0.00015299479166666668 0.0001510416666666667
8 0.0006949869791666668 0.0009635416666666668 0.000185546875 0.0002447916666666667
10 0.0005436197916666666 0.0005911458333333334 2.2786458333333334e-05 5.729166666666667e-05
12 0.0006640625 0.0005859375000000001 2.1158854166666667e-05 5.9895833333333344e-05
12 0.00076171875 0.0005859375000000001 1.9531250000000004e-05 6.25e-05
8 0.0010091145833333332 0.000921875 0.00014811197916666667 0.00016145833333333336
12 0.0010026041666666668 0.0007109375000000001 2.7669270833333335e-05 7.291666666666667e-05
12 0.0009977213541666667 0.0006979166666666668 1.7903645833333333e-05 5.468750000000001e-05
8 0.0014143880208333335 0.0009739583333333335 0.00031575520833333336 0.0003229166666666667
12 0.0011572265625 0.0005885416666666668 4.069010416666667e-05 0.00010677083333333335