9 0.00024337768554687502 0.00089263916015625 8.087158203125001e-05 0.00012512207031250002
9 0.00022048950195312502 0.0008644104003906251 3.5095214843750004e-05 0.00010223388671875
8 0.000423431396484375 0.000934600830078125 0.00016632080078125 0.00019073486328125
11 0.000354766845703125 0.000689697265625 2.8991699218750002e-05 8.850097656250001e-05
8 0.00077362060546875 0.00110931396484375 0.0003143310546875 0.00035705566406250003
8 0.00053558349609375 0.0008644104003906251 7.62939453125e-05 9.918212890625e-05
8 0.0008331298828125 0.000992584228515625 0.000189208984375 0.00027313232421875003
11 0.0008247375488281251 0.00066375732421875 2.8991699218750002e-05 9.1552734375e-05
9 0.0009086608886718751 0.000827789306640625 2.8991699218750002e-05 9.918212890625e-05
9 0.000942230224609375 0.0009559631347656251 5.645751953125e-05 0.00021820068359375
9 0.0009544372558593751 0.000960540771484375 2.5939941406250003e-05 0.00026092529296875
9 0.00099945068359375 0.000920867919921875 5.1879882812500005e-05 0.00019989013671875002
8 0.001212310791015625 0.0008796691894531251 0.00023040771484375002 0.00016632080078125
9 0.0010848999023437501 0.0009239196777343751 3.0517578125e-05 0.00021820068359375
9 0.0011421203613281251 0.0008644104003906251 5.0354003906250004e-05 0.00015411376953125002
9 0.00113677978515625 0.0008377075195312501 3.96728515625e-05 0.00014038085937500002
9 0.001239013671875 0.0007995605468750001 4.2724609375000004e-05 0.0001220703125
9 0.00124664306640625 0.0008743286132812501 4.8828125e-05 0.00019226074218750002
9 0.001383209228515625 0.0008567810058593751 9.918212890625e-05 0.00014801025390625002