9 4.8828125e-05 0.000922393798828125 4.57763671875e-05 0.00012359619140625
8 0.000249481201171875 0.0009010314941406251 0.00011444091796875 0.00012054443359375
8 0.0007751464843750001 0.0013458251953125 0.000518798828125 0.0006530761718750001
9 0.00029144287109375 0.00090179443359375 3.35693359375e-05 0.000128173828125
9 0.0002899169921875 0.0008934020996093751 2.74658203125e-05 0.00011444091796875
12 0.00045318603515625004 0.000481414794921875 3.0517578125e-05 9.918212890625e-05
12 0.0006240844726562501 0.000502777099609375 3.0517578125e-05 0.00011138916015625001
9 0.0008262634277343751 0.0008644104003906251 3.204345703125e-05 9.918212890625e-05
9 0.0008224487304687501 0.00086517333984375 2.44140625e-05 9.1552734375e-05
9 0.0008399963378906251 0.000859832763671875 2.5939941406250003e-05 9.918212890625e-05
9 0.0008438110351562501 0.0008666992187500001 2.44140625e-05 0.00010986328125
12 0.0008972167968750001 0.0006874084472656251 3.35693359375e-05 9.918212890625e-05
9 0.000986480712890625 0.00086212158203125 3.5095214843750004e-05 0.0001220703125
9 0.00100555419921875 0.000797271728515625 2.74658203125e-05 6.561279296875e-05
7 0.0010498046875 0.00089263916015625 3.96728515625e-05 0.00014038085937500002
8 0.0012031555175781251 0.0009010314941406251 6.561279296875e-05 0.00011444091796875
8 0.0015609741210937502 0.00095367431640625 0.00038757324218750003 0.00021667480468750002