12 0.0002262369791666667 0.0006197916666666667 4.069010416666667e-05 5.729166666666667e-05
12 0.0002278645833333333 0.0006770833333333334 3.580729166666667e-05 0.000125
8 0.00042154947916666664 0.0008515624999999999 4.8828125e-05 8.333333333333334e-05
8 0.00047851562500000005 0.0008645833333333335 4.8828125e-05 6.770833333333334e-05
8 0.0004996744791666666 0.0008567708333333334 4.069010416666667e-05 5.9895833333333344e-05
8 0.0005208333333333333 0.0008567708333333334 4.8828125e-05 5.729166666666667e-05
8 0.0006494140625 0.0008750000000000001 7.486979166666666e-05 7.812500000000002e-05
8 0.0006412760416666667 0.0008593750000000001 6.0221354166666675e-05 5.468750000000001e-05
12 0.0006608072916666667 0.00045572916666666673 3.743489583333333e-05 0.00011458333333333334
12 0.000654296875 0.0004088541666666667 2.7669270833333335e-05 6.510416666666668e-05
8 0.0007275390625 0.0008645833333333334 6.835937499999999e-05 7.031250000000001e-05
12 0.0009375 0.0006093750000000001 3.580729166666667e-05 6.25e-05
12 0.0009407552083333334 0.0006640625000000002 3.580729166666667e-05 0.00011458333333333334