8 0.0006127929687500001 0.0008281250000000001 2.1158854166666667e-05 3.125e-05
8 0.0002685546875 0.0010572916666666669 0.00026692708333333337 0.0002578125
14 0.0002001953125 0.0008385416666666667 0.00018717447916666668 8.593750000000001e-05
12 0.0005924479166666667 0.000390625 5.533854166666667e-05 0.0001328125
8 0.0007047526041666667 0.0008697916666666667 7.486979166666666e-05 9.895833333333334e-05
8 0.0006966145833333334 0.0008671874999999999 5.533854166666667e-05 8.333333333333334e-05
12 0.00095703125 0.0006354166666666668 4.3945312500000005e-05 0.00013802083333333334
9 0.0012158203125 0.0009791666666666668 9.114583333333334e-05 0.00026302083333333337
9 0.0012776692708333333 0.0009062499999999999 4.557291666666667e-05 0.00019010416666666668
9 0.0013346354166666667 0.0010208333333333334 6.184895833333334e-05 0.00031770833333333336
9 0.0014306640625 0.0010052083333333334 7.812500000000002e-05 0.0003151041666666667
10 0.0015592447916666667 0.0002682291666666667 0.00013020833333333333 0.000265625