8 0.00021158854166666667 0.0008619791666666667 6.510416666666667e-05 7.031250000000001e-05
8 0.0002750651041666667 0.0008541666666666668 4.557291666666667e-05 5.9895833333333344e-05
8 0.0003271484375 0.0008515625000000001 4.069010416666667e-05 7.812500000000002e-05
11 0.00030924479166666665 0.0006744791666666668 2.1158854166666667e-05 6.510416666666668e-05
8 0.00037923177083333336 0.0008619791666666668 7.161458333333333e-05 9.635416666666668e-05
11 0.0003662109375 0.0006484375 1.46484375e-05 4.947916666666667e-05
11 0.0003759765625 0.0006432291666666667 1.7903645833333333e-05 4.947916666666667e-05
11 0.00042968749999999995 0.0006562500000000001 1.6276041666666666e-05 4.687500000000001e-05
11 0.00042968749999999995 0.0006614583333333333 1.6276041666666666e-05 4.947916666666667e-05
8 0.0005533854166666667 0.0009062499999999999 0.00013509114583333334 0.0001744791666666667
11 0.0005322265624999999 0.0007369791666666668 1.9531250000000004e-05 4.687500000000001e-05
11 0.0006136067708333334 0.0007031250000000001 2.44140625e-05 6.510416666666668e-05
11 0.0006119791666666667 0.0007083333333333334 1.7903645833333333e-05 5.208333333333334e-05
8 0.0006982421875 0.0008281250000000001 8.626302083333333e-05 7.031250000000001e-05