7 5.6152343749999996e-05 0.0009205729166666668 3.4179687499999996e-05 0.0001354166666666667
7 0.00010335286458333333 0.0009166666666666669 3.580729166666667e-05 0.00013151041666666668
8 0.00040527343750000003 0.0008567708333333334 8.626302083333333e-05 7.291666666666667e-05
8 0.0003857421875 0.0008567708333333334 6.510416666666667e-05 6.770833333333334e-05
8 0.0004541015625000001 0.0008307291666666668 5.696614583333334e-05 4.947916666666667e-05
8 0.00048665364583333335 0.0008437500000000001 4.8828125e-05 5.9895833333333344e-05
8 0.0006233723958333333 0.0008437500000000001 4.3945312500000005e-05 5.729166666666667e-05
14 0.0006429036458333334 0.0008281250000000001 6.0221354166666675e-05 9.114583333333334e-05
8 0.0006982421875000001 0.0008281250000000001 4.557291666666667e-05 6.25e-05
14 0.0007731119791666666 0.0008385416666666668 5.533854166666667e-05 0.000125
8 0.0008268229166666667 0.0008750000000000001 8.626302083333333e-05 0.00010416666666666667
8 0.0011197916666666667 0.0010234375 0.00027832031250000003 0.0003463541666666667
9 0.0010872395833333333 0.0007916666666666668 2.9296875e-05 6.25e-05
9 0.0011018880208333334 0.0007708333333333334 3.4179687499999996e-05 6.25e-05
9 0.0011588541666666668 0.0009062500000000002 3.580729166666667e-05 0.00018750000000000003
9 0.0012093098958333333 0.0009062500000000002 4.2317708333333335e-05 0.00017968750000000002