8 0.000142669677734375 0.0011650085449218751 0.00014190673828125 0.00032806396484375
8 0.00046081542968750004 0.0009582519531250001 0.0001220703125 0.000164794921875
8 0.0005096435546875 0.0009140014648437501 7.62939453125e-05 0.00010375976562500001
8 0.00052032470703125 0.0009086608886718751 7.9345703125e-05 0.00010223388671875
8 0.0005500793457031251 0.0008743286132812501 5.645751953125e-05 8.544921875000001e-05
8 0.000591278076171875 0.0008720397949218751 4.4250488281250005e-05 6.256103515625001e-05
8 0.0006187438964843751 0.000859832763671875 3.204345703125e-05 4.119873046875e-05
8 0.000637054443359375 0.000859832763671875 2.5939941406250003e-05 4.119873046875e-05
8 0.000743865966796875 0.000876617431640625 6.561279296875e-05 9.307861328125001e-05
8 0.0011230468750000001 0.000859832763671875 0.0002197265625 0.00015106201171875
8 0.0014472961425781251 0.0009246826171875 0.00037994384765625003 0.0001983642578125