8 0.0015617370605468751 0.0009368896484375001 0.00020294189453125 0.0002044677734375
7 4.2724609375000004e-05 0.0009185791015625 4.2724609375000004e-05 0.0001220703125
12 0.00011444091796875 0.000731658935546875 4.2724609375000004e-05 9.307861328125001e-05
12 0.00010223388671875 0.0006950378417968751 2.1362304687500002e-05 6.561279296875e-05
9 0.00014419555664062502 0.00089569091796875 3.814697265625e-05 0.00012512207031250002
9 0.000147247314453125 0.0008934020996093751 2.8991699218750002e-05 0.00011749267578125
9 0.0001800537109375 0.0008857727050781251 3.96728515625e-05 0.00011444091796875
8 0.00033416748046875003 0.0008705139160156251 0.0001220703125 0.00011749267578125
8 0.000428009033203125 0.000838470458984375 9.613037109375001e-05 8.392333984375e-05
9 0.000569915771484375 0.0012237548828125 0.00019378662109375002 0.0005828857421875
9 0.00046005249023437503 0.000867462158203125 2.5939941406250003e-05 0.00012054443359375
8 0.000592803955078125 0.00081787109375 0.00015106201171875 0.0001953125
14 0.000586700439453125 0.000846099853515625 0.00014190673828125 0.00021820068359375
9 0.00051422119140625 0.000846099853515625 3.0517578125e-05 0.00012054443359375
9 0.00054779052734375 0.000848388671875 3.0517578125e-05 0.0001220703125
9 0.000555419921875 0.000853729248046875 2.44140625e-05 9.918212890625e-05
9 0.000579833984375 0.00084686279296875 2.74658203125e-05 0.0001068115234375
9 0.00057830810546875 0.00085601806640625 1.8310546875000003e-05 0.00010375976562500001
12 0.000724029541015625 0.000547027587890625 3.204345703125e-05 8.392333984375e-05
12 0.00083465576171875 0.00055999755859375 3.35693359375e-05 0.0001068115234375
8 0.001345062255859375 0.00098419189453125 0.0005386352539062501 0.00026550292968750003
12 0.001043701171875 0.000684356689453125 3.0517578125e-05 9.613037109375001e-05
8 0.00139617919921875 0.000867462158203125 0.000164794921875 0.00012054443359375