8 0.000206756591796875 0.0012557983398437502 0.00020599365234375 0.000567626953125
8 0.00025177001953125 0.00089569091796875 0.00010375976562500001 0.00010986328125
8 0.00031204223632812504 0.0008857727050781251 8.087158203125001e-05 8.087158203125001e-05
8 0.0007720947265625 0.00135650634765625 0.0005126953125 0.0006530761718750001
12 0.00045242309570312503 0.00048980712890625 3.814697265625e-05 0.00010375976562500001
12 0.0006263732910156251 0.000505828857421875 3.814697265625e-05 0.00011749267578125
9 0.00077972412109375 0.000872802734375 3.35693359375e-05 0.0001068115234375
12 0.00090179443359375 0.000705718994140625 4.2724609375000004e-05 0.00011749267578125
9 0.0008949279785156251 0.0008781433105468751 3.204345703125e-05 0.00011444091796875
9 0.0009124755859375001 0.00087738037109375 2.74658203125e-05 0.000128173828125
9 0.000926971435546875 0.00087738037109375 2.8991699218750002e-05 0.000128173828125
9 0.000957489013671875 0.0008834838867187501 3.814697265625e-05 0.0001434326171875
7 0.0010040283203125 0.00089569091796875 5.1879882812500005e-05 0.0001434326171875
7 0.00104827880859375 0.00089263916015625 5.1879882812500005e-05 0.00014038085937500002
9 0.0010894775390625 0.000888824462890625 3.35693359375e-05 0.00013580322265625
9 0.001114654541015625 0.000890350341796875 3.814697265625e-05 0.00013580322265625
9 0.001148223876953125 0.000882720947265625 3.204345703125e-05 0.00013580322265625
9 0.001227569580078125 0.000905609130859375 5.340576171875e-05 0.00018463134765625002
8 0.0015594482421875 0.000876617431640625 0.0001495361328125 0.00012969970703125