8 0.00042724609375 0.0009231770833333334 0.00042643229166666665 0.0002526041666666667
12 0.0001318359375 0.0005937500000000001 3.580729166666667e-05 0.00010156250000000001
8 0.00046875 0.0007656250000000001 7.975260416666667e-05 9.635416666666668e-05
8 0.000537109375 0.0007734375 5.371093750000001e-05 8.854166666666667e-05
8 0.0006298828125 0.0007838541666666667 9.602864583333333e-05 0.00011458333333333334
12 0.0006998697916666668 0.00040625000000000004 2.604166666666667e-05 8.072916666666668e-05
12 0.0008333333333333334 0.00042187500000000005 2.2786458333333334e-05 7.552083333333335e-05
12 0.0009700520833333334 0.00042187500000000005 2.604166666666667e-05 5.9895833333333344e-05
12 0.0012158203125 0.0005963541666666667 2.2786458333333334e-05 7.291666666666667e-05
8 0.001552734375 0.0008411458333333334 0.00027343749999999997 0.00015885416666666668
8 0.0015608723958333334 0.0007343750000000001 7.975260416666667e-05 8.593750000000001e-05