12 0.00026204427083333337 0.000390625 4.2317708333333335e-05 0.00010156250000000001
12 0.00026529947916666667 0.00042968750000000006 4.3945312500000005e-05 0.00013802083333333334
13 0.0005159505208333333 0.00038020833333333336 5.0455729166666666e-05 8.593750000000001e-05
13 0.0005110677083333333 0.0003828125 2.9296875e-05 0.00012239583333333335
8 0.0005729166666666667 0.0009348958333333335 8.951822916666667e-05 0.00010416666666666667
8 0.0006689453125 0.0008932291666666668 4.3945312500000005e-05 6.25e-05
9 0.0008349609375 0.0009296875 2.1158854166666667e-05 0.00011458333333333334
9 0.0008707682291666668 0.0009270833333333335 3.4179687499999996e-05 0.000125
13 0.0009033203125 0.0006484375000000001 4.720052083333334e-05 7.291666666666667e-05
13 0.0008935546875 0.00065625 2.2786458333333334e-05 8.072916666666668e-05
9 0.0009537760416666668 0.0008932291666666667 2.9296875e-05 7.552083333333335e-05