8 0.0003092447916666667 0.0009609375000000002 0.00030110677083333335 0.00024739583333333335
9 5.371093750000001e-05 0.0008750000000000001 3.4179687499999996e-05 0.00010677083333333335
8 0.00040690104166666663 0.0008854166666666667 0.0001220703125 0.00015885416666666668
8 0.0004947916666666667 0.0008333333333333334 0.00011230468749999999 8.854166666666667e-05
8 0.0004947916666666667 0.0008177083333333335 0.00010253906250000001 6.25e-05
8 0.0005273437499999999 0.0008333333333333334 6.835937499999999e-05 9.114583333333334e-05
8 0.00052734375 0.0008177083333333335 5.696614583333334e-05 6.510416666666668e-05
8 0.0005452473958333333 0.0008125000000000001 3.906250000000001e-05 7.031250000000001e-05
8 0.0005924479166666667 0.0008046875000000001 4.557291666666667e-05 6.25e-05
8 0.0006819661458333334 0.0008281250000000001 7.324218750000001e-05 0.00011458333333333334
8 0.000673828125 0.0008125000000000001 5.533854166666667e-05 7.812500000000002e-05
8 0.0007584635416666667 0.0008385416666666668 0.00010253906250000001 0.00010677083333333335
8 0.0008024088541666668 0.0008151041666666668 4.720052083333334e-05 7.552083333333335e-05
8 0.0010384114583333332 0.0008697916666666667 0.0002197265625 0.00019010416666666668
8 0.0010628255208333334 0.0008828125000000001 0.00023925781250000002 0.00020052083333333337
8 0.0011800130208333335 0.0009244791666666668 0.00031087239583333336 0.00021093750000000002