14 0.00019856770833333334 0.0008854166666666668 0.00019856770833333334 0.00018750000000000003
14 0.00011881510416666666 0.0008776041666666668 0.00011881510416666666 0.00017187500000000002
8 0.00025065104166666665 0.0010416666666666669 0.0002001953125 0.0002734375
8 0.0006982421875 0.0012447916666666666 0.000498046875 0.0006432291666666667
10 0.0005094401041666667 0.0005625 3.092447916666667e-05 9.635416666666668e-05
12 0.0006640625 0.0005520833333333334 3.580729166666667e-05 8.333333333333334e-05
12 0.0006624348958333333 0.0005677083333333335 2.604166666666667e-05 8.593750000000001e-05
12 0.0007877604166666666 0.0005651041666666668 3.743489583333333e-05 0.00010156250000000001
12 0.0007828776041666666 0.0005494791666666668 2.604166666666667e-05 7.291666666666667e-05
8 0.0008642578125 0.0008541666666666668 9.27734375e-05 0.00011197916666666668
14 0.000849609375 0.0008333333333333335 5.696614583333334e-05 9.635416666666668e-05
8 0.0009163411458333334 0.0008854166666666668 0.00012044270833333335 0.000125
8 0.0009195963541666667 0.0008932291666666667 0.0001220703125 0.00011979166666666669
8 0.0010237630208333336 0.0009401041666666668 7.161458333333333e-05 0.00018229166666666667
8 0.0015397135416666667 0.0012708333333333335 0.0005859375000000001 0.0005677083333333334
12 0.0010758463541666668 0.0007005208333333334 2.9296875e-05 8.333333333333334e-05
8 0.0015348307291666665 0.0008593750000000001 0.00012532552083333333 9.375000000000002e-05
12 0.0015006510416666668 0.0005286458333333334 8.951822916666667e-05 0.00025520833333333336
9 0.0015218098958333336 0.0008697916666666667 4.069010416666667e-05 0.00010416666666666667