10 0.0003509521484375 0.000598907470703125 3.0517578125e-05 8.392333984375e-05
8 0.00044479370117187503 0.0008331298828125 3.814697265625e-05 4.8828125e-05
8 0.000501251220703125 0.000812530517578125 2.8991699218750002e-05 2.8991699218750002e-05
8 0.00057373046875 0.0008697509765625 8.23974609375e-05 0.00010986328125
8 0.000556182861328125 0.0008514404296875001 5.645751953125e-05 8.850097656250001e-05
10 0.00052642822265625 0.00066680908203125 1.52587890625e-05 5.4931640625e-05
8 0.000583648681640625 0.0008392333984375 2.5939941406250003e-05 7.324218750000001e-05
10 0.0005920410156250001 0.000621795654296875 2.74658203125e-05 6.256103515625001e-05
8 0.0007598876953125001 0.0009368896484375001 0.0001678466796875 0.00019226074218750002
11 0.0006263732910156251 0.0006866455078125 1.373291015625e-05 3.35693359375e-05
11 0.0006721496582031251 0.0007156372070312501 2.288818359375e-05 5.1879882812500005e-05
8 0.000782012939453125 0.0008285522460937501 5.645751953125e-05 8.850097656250001e-05
8 0.0007751464843750001 0.0008377075195312501 3.96728515625e-05 6.7138671875e-05
11 0.0007804870605468751 0.00069580078125 2.8991699218750002e-05 5.7983398437500004e-05
8 0.0009582519531250001 0.0008743286132812501 0.0001068115234375 0.0001068115234375
8 0.00096282958984375 0.000868988037109375 0.00010375976562500001 9.613037109375001e-05
8 0.00093994140625 0.000830841064453125 3.35693359375e-05 6.256103515625001e-05
14 0.00106353759765625 0.0008590698242187501 0.00011901855468750001 0.00016174316406250002
14 0.0010658264160156251 0.0008644104003906251 0.00011749267578125 0.00015106201171875
11 0.0010429382324218751 0.000724029541015625 2.288818359375e-05 4.730224609375e-05
8 0.001540374755859375 0.0009559631347656251 0.00026397705078125 0.00019073486328125
8 0.001548004150390625 0.00096282958984375 0.00026702880859375 0.00019226074218750002