8 0.0015616861979166668 0.0010677083333333335 0.00041748046875000005 0.0005065104166666667
8 0.00037923177083333336 0.0009895833333333334 0.00019368489583333336 0.00025
8 0.00045084635416666667 0.0009244791666666669 9.27734375e-05 0.00016927083333333334
8 0.00044596354166666667 0.0009062500000000002 6.835937499999999e-05 0.00014062500000000002
8 0.0004931640625 0.0008854166666666667 5.533854166666667e-05 0.0001328125
8 0.0005387369791666666 0.0008671875000000001 4.2317708333333335e-05 0.00011979166666666669
8 0.0006038411458333334 0.0008515625000000001 6.998697916666667e-05 9.895833333333334e-05
8 0.0007275390625000001 0.0008177083333333335 3.906250000000001e-05 6.25e-05
8 0.0008935546875 0.0008463541666666667 4.8828125e-05 0.00011718750000000002
8 0.0009700520833333334 0.0008411458333333334 9.928385416666667e-05 0.00012239583333333335
8 0.0011751302083333334 0.0009635416666666668 0.0002099609375 0.0003020833333333334