8 0.00069091796875 0.0007968750000000001 2.6855468750000004e-05 3.5156250000000004e-05
8 0.0003938802083333333 0.0009713541666666668 0.0002766927083333334 0.0002421875
8 0.00044596354166666667 0.0008281250000000003 5.859375e-05 5.208333333333334e-05
8 0.00043782552083333336 0.0008359375000000003 4.8828125e-05 6.770833333333334e-05
12 0.0005159505208333333 0.0007265625000000001 2.9296875e-05 3.6458333333333336e-05
8 0.0005924479166666667 0.0008463541666666667 6.0221354166666675e-05 8.593750000000001e-05
11 0.0006054687500000001 0.0005833333333333334 2.604166666666667e-05 6.510416666666668e-05
11 0.0006038411458333333 0.0005885416666666667 2.2786458333333334e-05 5.729166666666667e-05
8 0.0006461588541666666 0.0008177083333333334 4.8828125e-05 5.729166666666667e-05
11 0.0007096354166666667 0.0005989583333333334 2.1158854166666667e-05 6.510416666666668e-05
11 0.000712890625 0.0006041666666666667 2.2786458333333334e-05 8.072916666666668e-05
11 0.00091796875 0.0007109375000000001 2.604166666666667e-05 8.333333333333334e-05
11 0.0009195963541666669 0.0007109375000000001 2.2786458333333334e-05 5.208333333333334e-05