9 0.000222015380859375 0.0012237548828125 9.307861328125001e-05 0.0005523681640625
9 0.00012664794921875 0.0012718200683593751 0.00012512207031250002 0.0006393432617187501
9 0.00023956298828125002 0.0012329101562500002 7.62939453125e-05 0.0005767822265625001
8 0.000335693359375 0.0009445190429687501 0.00020141601562500002 0.00019226074218750002
8 0.00038833618164062504 0.000974273681640625 0.00015716552734375 0.00020599365234375
8 0.0005126953125 0.00091094970703125 0.00016174316406250002 0.00015563964843750002
8 0.000428009033203125 0.000926971435546875 5.645751953125e-05 0.00015411376953125002
8 0.0004890441894531251 0.0009162902832031251 6.561279296875e-05 0.00012969970703125
14 0.0010314941406250001 0.000852203369140625 0.000360107421875 0.00022430419921875002
14 0.00101776123046875 0.00082550048828125 0.00033874511718750004 0.00017700195312500002
8 0.000846099853515625 0.0009521484375000001 0.00014801025390625002 0.00019226074218750002
8 0.0015579223632812501 0.001323699951171875 0.0005218505859375 0.00132293701171875
14 0.0015609741210937502 0.00133819580078125 0.0005126953125 0.0013366699218750001