9 0.0013336181640625 0.00075531005859375 1.52587890625e-05 6.40869140625e-05
8 0.000443267822265625 0.0008644104003906251 0.00017242431640625 0.00016937255859375002
8 0.00045928955078125 0.000789642333984375 7.62939453125e-05 0.00012054443359375
8 0.0006340026855468751 0.0008071899414062501 5.340576171875e-05 5.4931640625e-05
8 0.0006378173828125001 0.0008132934570312501 5.4931640625e-05 7.324218750000001e-05
11 0.0006568908691406251 0.0005996704101562501 2.5939941406250003e-05 7.324218750000001e-05
11 0.0006622314453125001 0.0006034851074218751 2.74658203125e-05 7.781982421875001e-05
8 0.000782012939453125 0.0007965087890625 4.4250488281250005e-05 6.7138671875e-05
8 0.000782012939453125 0.0007919311523437501 3.814697265625e-05 5.1879882812500005e-05
11 0.0008071899414062501 0.0006149291992187501 3.0517578125e-05 7.019042968750001e-05
11 0.0009552001953125 0.000698089599609375 2.44140625e-05 5.9509277343750005e-05
9 0.00102996826171875 0.0008026123046875 3.35693359375e-05 0.00010986328125
9 0.001029205322265625 0.000820159912109375 2.288818359375e-05 0.00012054443359375
9 0.0013778686523437502 0.0007781982421875 3.0517578125e-05 8.544921875000001e-05
9 0.0013938903808593751 0.000789642333984375 3.814697265625e-05 9.918212890625e-05