8 0.0015616861979166666 0.0012604166666666668 0.0004280598958333333 0.0006510416666666667
8 0.0001774088541666667 0.0008098958333333335 0.00013997395833333334 0.00010416666666666667
12 0.00032552083333333337 0.0006822916666666668 1.9531250000000004e-05 4.687500000000001e-05
12 0.0003271484375 0.0007109375000000001 1.9531250000000004e-05 7.291666666666667e-05
8 0.00043782552083333336 0.0008020833333333335 4.8828125e-05 6.770833333333334e-05
8 0.0005810546875000001 0.0008359375000000001 8.138020833333334e-05 0.00012760416666666668
8 0.0006070963541666667 0.0008046875000000001 0.00010579427083333334 8.333333333333334e-05
12 0.0006152343750000001 0.0005885416666666667 2.9296875e-05 8.072916666666668e-05
12 0.0006201171875 0.0005677083333333334 2.2786458333333334e-05 5.208333333333334e-05
8 0.0007063802083333334 0.0008046875000000001 6.998697916666667e-05 9.114583333333334e-05
11 0.0007210286458333333 0.0005963541666666668 3.092447916666667e-05 6.25e-05
11 0.0007177734375 0.0005963541666666667 2.2786458333333334e-05 4.166666666666667e-05
11 0.0008837890625000001 0.0006953125000000001 2.2786458333333334e-05 3.6458333333333336e-05
11 0.0009065755208333333 0.0007031250000000001 3.580729166666667e-05 8.072916666666668e-05
8 0.0009440104166666668 0.0009010416666666667 5.859375e-05 0.00019010416666666668
8 0.0011409505208333334 0.0009713541666666668 0.00021158854166666667 0.0002604166666666667
8 0.0011442057291666666 0.0009270833333333335 0.00021158854166666667 0.0002057291666666667
11 0.0009749348958333333 0.0006588541666666667 1.9531250000000004e-05 4.166666666666667e-05
11 0.0009814453125000001 0.0006614583333333333 2.2786458333333334e-05 7.291666666666667e-05