9 8.951822916666667e-05 0.000953125 3.580729166666667e-05 0.00019270833333333336
9 0.00013183593749999998 0.0009036458333333334 3.743489583333333e-05 0.00011458333333333334
9 0.00012369791666666668 0.0009010416666666669 2.44140625e-05 0.00011197916666666668
9 0.00015950520833333333 0.0008932291666666667 2.9296875e-05 9.895833333333334e-05
9 0.00018717447916666665 0.0008880208333333334 2.7669270833333335e-05 8.593750000000001e-05
9 0.0002018229166666667 0.0008802083333333334 2.9296875e-05 9.114583333333334e-05
9 0.0002490234375 0.0008645833333333334 2.44140625e-05 7.552083333333335e-05
9 0.00026204427083333337 0.0008828125000000001 1.46484375e-05 0.00010156250000000001
9 0.00027832031250000003 0.0008671875000000001 1.7903645833333333e-05 8.854166666666667e-05
8 0.0004899088541666667 0.0008958333333333334 0.00018391927083333335 0.0001328125
8 0.0004964192708333333 0.0008906249999999999 0.000185546875 0.00013020833333333336
12 0.0003385416666666667 0.0007109375000000002 2.44140625e-05 5.468750000000001e-05
8 0.0006412760416666667 0.0009973958333333334 0.00018391927083333335 0.00022395833333333336
9 0.0004996744791666666 0.0008229166666666668 2.44140625e-05 6.25e-05
9 0.0006966145833333334 0.0009140625000000002 5.696614583333334e-05 0.0001666666666666667
9 0.0006917317708333334 0.0009114583333333335 4.720052083333334e-05 0.00016927083333333334
8 0.000810546875 0.0008697916666666667 0.00013346354166666669 0.00011718750000000002
12 0.0007259114583333334 0.0006770833333333335 2.604166666666667e-05 7.812500000000002e-05
9 0.0008089192708333334 0.0008880208333333335 3.255208333333333e-05 9.635416666666668e-05
9 0.0008675130208333333 0.0008541666666666667 2.9296875e-05 9.895833333333334e-05
9 0.0012923177083333333 0.0009765625 0.00013020833333333333 0.0001979166666666667