8 0.0015617370605468751 0.00126953125 0.00028228759765625 0.0005523681640625
8 0.000154876708984375 0.0009292602539062501 0.00015411376953125002 0.00025634765625
8 0.00035400390625000004 0.0008880615234375 0.000152587890625 0.0001953125
8 0.000336456298828125 0.000861358642578125 0.00011749267578125 0.00013275146484375002
8 0.00040283203125000003 0.0008247375488281251 6.7138671875e-05 0.00011444091796875
8 0.00051116943359375 0.000838470458984375 8.850097656250001e-05 9.613037109375001e-05
8 0.000501251220703125 0.000820159912109375 6.561279296875e-05 6.256103515625001e-05
8 0.000653839111328125 0.0008758544921875001 0.00011444091796875 0.0001800537109375
8 0.000732421875 0.000820159912109375 6.40869140625e-05 9.918212890625e-05
8 0.00079498291015625 0.0008018493652343751 3.35693359375e-05 5.9509277343750005e-05
8 0.0008514404296875001 0.000798797607421875 4.57763671875e-05 6.256103515625001e-05
8 0.0010200500488281251 0.0008880615234375 0.00011444091796875 0.00016174316406250002
8 0.001010894775390625 0.000850677490234375 9.613037109375001e-05 0.00011138916015625001
9 0.001029205322265625 0.000861358642578125 2.5939941406250003e-05 0.00015106201171875
8 0.0011306762695312501 0.000823211669921875 9.765625e-05 0.00013275146484375002
8 0.0012977600097656252 0.00110931396484375 0.00019378662109375002 0.0004425048828125
8 0.0014389038085937502 0.0010498046875 0.000335693359375 0.00033874511718750004