9 0.0010200500488281251 0.0008331298828125 3.814697265625e-05 8.850097656250001e-05
9 8.468627929687501e-05 0.000904083251953125 2.5939941406250003e-05 0.00011444091796875
9 9.918212890625e-05 0.000907135009765625 3.0517578125e-05 0.00012054443359375
12 0.000101470947265625 0.0007179260253906251 2.5939941406250003e-05 7.476806640625e-05
9 0.000145721435546875 0.0009033203125 3.814697265625e-05 0.00012512207031250002
9 0.000133514404296875 0.0008987426757812501 2.288818359375e-05 8.850097656250001e-05
9 0.0001373291015625 0.000907135009765625 1.8310546875000003e-05 0.00012054443359375
9 0.00016021728515625 0.0009063720703125001 2.1362304687500002e-05 0.00010986328125
9 0.00017318725585937502 0.0009033203125 2.288818359375e-05 0.00010986328125
9 0.000217437744140625 0.0008934020996093751 2.5939941406250003e-05 0.00011138916015625001
8 0.00033721923828125 0.0008781433105468751 0.0001373291015625 0.00011444091796875
9 0.00044403076171875 0.0012596130371093752 0.0002410888671875 0.00061187744140625
14 0.000289154052734375 0.000875091552734375 8.087158203125001e-05 0.00013580322265625
9 0.00024871826171875 0.000885009765625 3.35693359375e-05 0.0001220703125
7 0.000289154052734375 0.0009063720703125001 7.476806640625e-05 0.00012512207031250002
8 0.00043182373046875 0.0008514404296875001 9.765625e-05 9.1552734375e-05
8 0.00042724609375 0.0008697509765625 9.1552734375e-05 7.019042968750001e-05
9 0.00046463012695312504 0.000859832763671875 3.814697265625e-05 0.00011444091796875
14 0.0005920410156250001 0.0008628845214843751 0.000152587890625 0.00022430419921875002
12 0.0007179260253906251 0.0005424499511718751 3.204345703125e-05 8.392333984375e-05
8 0.0008605957031250001 0.0008590698242187501 9.765625e-05 9.1552734375e-05
8 0.0008666992187500001 0.000861358642578125 0.00010070800781250001 9.918212890625e-05
12 0.0008300781250000001 0.00055999755859375 3.35693359375e-05 0.0001068115234375
12 0.00104217529296875 0.000684356689453125 3.0517578125e-05 9.613037109375001e-05