8 5.340576171875e-05 0.0008857727050781251 4.57763671875e-05 7.476806640625e-05
12 0.000110626220703125 0.000745391845703125 3.204345703125e-05 6.561279296875e-05
12 0.000110626220703125 0.000768280029296875 2.5939941406250003e-05 7.476806640625e-05
8 0.00019683837890625 0.0008644104003906251 5.1879882812500005e-05 7.476806640625e-05
8 0.000257110595703125 0.0008636474609375 7.171630859375e-05 8.544921875000001e-05
8 0.000298309326171875 0.000852203369140625 4.730224609375e-05 8.087158203125001e-05
8 0.00029296875000000004 0.0008453369140625001 3.35693359375e-05 6.7138671875e-05
8 0.00038070678710937504 0.000846099853515625 7.171630859375e-05 8.392333984375e-05
12 0.000351715087890625 0.00062713623046875 2.8991699218750002e-05 8.544921875000001e-05
8 0.00046539306640625 0.00086212158203125 7.324218750000001e-05 0.00010986328125
8 0.000469970703125 0.00086212158203125 7.62939453125e-05 0.00010375976562500001
11 0.00046234130859375 0.0006149291992187501 2.44140625e-05 7.019042968750001e-05
8 0.0005081176757812501 0.0008491516113281251 4.57763671875e-05 9.613037109375001e-05
8 0.0005828857421875 0.000867462158203125 8.23974609375e-05 0.00013275146484375002
8 0.000560760498046875 0.0008392333984375 5.340576171875e-05 0.00010986328125
8 0.0008895874023437501 0.00112152099609375 0.0003509521484375 0.0005126953125
8 0.000970458984375 0.0008018493652343751 0.00010070800781250001 9.307861328125001e-05
10 0.0009552001953125 0.000661468505859375 5.1879882812500005e-05 9.307861328125001e-05
10 0.0009468078613281251 0.0006721496582031251 4.119873046875e-05 0.00013275146484375002
8 0.0011611938476562501 0.000959014892578125 0.00025024414062500003 0.00020599365234375
9 0.0010467529296875001 0.00077362060546875 4.57763671875e-05 5.1879882812500005e-05
8 0.001558685302734375 0.00127410888671875 0.00015411376953125002 0.00037231445312500003