8 0.0015594482421875 0.0011230468750000001 0.000225830078125 0.00038452148437500004
8 0.000185394287109375 0.000922393798828125 0.00016937255859375002 0.00013580322265625
8 0.00034027099609375 0.0008834838867187501 0.0001220703125 0.00012512207031250002
8 0.0003326416015625 0.0008720397949218751 0.0001068115234375 0.00012054443359375
8 0.000371551513671875 0.000861358642578125 4.730224609375e-05 9.613037109375001e-05
8 0.000432586669921875 0.000848388671875 6.256103515625001e-05 8.544921875000001e-05
8 0.00053558349609375 0.00080413818359375 4.2724609375000004e-05 5.4931640625e-05
8 0.0005920410156250001 0.0007942199707031251 4.2724609375000004e-05 4.119873046875e-05
8 0.0006507873535156251 0.00079498291015625 3.5095214843750004e-05 5.7983398437500004e-05
8 0.0006965637207031251 0.0007942199707031251 3.5095214843750004e-05 4.730224609375e-05
8 0.0007408142089843751 0.0008018493652343751 2.8991699218750002e-05 4.119873046875e-05
8 0.00077972412109375 0.0008071899414062501 4.57763671875e-05 5.1879882812500005e-05