8 0.00020182291666666667 0.0012473958333333336 0.00020182291666666667 0.000515625
14 0.0002294921875 0.0008854166666666667 0.00022623697916666666 0.0002135416666666667
9 0.00019042968750000003 0.0009296875000000002 4.2317708333333335e-05 0.00017187500000000002
8 0.0002848307291666667 0.0009270833333333335 8.463541666666667e-05 0.00010156250000000001
8 0.0007242838541666667 0.0013567708333333335 0.0005159505208333333 0.0006588541666666667
12 0.0005452473958333333 0.00044270833333333337 3.4179687499999996e-05 0.00010677083333333335
12 0.0007438151041666667 0.00048697916666666665 3.4179687499999996e-05 0.00010156250000000001
9 0.0010042317708333333 0.0008906249999999999 2.7669270833333335e-05 0.00013020833333333336
12 0.0010205078125 0.0006692708333333333 3.580729166666667e-05 9.895833333333334e-05
9 0.0010335286458333333 0.0008880208333333334 4.069010416666667e-05 0.00014062500000000002
8 0.0015608723958333334 0.0013984375000000002 0.0003662109375 0.0010442708333333335