9 0.001013946533203125 0.0008270263671875 2.8991699218750002e-05 6.7138671875e-05
9 0.000238800048828125 0.001265716552734375 0.00021514892578125002 0.0006149291992187501
12 0.000101470947265625 0.0007179260253906251 2.5939941406250003e-05 7.476806640625e-05
7 0.00026168823242187503 0.0008987426757812501 8.392333984375e-05 0.000128173828125
8 0.00033721923828125 0.0008781433105468751 0.0001373291015625 0.00011444091796875
9 0.00023345947265625 0.000872802734375 1.8310546875000003e-05 0.00010375976562500001
8 0.00043182373046875 0.0008514404296875001 9.765625e-05 9.1552734375e-05
8 0.00042724609375 0.0008697509765625 9.1552734375e-05 7.019042968750001e-05
9 0.00046463012695312504 0.000859832763671875 3.814697265625e-05 0.00011444091796875
14 0.0005920410156250001 0.0008628845214843751 0.000152587890625 0.00022430419921875002
12 0.0007179260253906251 0.0005424499511718751 3.204345703125e-05 8.392333984375e-05
12 0.0008300781250000001 0.00055999755859375 3.35693359375e-05 0.0001068115234375
8 0.000928497314453125 0.000881195068359375 0.00012664794921875 0.00012054443359375
12 0.00104217529296875 0.000684356689453125 3.0517578125e-05 9.613037109375001e-05