9 0.00011215209960937501 0.000875091552734375 3.204345703125e-05 0.00012664794921875
9 0.00014495849609375 0.0008941650390625 2.74658203125e-05 0.00014648437500000002
9 0.00016174316406250002 0.000876617431640625 2.1362304687500002e-05 0.00012969970703125
14 0.00038757324218750003 0.0009010314941406251 0.0002349853515625 0.00027618408203125
14 0.000545501708984375 0.0008720397949218751 0.00012969970703125 0.00026092529296875
8 0.0006683349609375001 0.0008415222167968751 8.850097656250001e-05 0.00011138916015625001
7 0.0007293701171875001 0.0008628845214843751 4.57763671875e-05 0.00013580322265625
9 0.001071929931640625 0.0008018493652343751 3.204345703125e-05 0.00011444091796875
9 0.001117706298828125 0.000774383544921875 2.8991699218750002e-05 0.00010223388671875
9 0.0011474609375 0.0007789611816406251 3.96728515625e-05 0.00011444091796875
9 0.0012634277343750002 0.0007766723632812501 3.35693359375e-05 0.0001434326171875
8 0.0013580322265625 0.000804901123046875 7.019042968750001e-05 6.561279296875e-05
8 0.0015411376953125 0.000815582275390625 9.46044921875e-05 9.918212890625e-05