8 0.000133514404296875 0.000907135009765625 0.00012664794921875 0.00015411376953125002
8 0.0001678466796875 0.0009216308593750001 0.0001129150390625 0.00014038085937500002
8 0.00033874511718750004 0.000949859619140625 0.0001983642578125 0.00016632080078125
8 0.000324249267578125 0.00084686279296875 5.645751953125e-05 5.7983398437500004e-05
14 0.000490570068359375 0.0008857727050781251 0.00015716552734375 0.00030670166015625
8 0.0006103515625 0.0008377075195312501 5.7983398437500004e-05 5.1879882812500005e-05
12 0.0006736755371093751 0.000553131103515625 2.8991699218750002e-05 0.00010223388671875
12 0.00080108642578125 0.00054931640625 3.96728515625e-05 0.00010375976562500001
12 0.0010284423828125 0.00070343017578125 4.2724609375000004e-05 0.00010986328125
14 0.0015571594238281252 0.00089263916015625 0.00036468505859375003 0.000335693359375
8 0.0015579223632812501 0.001544189453125 0.00017700195312500002 0.0008361816406250001
8 0.0015609741210937502 0.0014358520507812501 0.00017700195312500002 0.000732421875