8 0.00031575520833333336 0.0009088541666666668 0.00025553385416666666 0.00034375000000000003
8 0.00052734375 0.0009791666666666668 0.00029947916666666664 0.0002786458333333334
14 0.0006038411458333333 0.0008072916666666668 0.00010742187500000001 0.0001510416666666667
8 0.0006754557291666667 0.0008229166666666668 6.835937499999999e-05 0.00010416666666666667
8 0.0007210286458333333 0.0008151041666666668 4.8828125e-05 6.770833333333334e-05
8 0.0007958984375000001 0.0008229166666666668 6.184895833333334e-05 7.291666666666667e-05
8 0.0013020833333333335 0.0007864583333333335 7.161458333333333e-05 6.770833333333334e-05
8 0.0013964843750000002 0.0008098958333333335 0.00010091145833333333 0.00010416666666666667
8 0.0014062500000000002 0.0008046875000000001 7.161458333333333e-05 6.510416666666668e-05
8 0.0014615885416666668 0.0008020833333333334 0.0001220703125 7.812500000000002e-05
8 0.0014908854166666666 0.0008046875000000001 7.486979166666666e-05 7.812500000000002e-05