9 0.0001068115234375 0.00093994140625 3.96728515625e-05 0.00015869140625
9 0.00010452270507812501 0.0009239196777343751 3.5095214843750004e-05 0.00014801025390625002
8 0.000251007080078125 0.0009582519531250001 0.00015106201171875 0.000164794921875
8 0.00041046142578125003 0.0009658813476562501 0.0001739501953125 0.0001953125
8 0.000457763671875 0.0009162902832031251 7.019042968750001e-05 0.00017242431640625
8 0.0006187438964843751 0.000815582275390625 6.256103515625001e-05 4.4250488281250005e-05
9 0.00063629150390625 0.0008331298828125 3.0517578125e-05 8.544921875000001e-05
9 0.000653839111328125 0.0008285522460937501 2.288818359375e-05 7.324218750000001e-05
8 0.000701904296875 0.0008331298828125 4.2724609375000004e-05 9.1552734375e-05
8 0.000835418701171875 0.00090179443359375 0.00012359619140625 0.0001800537109375
9 0.0010887145996093751 0.00085601806640625 4.119873046875e-05 0.00017700195312500002
9 0.001139068603515625 0.0008934020996093751 5.340576171875e-05 0.00023651123046875