8 0.00017659505208333335 0.0009765625 0.00017578125000000002 0.00013020833333333336
9 0.0001904296875 0.0009010416666666667 1.7903645833333333e-05 6.770833333333334e-05
9 0.00020833333333333335 0.0009010416666666667 1.46484375e-05 7.031250000000001e-05
9 0.00022786458333333336 0.0009036458333333334 1.7903645833333333e-05 7.291666666666667e-05
8 0.00040527343750000003 0.000953125 0.00010904947916666668 0.00014583333333333335
8 0.0005338541666666666 0.0009453125 9.602864583333333e-05 0.00011458333333333334
10 0.0005826822916666667 0.0004687500000000001 3.4179687499999996e-05 0.00010937500000000002
8 0.0007779947916666667 0.0009583333333333333 0.00017089843750000002 0.00026302083333333337
11 0.000791015625 0.0004765625000000001 3.092447916666667e-05 0.00010677083333333335
11 0.0012093098958333333 0.0006979166666666668 3.092447916666667e-05 6.25e-05
7 0.0012516276041666667 0.0009479166666666668 4.3945312500000005e-05 0.00021875000000000003
7 0.0012483723958333333 0.0009427083333333333 2.7669270833333335e-05 0.0002786458333333334