8 0.000189208984375 0.001055908203125 0.000189208984375 0.0002532958984375
8 0.000275421142578125 0.00098114013671875 0.00012054443359375 0.00017700195312500002
8 0.00026702880859375 0.0009819030761718751 8.850097656250001e-05 0.00015106201171875
8 0.0007446289062500001 0.001255035400390625 0.0005096435546875 0.0006149291992187501
8 0.0007484436035156251 0.001015472412109375 0.00010833740234375001 0.00028839111328125003
8 0.000853729248046875 0.000986480712890625 5.9509277343750005e-05 0.00018157958984375
11 0.0008262634277343751 0.000739288330078125 2.8991699218750002e-05 6.561279296875e-05
8 0.00094146728515625 0.00103302001953125 0.0001068115234375 0.00028076171875000003
8 0.0012260437011718751 0.001137542724609375 0.00034942626953125003 0.00041351318359375
9 0.00120086669921875 0.00081787109375 6.7138671875e-05 0.00014648437500000002
9 0.001177978515625 0.0008018493652343751 4.2724609375000004e-05 0.00011138916015625001