8 0.00011881510416666666 0.0008906250000000001 5.859375e-05 7.552083333333335e-05
12 0.00018880208333333336 0.0007031250000000001 2.1158854166666667e-05 5.729166666666667e-05
8 0.000380859375 0.0009401041666666668 0.00014485677083333334 0.00019270833333333336
11 0.00032552083333333337 0.0007187500000000001 1.9531250000000004e-05 5.729166666666667e-05
11 0.0003352864583333333 0.0007161458333333334 2.9296875e-05 5.208333333333334e-05
8 0.0004622395833333334 0.0008828125000000001 5.208333333333334e-05 7.291666666666667e-05
11 0.00044270833333333337 0.0007786458333333334 2.44140625e-05 6.25e-05
11 0.000439453125 0.0007786458333333334 2.1158854166666667e-05 4.947916666666667e-05
14 0.0005940755208333334 0.0008906250000000001 0.0001383463541666667 0.00026302083333333337
8 0.0006689453125 0.0009635416666666668 0.00014811197916666667 0.00017968750000000002
8 0.0010091145833333332 0.0010286458333333335 0.0002945963541666667 0.00032031250000000007
8 0.0013346354166666667 0.0008645833333333334 0.000126953125 0.0001328125
9 0.0013769531250000001 0.0009244791666666669 7.812500000000002e-05 0.0002786458333333334
9 0.0013736979166666667 0.0009322916666666668 5.371093750000001e-05 0.0002838541666666667