9 3.743489583333333e-05 0.0008880208333333334 2.604166666666667e-05 9.375000000000002e-05
9 7.812500000000002e-05 0.0008932291666666668 2.9296875e-05 0.00010677083333333335
9 7.324218750000001e-05 0.0008880208333333334 2.2786458333333334e-05 0.00011458333333333334
9 8.7890625e-05 0.0009036458333333334 2.604166666666667e-05 0.00013020833333333336
9 0.0001171875 0.0008984375000000001 2.44140625e-05 0.00012239583333333335
8 0.0006494140625 0.0012526041666666668 0.0004606119791666667 0.0005052083333333334
12 0.0002685546875 0.0006588541666666667 2.2786458333333334e-05 5.9895833333333344e-05
8 0.0006868489583333334 0.000921875 0.00010416666666666667 0.00015885416666666668
9 0.00072265625 0.0010234375 7.649739583333334e-05 0.00036458333333333335
9 0.0008056640625000001 0.0010026041666666668 9.928385416666667e-05 0.0003229166666666667
8 0.0010139973958333333 0.0009296875000000002 0.00029947916666666664 0.0001953125
12 0.0008024088541666668 0.0006302083333333333 2.604166666666667e-05 8.854166666666667e-05
9 0.0013883463541666669 0.0009427083333333335 5.533854166666667e-05 0.00024739583333333335
9 0.0013883463541666669 0.0009661458333333335 5.208333333333334e-05 0.0002734375