9 0.000713348388671875 0.00087738037109375 2.288818359375e-05 0.00010070800781250001
7 0.00098724365234375 0.0009025573730468751 6.40869140625e-05 0.00019683837890625
8 0.000301361083984375 0.0008705139160156251 7.476806640625e-05 9.918212890625e-05
8 0.00035552978515625 0.0008491516113281251 5.4931640625e-05 5.9509277343750005e-05
11 0.00038909912109375 0.000632476806640625 3.0517578125e-05 7.781982421875001e-05
14 0.000521087646484375 0.0008880615234375 0.00013885498046875 0.000262451171875
11 0.0005523681640625 0.00072479248046875 2.44140625e-05 5.7983398437500004e-05
8 0.000685882568359375 0.000968170166015625 0.00015411376953125002 0.00018157958984375
9 0.0007499694824218751 0.000882720947265625 2.8991699218750002e-05 0.00013275146484375002
9 0.00084228515625 0.000890350341796875 3.96728515625e-05 0.00015106201171875
7 0.0008819580078125001 0.0009010314941406251 5.4931640625e-05 0.00016632080078125