9 0.00081298828125 0.0008619791666666668 2.6855468750000004e-05 8.203125000000002e-05
9 0.00077880859375 0.0008593750000000001 1.5462239583333335e-05 7.421875000000001e-05
9 0.0007364908854166668 0.0008619791666666667 1.7903645833333333e-05 6.119791666666668e-05
9 0.00072998046875 0.0008580729166666667 1.5462239583333335e-05 7.682291666666668e-05
8 0.00034261067708333333 0.00109375 0.00034179687500000003 0.00035156250000000004
8 0.00038248697916666666 0.0008671875000000001 7.812500000000002e-05 8.072916666666668e-05
8 0.00038736979166666667 0.0008723958333333334 8.138020833333334e-05 8.854166666666667e-05
8 0.00047851562500000005 0.0008619791666666667 7.812500000000002e-05 9.895833333333334e-05
8 0.0004768880208333334 0.0008619791666666667 6.998697916666667e-05 8.593750000000001e-05
9 0.0007112630208333334 0.0008567708333333334 2.604166666666667e-05 9.114583333333334e-05
9 0.0009977213541666667 0.0008932291666666667 3.092447916666667e-05 0.00015885416666666668
9 0.0010400390625000002 0.0008723958333333334 3.580729166666667e-05 0.00014583333333333335
9 0.0010416666666666667 0.0008932291666666667 3.255208333333333e-05 0.0001666666666666667