8 0.00015563964843750002 0.00098724365234375 0.00015563964843750002 0.000299072265625
14 0.00019989013671875002 0.00077362060546875 0.00019226074218750002 0.000299072265625
14 0.000186920166015625 0.00084075927734375 0.00017547607421875 0.00036926269531250004
8 0.00046234130859375 0.000986480712890625 0.00030822753906250004 0.00032501220703125
11 0.00041122436523437504 0.000562286376953125 2.8991699218750002e-05 7.781982421875001e-05
8 0.0010528564453125 0.00139923095703125 0.0006011962890625001 0.0007476806640625
11 0.00049591064453125 0.000566864013671875 3.0517578125e-05 7.781982421875001e-05
12 0.0006256103515625 0.00055694580078125 2.74658203125e-05 7.324218750000001e-05
12 0.000713348388671875 0.000569915771484375 2.8991699218750002e-05 7.476806640625e-05
12 0.00090789794921875 0.0006698608398437501 2.74658203125e-05 7.019042968750001e-05
8 0.001406097412109375 0.000804901123046875 0.00020294189453125 0.00011138916015625001