8 0.000676727294921875 0.001479339599609375 0.0006759643554687501 0.00075836181640625
9 0.000209808349609375 0.0006744384765625 2.288818359375e-05 4.8828125e-05
12 0.000247955322265625 0.0006645202636718751 2.5939941406250003e-05 8.392333984375e-05
8 0.0006202697753906251 0.00085601806640625 4.4250488281250005e-05 5.1879882812500005e-05
8 0.0006187438964843751 0.00086212158203125 3.5095214843750004e-05 7.019042968750001e-05
8 0.000724029541015625 0.0008666992187500001 5.0354003906250004e-05 7.324218750000001e-05
12 0.0008377075195312501 0.00063323974609375 3.0517578125e-05 0.0001068115234375
9 0.000995635986328125 0.000882720947265625 2.5939941406250003e-05 0.00011749267578125
9 0.001026153564453125 0.0008796691894531251 3.204345703125e-05 0.00011749267578125
9 0.001071929931640625 0.000911712646484375 4.119873046875e-05 0.00014801025390625002
9 0.001346588134765625 0.00101318359375 6.866455078125e-05 0.0003753662109375
9 0.001433563232421875 0.0010086059570312501 7.476806640625e-05 0.0003753662109375
9 0.0015594482421875 0.001033782958984375 5.4931640625e-05 0.00034942626953125003