8 9.440104166666668e-05 0.0012213541666666668 9.440104166666668e-05 0.0003619791666666667
11 8.626302083333333e-05 0.0007630208333333334 2.9296875e-05 6.25e-05
11 9.27734375e-05 0.0007786458333333334 3.092447916666667e-05 8.854166666666667e-05
8 0.00045084635416666667 0.001015625 0.00020833333333333335 0.0002682291666666667
8 0.000751953125 0.0010442708333333335 0.00024576822916666665 0.00031770833333333336
11 0.0005973307291666667 0.0005963541666666668 3.092447916666667e-05 0.00011197916666666668
11 0.0005924479166666668 0.0005807291666666668 2.604166666666667e-05 7.812500000000002e-05
11 0.00087890625 0.0007447916666666667 3.4179687499999996e-05 9.895833333333334e-05
9 0.0009847005208333335 0.0009479166666666668 5.208333333333334e-05 0.00020312500000000002
8 0.0015608723958333334 0.0008828125000000001 9.928385416666667e-05 0.00018489583333333335
8 0.0015608723958333334 0.0008984374999999999 9.765625e-05 0.00020312500000000002