8 0.00015106201171875 0.0010658264160156251 0.0001495361328125 0.00029449462890625
8 0.0015617370605468751 0.00142669677734375 0.00031280517578125 0.0008300781250000001
14 0.00054779052734375 0.0009239196777343751 0.00022277832031250002 0.00032501220703125
14 0.000536346435546875 0.0009239196777343751 0.00020904541015625002 0.00030670166015625
8 0.000560760498046875 0.0008720397949218751 4.119873046875e-05 8.392333984375e-05
8 0.000576019287109375 0.000861358642578125 2.8991699218750002e-05 5.9509277343750005e-05
8 0.0006050109863281251 0.0008514404296875001 2.8991699218750002e-05 4.8828125e-05
8 0.0007865905761718751 0.0008857727050781251 1.678466796875e-05 7.781982421875001e-05
8 0.000827789306640625 0.0009033203125 5.0354003906250004e-05 0.0001373291015625
8 0.000876617431640625 0.00090179443359375 7.171630859375e-05 0.0001068115234375
8 0.001006317138671875 0.0009429931640625001 0.00015411376953125002 0.0001434326171875
8 0.001015472412109375 0.0009506225585937501 0.00015716552734375 0.00014038085937500002
8 0.0013336181640625 0.0010887145996093751 0.0003204345703125 0.00032501220703125
8 0.0013206481933593752 0.0011199951171875 0.00030059814453125004 0.0003753662109375