7 0.0014518229166666668 0.0010208333333333334 0.00015055338541666667 0.0004075520833333334
12 0.00016927083333333334 0.0005859375000000001 2.9296875e-05 7.291666666666667e-05
8 0.00025716145833333336 0.0008645833333333334 7.161458333333333e-05 8.333333333333334e-05
8 0.00032063802083333337 0.0008645833333333335 5.696614583333334e-05 6.770833333333334e-05
8 0.000322265625 0.0008567708333333334 5.533854166666667e-05 5.9895833333333344e-05
14 0.0004817708333333334 0.0008906250000000001 0.00013346354166666669 0.0002421875
11 0.00040201822916666673 0.0006171875000000001 2.9296875e-05 7.812500000000002e-05
8 0.0007194010416666668 0.0009817708333333334 0.00017578125000000002 0.00018489583333333335
11 0.0005843098958333334 0.0007317708333333334 3.255208333333333e-05 8.072916666666668e-05
9 0.0007763671875 0.0008932291666666668 2.604166666666667e-05 0.00010937500000000002
9 0.0008186848958333335 0.0008802083333333334 2.7669270833333335e-05 0.00011718750000000002
9 0.0008317057291666666 0.0008958333333333334 3.092447916666667e-05 0.00010937500000000002
8 0.0009456380208333334 0.0008619791666666667 0.00012532552083333333 7.031250000000001e-05
9 0.0009277343750000001 0.0008984374999999999 3.092447916666667e-05 0.00014583333333333335
11 0.0009326171875 0.0006223958333333333 3.092447916666667e-05 0.00011718750000000002
8 0.0011018880208333334 0.0008619791666666668 0.00014485677083333334 9.114583333333334e-05
7 0.0011751302083333334 0.0009583333333333335 7.812500000000002e-05 0.0002604166666666667