8 9.27734375e-05 0.0010572916666666667 9.195963541666668e-05 0.00029687500000000005
8 0.0015616861979166668 0.0011380208333333335 0.00028401692708333333 0.0004283854166666667
9 0.0014168294270833334 0.0012513020833333334 0.00013509114583333334 0.0006210937500000001
8 0.00018391927083333335 0.0010026041666666668 0.0001416015625 0.0001979166666666667
8 0.00022623697916666666 0.0009687500000000002 0.00010904947916666668 0.00017187500000000002
8 0.00029134114583333334 0.0009453125 0.00012369791666666668 0.00016145833333333336
8 0.00037923177083333336 0.0009270833333333335 0.00011393229166666668 0.000125
8 0.0004524739583333334 0.0009140625000000002 0.00015299479166666668 0.0001510416666666667
8 0.0005924479166666667 0.0008906250000000001 8.789062500000001e-05 0.000125
8 0.0007682291666666667 0.0008854166666666668 8.789062500000001e-05 0.00010937500000000002
8 0.0010026041666666666 0.0008880208333333334 0.0001220703125 0.000125
8 0.0010042317708333333 0.0009322916666666668 7.649739583333334e-05 0.0001666666666666667
8 0.0011995442708333335 0.00096875 0.00022460937499999998 0.0002369791666666667
8 0.0012044270833333334 0.0009791666666666668 0.0001806640625 0.0002369791666666667
8 0.0014029947916666668 0.0010651041666666669 0.00031087239583333336 0.0003359375000000001