8 0.00041351318359375 0.0008361816406250001 0.00010375976562500001 7.019042968750001e-05
8 0.000412750244140625 0.0008338928222656251 9.002685546875e-05 5.9509277343750005e-05
8 0.0006744384765625 0.0008697509765625 0.0001129150390625 0.00015869140625
8 0.000701141357421875 0.000861358642578125 4.4250488281250005e-05 0.00011138916015625001
8 0.000701141357421875 0.0008514404296875001 2.5939941406250003e-05 0.00010375976562500001
8 0.00072479248046875 0.0008361816406250001 2.44140625e-05 9.1552734375e-05
11 0.000731658935546875 0.00068817138671875 1.983642578125e-05 5.4931640625e-05
11 0.0007347106933593751 0.0006797790527343751 2.288818359375e-05 4.119873046875e-05
11 0.00079498291015625 0.0006721496582031251 2.44140625e-05 4.730224609375e-05
11 0.000797271728515625 0.0006721496582031251 2.288818359375e-05 5.9509277343750005e-05
11 0.00099945068359375 0.00069580078125 2.44140625e-05 5.7983398437500004e-05
10 0.000998687744140625 0.00069732666015625 2.288818359375e-05 6.7138671875e-05