8 0.00017903645833333335 0.0009817708333333334 0.00017578125000000002 0.0002916666666666667
8 0.00024576822916666665 0.0009557291666666668 0.00013509114583333334 0.00022395833333333336
8 0.0002490234375 0.0009322916666666669 0.00010579427083333334 0.00021614583333333335
8 0.00030598958333333335 0.0009088541666666668 0.00012369791666666668 0.00019270833333333336
9 0.00034505208333333333 0.0010390625 0.00010579427083333334 0.0003697916666666667
9 0.0003776041666666667 0.0010104166666666668 5.0455729166666666e-05 0.00036458333333333335
8 0.0005013020833333333 0.0008515625000000001 0.00013509114583333334 0.00011197916666666668
14 0.0005908203125000001 0.0008333333333333335 9.928385416666667e-05 0.00012760416666666668
9 0.0005891927083333334 0.0008619791666666668 2.44140625e-05 0.00016927083333333334
9 0.0005957031250000001 0.0008515625000000001 2.604166666666667e-05 0.0001510416666666667
9 0.0006184895833333333 0.0008385416666666668 2.44140625e-05 0.0001328125
9 0.0006201171875 0.0008567708333333334 2.44140625e-05 0.00014583333333333335
14 0.0006770833333333334 0.0008203125000000001 7.649739583333334e-05 0.00015625000000000003
14 0.0006738281250000001 0.0008177083333333335 6.998697916666667e-05 0.00014843750000000002
8 0.0007438151041666667 0.0008463541666666668 6.673177083333334e-05 9.635416666666668e-05
8 0.0007389322916666667 0.0008359375000000001 6.184895833333334e-05 7.812500000000002e-05
14 0.0007682291666666666 0.0007838541666666667 8.30078125e-05 0.00014062500000000002
14 0.0007666015625 0.0008255208333333334 7.486979166666666e-05 0.0001744791666666667
9 0.00119140625 0.0012526041666666668 0.00012858072916666668 0.0006093750000000001
8 0.0015592447916666667 0.0012265625000000002 0.0004280598958333333 0.0006901041666666668