8 0.000200653076171875 0.0009635925292968751 0.00013885498046875 0.00012054443359375
8 0.000325775146484375 0.0009315490722656251 0.00010528564453125 0.00013275146484375002
8 0.00037689208984375004 0.0009063720703125001 6.40869140625e-05 7.324218750000001e-05
8 0.000377655029296875 0.00091094970703125 5.645751953125e-05 9.1552734375e-05
10 0.00040740966796875004 0.0005500793457031251 4.2724609375000004e-05 9.918212890625e-05
8 0.00047454833984375 0.0009185791015625 9.765625e-05 0.00014038085937500002
11 0.000518035888671875 0.000518035888671875 3.814697265625e-05 0.00010223388671875
11 0.000518035888671875 0.000505828857421875 2.5939941406250003e-05 8.392333984375e-05
8 0.000750732421875 0.001026153564453125 0.0002197265625 0.00030975341796875
11 0.000640106201171875 0.000539398193359375 3.204345703125e-05 9.918212890625e-05
11 0.000637054443359375 0.000528717041015625 2.5939941406250003e-05 7.781982421875001e-05
11 0.0008377075195312501 0.0006950378417968751 3.0517578125e-05 9.918212890625e-05
11 0.000835418701171875 0.0006866455078125 2.288818359375e-05 6.7138671875e-05
8 0.001062774658203125 0.0008567810058593751 0.00011444091796875 0.00011444091796875
8 0.0011932373046875 0.000859832763671875 0.00014648437500000002 0.00012969970703125
8 0.00137939453125 0.000875091552734375 0.0002105712890625 0.00016937255859375002