9 0.0012467447916666668 0.0008346354166666667 2.9296875e-05 0.00013020833333333336
9 0.00120849609375 0.0008255208333333334 1.3020833333333334e-05 4.557291666666667e-05
9 0.0011531575520833334 0.0008346354166666667 1.7089843749999998e-05 6.770833333333334e-05
9 0.0011865234375 0.0008346354166666667 2.9296875e-05 0.00013020833333333336
9 0.0011360677083333335 0.00083203125 2.1972656250000003e-05 0.00011588541666666668
8 0.00047200520833333334 0.0008723958333333334 0.00010742187500000001 9.114583333333334e-05
14 0.0008870442708333334 0.0008411458333333334 0.0001318359375 9.895833333333334e-05
14 0.0008772786458333333 0.0008463541666666667 0.0001220703125 9.895833333333334e-05
12 0.0008854166666666667 0.0007656250000000001 2.2786458333333334e-05 5.208333333333334e-05
8 0.0009928385416666668 0.0008307291666666668 6.510416666666667e-05 6.770833333333334e-05
14 0.001064453125 0.0008229166666666668 5.208333333333334e-05 0.00011458333333333334
8 0.0010791015625000002 0.0008281250000000001 6.510416666666667e-05 0.00012760416666666668