8 0.00059661865234375 0.000858306884765625 6.7138671875e-05 8.697509765625e-05
9 0.00085601806640625 0.0008392333984375 1.8310546875000003e-05 0.0001068115234375
9 0.000815582275390625 0.00083465576171875 2.5939941406250003e-05 0.0001068115234375
9 0.0008377075195312501 0.000844573974609375 2.74658203125e-05 0.00011138916015625001
9 8.6212158203125e-05 0.000930023193359375 3.204345703125e-05 0.00014801025390625002
9 8.23974609375e-05 0.0009277343750000001 2.74658203125e-05 0.0001434326171875
9 0.00010070800781250001 0.0009086608886718751 2.1362304687500002e-05 0.00011444091796875
9 0.00012664794921875 0.00093231201171875 2.74658203125e-05 0.00015869140625
8 0.0002593994140625 0.00093231201171875 0.0001220703125 0.000128173828125
8 0.000420379638671875 0.0009246826171875 0.00012969970703125 0.00014648437500000002
8 0.00046539306640625 0.0008781433105468751 4.8828125e-05 0.00010223388671875
8 0.000507354736328125 0.0008628845214843751 4.730224609375e-05 0.00010223388671875
8 0.0007179260253906251 0.0008567810058593751 7.476806640625e-05 8.392333984375e-05
10 0.000930023193359375 0.0005653381347656251 4.119873046875e-05 0.00015106201171875
8 0.00141754150390625 0.0009613037109375 0.000494384765625 0.00032348632812500004
9 0.0015594482421875 0.000867462158203125 3.96728515625e-05 0.00024261474609375