14 0.000106048583984375 0.00084075927734375 0.00010528564453125 0.0001434326171875
8 0.000189208984375 0.000875091552734375 0.00014648437500000002 6.256103515625001e-05
8 0.00027923583984375 0.00086212158203125 0.00010070800781250001 6.7138671875e-05
8 0.000286102294921875 0.000868988037109375 9.918212890625e-05 7.781982421875001e-05
8 0.0003814697265625 0.0008514404296875001 6.7138671875e-05 8.544921875000001e-05
8 0.0003814697265625 0.00086212158203125 6.7138671875e-05 9.1552734375e-05
8 0.000463104248046875 0.0009086608886718751 8.392333984375e-05 0.00012054443359375
8 0.000461578369140625 0.000897979736328125 8.087158203125001e-05 0.00011138916015625001
8 0.000502777099609375 0.0008720397949218751 4.4250488281250005e-05 7.476806640625e-05
8 0.0007354736328125 0.00103607177734375 0.0001953125 0.00025024414062500003
12 0.0005897521972656251 0.0006240844726562501 2.5939941406250003e-05 6.7138671875e-05
10 0.000585174560546875 0.0006149291992187501 1.983642578125e-05 4.8828125e-05
11 0.0006744384765625 0.000621795654296875 1.8310546875000003e-05 5.9509277343750005e-05
8 0.000751495361328125 0.000952911376953125 5.645751953125e-05 0.00020599365234375
8 0.0007751464843750001 0.0008720397949218751 3.0517578125e-05 8.087158203125001e-05
8 0.000820159912109375 0.0008575439453125 5.0354003906250004e-05 7.324218750000001e-05
11 0.0008056640625000001 0.00071868896484375 1.8310546875000003e-05 3.96728515625e-05
11 0.000823211669921875 0.0007110595703125 1.983642578125e-05 6.7138671875e-05
9 0.001486968994140625 0.00098419189453125 7.781982421875001e-05 0.0003204345703125