9 0.00033798217773437503 0.000823211669921875 3.5095214843750004e-05 0.00011444091796875
9 0.00033416748046875003 0.000787353515625 2.44140625e-05 9.1552734375e-05
8 0.00041351318359375 0.000787353515625 9.46044921875e-05 5.7983398437500004e-05
8 0.0005279541015625 0.0007789611816406251 0.0001129150390625 7.476806640625e-05
8 0.000518798828125 0.0007766723632812501 9.765625e-05 5.7983398437500004e-05
9 0.000482177734375 0.000797271728515625 2.74658203125e-05 9.307861328125001e-05
8 0.00047531127929687503 0.0007781982421875 1.678466796875e-05 6.7138671875e-05
12 0.00108795166015625 0.0005935668945312501 2.1362304687500002e-05 4.8828125e-05
11 0.00116729736328125 0.00061187744140625 2.1362304687500002e-05 4.8828125e-05
11 0.0013748168945312501 0.000661468505859375 3.35693359375e-05 8.392333984375e-05
11 0.001369476318359375 0.00066375732421875 2.5939941406250003e-05 5.1879882812500005e-05