9 0.0005081176757812501 0.000881195068359375 1.8310546875000003e-05 8.087158203125001e-05
9 0.00043411254882812504 0.0008781433105468751 2.288818359375e-05 8.697509765625e-05
9 0.000125885009765625 0.00088653564453125 1.983642578125e-05 9.765625e-05
9 0.00015716552734375 0.000888824462890625 2.1362304687500002e-05 9.307861328125001e-05
9 0.00020751953125000002 0.000885009765625 2.74658203125e-05 0.00010070800781250001
9 0.0001129150390625 0.0009506225585937501 5.4931640625e-05 0.000189208984375
8 0.00033035278320312503 0.0009033203125 0.00016021728515625 0.00012512207031250002
8 0.000354766845703125 0.0008857727050781251 5.645751953125e-05 9.613037109375001e-05
9 0.00040435791015625 0.001000213623046875 5.4931640625e-05 0.00023956298828125002
8 0.00043334960937500003 0.0009765625 5.4931640625e-05 0.0002105712890625
8 0.0007713317871093751 0.0008819580078125001 0.00023651123046875 0.00014038085937500002
8 0.000905609130859375 0.0008544921875 0.00016326904296875002 0.0001220703125
9 0.0008026123046875 0.000994873046875 4.8828125e-05 0.00026550292968750003
7 0.001039886474609375 0.001032257080078125 0.00017547607421875 0.00029754638671875