9 0.0015388488769531251 0.0008323669433593751 5.0354003906250004e-05 0.00018463134765625002
9 0.000177764892578125 0.000978851318359375 7.781982421875001e-05 0.00022430419921875002
8 0.00026702880859375 0.000945281982421875 0.000152587890625 0.00016632080078125
9 0.00016021728515625 0.000960540771484375 3.96728515625e-05 0.00020294189453125
8 0.00025024414062500003 0.000934600830078125 0.00011901855468750001 0.00012969970703125
8 0.00042190551757812503 0.0009216308593750001 0.00013275146484375002 0.00015563964843750002
8 0.00046844482421875004 0.000861358642578125 4.2724609375000004e-05 7.476806640625e-05
8 0.00072021484375 0.00086517333984375 8.850097656250001e-05 0.0001068115234375
8 0.0007171630859375 0.0008575439453125 7.324218750000001e-05 9.1552734375e-05
9 0.0008636474609375 0.0008987426757812501 3.96728515625e-05 0.0001953125
9 0.0008949279785156251 0.000922393798828125 3.204345703125e-05 0.00018463134765625002
10 0.0009330749511718751 0.0005523681640625 4.4250488281250005e-05 0.00014038085937500002
9 0.0009292602539062501 0.000909423828125 3.0517578125e-05 0.0001953125
9 0.0009895324707031251 0.0008872985839843751 4.4250488281250005e-05 0.00020294189453125