8 0.0001312255859375 0.001052093505859375 0.0001312255859375 0.00020294189453125
8 0.000264739990234375 0.0010284423828125 0.00016937255859375002 0.00021667480468750002
8 0.0002471923828125 0.00086517333984375 0.00010375976562500001 7.019042968750001e-05
8 0.00032653808593750003 0.000968170166015625 5.7983398437500004e-05 0.00014801025390625002
8 0.000385284423828125 0.00095367431640625 5.645751953125e-05 0.00012512207031250002
8 0.00042190551757812503 0.0009330749511718751 3.204345703125e-05 8.087158203125001e-05
8 0.00042266845703125004 0.0009391784667968751 3.0517578125e-05 9.307861328125001e-05
8 0.00046005249023437503 0.0009330749511718751 4.4250488281250005e-05 9.918212890625e-05
8 0.00052642822265625 0.000926971435546875 6.7138671875e-05 0.00010223388671875
8 0.000629425048828125 0.0009246826171875 4.119873046875e-05 0.00010375976562500001
8 0.00079498291015625 0.001093292236328125 0.00020141601562500002 0.00031280517578125
8 0.00110626220703125 0.000913238525390625 9.765625e-05 9.613037109375001e-05
8 0.0011802673339843751 0.000919342041015625 7.476806640625e-05 9.613037109375001e-05
8 0.00130767822265625 0.0009483337402343751 0.00014038085937500002 0.00013275146484375002
8 0.0014068603515625 0.000885009765625 7.324218750000001e-05 6.7138671875e-05
8 0.0015571594238281252 0.00098876953125 0.00016937255859375002 0.00019226074218750002