8 0.0003255208333333333 0.0007916666666666668 8.626302083333333e-05 9.114583333333334e-05
8 0.00043294270833333336 0.0008671875000000001 0.00013346354166666669 0.00014843750000000002
8 0.0004313151041666667 0.0008750000000000001 0.00013020833333333333 0.00013802083333333334
8 0.00047200520833333334 0.0008489583333333334 3.743489583333333e-05 0.00011718750000000002
11 0.0005729166666666667 0.0007213541666666667 1.9531250000000004e-05 4.947916666666667e-05
11 0.0005745442708333333 0.0007187500000000001 1.9531250000000004e-05 4.687500000000001e-05
8 0.0006917317708333334 0.0008046875000000001 5.533854166666667e-05 8.333333333333334e-05
8 0.0009244791666666665 0.0009296875 0.00019856770833333334 0.00028125000000000003
11 0.0008056640625000001 0.0006250000000000001 2.9296875e-05 4.947916666666667e-05
11 0.0008072916666666667 0.0006067708333333333 1.9531250000000004e-05 4.947916666666667e-05
11 0.0009049479166666667 0.0007135416666666668 1.7903645833333333e-05 4.687500000000001e-05
11 0.0009147135416666665 0.0007031250000000001 2.604166666666667e-05 4.166666666666667e-05
8 0.0009928385416666668 0.0008567708333333334 9.602864583333333e-05 0.00013020833333333336
11 0.0009521484375000001 0.0006822916666666668 3.255208333333333e-05 7.552083333333335e-05
11 0.000947265625 0.0006692708333333333 1.9531250000000004e-05 3.385416666666667e-05