8 3.96728515625e-05 0.000830841064453125 3.96728515625e-05 9.613037109375001e-05
8 0.00019073486328125 0.00081939697265625 0.0001312255859375 0.0001220703125
8 0.000316619873046875 0.0007965087890625 9.307861328125001e-05 9.1552734375e-05
8 0.000501251220703125 0.00072479248046875 4.119873046875e-05 3.96728515625e-05
12 0.000617218017578125 0.0005035400390625 3.814697265625e-05 0.000128173828125
12 0.00061798095703125 0.000478363037109375 2.74658203125e-05 9.613037109375001e-05
8 0.0009933471679687501 0.001154327392578125 0.0003936767578125 0.0004928588867187501
12 0.0008132934570312501 0.000463104248046875 3.35693359375e-05 9.613037109375001e-05
12 0.001016998291015625 0.000518035888671875 4.119873046875e-05 0.00011444091796875
8 0.001184844970703125 0.000753021240234375 8.392333984375e-05 5.9509277343750005e-05
12 0.001189422607421875 0.000640869140625 3.814697265625e-05 0.00010986328125
8 0.001560211181640625 0.001177215576171875 0.00040740966796875004 0.0006088256835937501
12 0.0011878967285156251 0.000629425048828125 2.5939941406250003e-05 7.781982421875001e-05