8 0.0005712890625 0.0014583333333333334 0.0005712890625 0.0009635416666666668
12 0.0005566406250000001 0.0007265625000000001 2.9296875e-05 9.895833333333334e-05
8 0.0007226562500000001 0.0010963541666666667 0.00018229166666666667 0.0003619791666666667
12 0.0007535807291666667 0.0005937500000000001 2.44140625e-05 7.812500000000002e-05
8 0.0008219401041666667 0.0008697916666666668 4.8828125e-05 6.25e-05
12 0.0008333333333333334 0.0007135416666666668 2.7669270833333335e-05 8.333333333333334e-05
12 0.0011360677083333335 0.0005911458333333334 6.510416666666667e-05 0.00018750000000000003
9 0.0011018880208333334 0.0008776041666666668 1.6276041666666666e-05 0.00010677083333333335
9 0.0011523437500000002 0.0008828125000000001 3.4179687499999996e-05 0.00011979166666666669
9 0.0011458333333333333 0.0008489583333333334 2.44140625e-05 8.333333333333334e-05
8 0.0014973958333333332 0.0009192708333333335 0.00017252604166666667 0.00017187500000000002
8 0.0013916015625 0.0009192708333333335 6.673177083333334e-05 0.00010937500000000002
8 0.0015543619791666668 0.0009296875 0.00016927083333333334 0.0001744791666666667
8 0.0014990234375000001 0.0009270833333333335 0.00010253906250000001 0.0001328125
8 0.0015608723958333336 0.0009218750000000002 7.649739583333334e-05 0.00017187500000000002