8 0.00019226074218750002 0.00097198486328125 0.00019226074218750002 0.00021667480468750002
8 0.000208282470703125 0.00098419189453125 0.00013885498046875 0.0001983642578125
8 0.00031967163085937504 0.0009613037109375 0.00020294189453125 0.0001983642578125
8 0.00030670166015625 0.0009582519531250001 0.00010375976562500001 0.0001800537109375
8 0.00034637451171875004 0.0009658813476562501 4.2724609375000004e-05 0.00021667480468750002
8 0.00037231445312500003 0.0009239196777343751 3.96728515625e-05 9.307861328125001e-05
8 0.00039978027343750004 0.000930023193359375 3.0517578125e-05 0.00013580322265625
8 0.000453948974609375 0.00088043212890625 5.9509277343750005e-05 0.00010986328125
8 0.00078582763671875 0.0009407043457031251 0.000128173828125 0.00017242431640625
14 0.001085662841796875 0.00081024169921875 0.00042266845703125004 0.0001739501953125
14 0.001108551025390625 0.0008590698242187501 0.00044403076171875 0.00021667480468750002
8 0.0013626098632812502 0.000835418701171875 7.324218750000001e-05 7.781982421875001e-05