8 0.00010757446289062501 0.0009033203125 9.002685546875e-05 6.7138671875e-05
8 0.000286102294921875 0.0008781433105468751 0.00011138916015625001 9.918212890625e-05
8 0.000281524658203125 0.000875091552734375 9.918212890625e-05 8.392333984375e-05
8 0.000537109375 0.0008720397949218751 8.23974609375e-05 9.613037109375001e-05
8 0.000560760498046875 0.000850677490234375 3.5095214843750004e-05 5.9509277343750005e-05
8 0.0006454467773437501 0.00084075927734375 5.7983398437500004e-05 6.7138671875e-05
8 0.000638580322265625 0.000838470458984375 3.814697265625e-05 4.119873046875e-05
8 0.00070343017578125 0.0008415222167968751 5.1879882812500005e-05 6.561279296875e-05
8 0.0008094787597656251 0.0008644104003906251 7.476806640625e-05 8.087158203125001e-05
8 0.0008720397949218751 0.000867462158203125 6.256103515625001e-05 8.087158203125001e-05
8 0.00086517333984375 0.000858306884765625 5.1879882812500005e-05 7.476806640625e-05
8 0.0009277343750000001 0.0008934020996093751 7.324218750000001e-05 0.00011444091796875
8 0.001015472412109375 0.0009140014648437501 0.00011444091796875 0.0001373291015625
8 0.001403045654296875 0.000836944580078125 0.00015716552734375 0.00012054443359375
8 0.0014190673828125 0.000836944580078125 0.0001373291015625 8.392333984375e-05
8 0.001552581787109375 0.000852203369140625 0.00023345947265625 0.00011749267578125