9 8.163452148437501e-05 0.000984954833984375 4.4250488281250005e-05 0.00020294189453125
9 0.000164031982421875 0.0009765625 5.645751953125e-05 0.0002288818359375
8 0.00025405883789062503 0.000946044921875 0.00012359619140625 0.00016174316406250002
8 0.00041809082031250003 0.000949859619140625 0.00012512207031250002 0.00018463134765625002
8 0.000457763671875 0.0008644104003906251 3.35693359375e-05 7.476806640625e-05
8 0.000640869140625 0.0008361816406250001 2.74658203125e-05 6.7138671875e-05
8 0.000720977783203125 0.0008644104003906251 8.392333984375e-05 0.00010223388671875
9 0.0007232666015625001 0.0009185791015625 4.2724609375000004e-05 0.000225830078125
9 0.0007156372070312501 0.0009216308593750001 3.35693359375e-05 0.0001983642578125
9 0.0007560729980468751 0.000937652587890625 2.8991699218750002e-05 0.00023651123046875
9 0.000882720947265625 0.0008644104003906251 3.5095214843750004e-05 0.00014801025390625002
9 0.000885009765625 0.0008552551269531251 1.52587890625e-05 0.00012054443359375
9 0.000914764404296875 0.000861358642578125 3.204345703125e-05 0.00014801025390625002
9 0.000907135009765625 0.00084686279296875 2.288818359375e-05 0.000128173828125
10 0.0009315490722656251 0.000555419921875 4.4250488281250005e-05 0.00014648437500000002
9 0.000942230224609375 0.00086212158203125 3.5095214843750004e-05 0.000164794921875
9 0.0012481689453125002 0.000875091552734375 4.2724609375000004e-05 0.00020599365234375
8 0.001558685302734375 0.00141448974609375 0.00032806396484375 0.0007995605468750001
9 0.0013244628906250002 0.00078887939453125 3.96728515625e-05 0.000128173828125
9 0.00130767822265625 0.0007766723632812501 1.8310546875000003e-05 0.00012512207031250002