8 0.00013580322265625 0.0008285522460937501 8.23974609375e-05 7.324218750000001e-05
8 0.000222015380859375 0.0008094787597656251 8.087158203125001e-05 6.561279296875e-05
8 0.00029449462890625 0.0008148193359375001 7.62939453125e-05 5.7983398437500004e-05
8 0.00041885375976562504 0.000815582275390625 0.00012359619140625 9.918212890625e-05
8 0.00039978027343750004 0.000823211669921875 9.46044921875e-05 0.00010223388671875
8 0.0008987426757812501 0.000827789306640625 8.23974609375e-05 9.613037109375001e-05
8 0.0008934020996093751 0.00081787109375 6.866455078125e-05 8.850097656250001e-05
9 0.00099029541015625 0.0008438110351562501 3.35693359375e-05 0.00012512207031250002
9 0.000994110107421875 0.000838470458984375 2.8991699218750002e-05 0.00011138916015625001
8 0.0010696411132812501 0.0008338928222656251 8.23974609375e-05 8.392333984375e-05
8 0.001062774658203125 0.000836944580078125 7.171630859375e-05 0.00010223388671875
8 0.00115966796875 0.000875091552734375 0.00010070800781250001 0.00013275146484375002
8 0.00129547119140625 0.0009010314941406251 0.00015563964843750002 0.00020904541015625002
8 0.001308441162109375 0.0008934020996093751 0.00016326904296875002 0.00016937255859375002
8 0.0015151977539062502 0.000919342041015625 0.000225830078125 0.00024261474609375