8 0.0001953125 0.0008463541666666667 0.00012369791666666668 0.00011718750000000002
8 0.0003076171875 0.0008281250000000001 0.00010091145833333333 0.00010416666666666667
8 0.00042643229166666665 0.0008307291666666668 0.00011067708333333334 0.00010677083333333335
8 0.00043294270833333336 0.0008177083333333334 0.00010416666666666667 8.593750000000001e-05
8 0.0004703776041666667 0.0008020833333333335 7.324218750000001e-05 9.635416666666668e-05
8 0.0004703776041666667 0.0008359375000000001 6.0221354166666675e-05 0.00011458333333333334
11 0.00048339843750000005 0.0005156250000000001 2.7669270833333335e-05 8.593750000000001e-05
11 0.00047851562500000005 0.0005104166666666667 2.1158854166666667e-05 7.812500000000002e-05
8 0.0006461588541666666 0.0008046875000000001 5.533854166666667e-05 6.25e-05
11 0.0006184895833333334 0.0005286458333333334 2.604166666666667e-05 9.375000000000002e-05
11 0.0006201171875 0.0005182291666666667 2.2786458333333334e-05 8.072916666666668e-05
8 0.0007031250000000001 0.0008072916666666668 5.371093750000001e-05 7.812500000000002e-05
8 0.0007291666666666666 0.0008020833333333335 4.720052083333334e-05 6.770833333333334e-05
8 0.0008089192708333334 0.0008125000000000001 4.720052083333334e-05 7.291666666666667e-05
11 0.0009912109375 0.0006666666666666668 2.1158854166666667e-05 6.25e-05
11 0.0009912109375 0.0006770833333333334 2.1158854166666667e-05 7.291666666666667e-05
9 0.0012679036458333336 0.0008984375000000001 5.208333333333334e-05 0.00018750000000000003
8 0.0013525390625 0.0007942708333333335 8.789062500000001e-05 5.208333333333334e-05