9 5.859375e-05 0.0009739583333333335 4.8828125e-05 0.0002135416666666667
8 9.114583333333334e-05 0.0009505208333333333 5.208333333333334e-05 0.00019010416666666668
9 7.649739583333334e-05 0.0009635416666666668 2.604166666666667e-05 0.00020833333333333335
9 0.00025716145833333336 0.0008906249999999999 3.906250000000001e-05 0.00013020833333333336
9 0.00025553385416666666 0.0008854166666666668 3.4179687499999996e-05 0.000125
9 0.0003678385416666667 0.0008671875000000001 2.7669270833333335e-05 0.00010156250000000001
9 0.000390625 0.0008750000000000001 2.604166666666667e-05 0.00010416666666666667
9 0.00039225260416666667 0.0008723958333333334 2.1158854166666667e-05 9.895833333333334e-05
7 0.000439453125 0.0008645833333333334 3.092447916666667e-05 8.854166666666667e-05
7 0.0004654947916666667 0.0008723958333333335 4.2317708333333335e-05 0.00011197916666666668
7 0.00045898437500000003 0.0008671875000000001 2.9296875e-05 0.00010416666666666667
9 0.0005143229166666667 0.0009166666666666669 4.720052083333334e-05 0.00018750000000000003
8 0.0005810546875000001 0.0008567708333333334 6.998697916666667e-05 8.333333333333334e-05
9 0.0007600911458333333 0.0012109375000000002 0.00017089843750000002 0.0005572916666666668
9 0.0006998697916666667 0.0011328125000000001 6.510416666666667e-05 0.0004687500000000001
9 0.0008284505208333335 0.0011770833333333336 0.0001318359375 0.0005781250000000001
8 0.0011930338541666667 0.00103125 0.0004915364583333333 0.0003151041666666667
9 0.0009602864583333334 0.001151041666666667 0.0001220703125 0.0004739583333333334