8 0.00013580322265625 0.000919342041015625 0.0001068115234375 9.613037109375001e-05
8 0.00013427734375 0.0009246826171875 9.46044921875e-05 0.00010986328125
8 0.00038757324218750003 0.0009010314941406251 0.00014038085937500002 0.00011444091796875
8 0.000409698486328125 0.000875091552734375 7.171630859375e-05 7.781982421875001e-05
8 0.00065155029296875 0.0009765625 0.00017700195312500002 0.0002471923828125
12 0.0005828857421875 0.0007270812988281251 2.1362304687500002e-05 5.9509277343750005e-05
12 0.0005920410156250001 0.000731658935546875 2.74658203125e-05 6.561279296875e-05
8 0.0007003784179687501 0.000922393798828125 6.7138671875e-05 0.00014801025390625002
12 0.0007232666015625001 0.00064849853515625 1.8310546875000003e-05 4.8828125e-05
12 0.000728607177734375 0.0006736755371093751 2.288818359375e-05 7.476806640625e-05
12 0.0007804870605468751 0.000736236572265625 2.5939941406250003e-05 5.9509277343750005e-05
12 0.00077972412109375 0.00074005126953125 1.8310546875000003e-05 5.4931640625e-05
12 0.0009101867675781251 0.00069732666015625 3.5095214843750004e-05 0.0001068115234375
12 0.000897979736328125 0.00067138671875 2.288818359375e-05 7.019042968750001e-05
8 0.0013931274414062502 0.0008781433105468751 0.000262451171875 0.00016937255859375002
8 0.0013740539550781252 0.000872802734375 0.00022430419921875002 0.0001739501953125
8 0.001418304443359375 0.0008666992187500001 5.0354003906250004e-05 0.00010986328125