8 0.0015616861979166666 0.0009127604166666668 0.00029541015625 0.00017708333333333335
8 0.00038899739583333337 0.0009921875000000002 0.00014973958333333332 0.00017187500000000002
11 0.00032714843749999997 0.0006979166666666667 3.580729166666667e-05 8.072916666666668e-05
11 0.00032389322916666667 0.0007031250000000001 2.9296875e-05 8.854166666666667e-05
8 0.0004817708333333333 0.0009296875 6.835937499999999e-05 8.854166666666667e-05
8 0.0005843098958333334 0.0009479166666666668 0.00010579427083333334 0.0001354166666666667
8 0.0008024088541666668 0.0010494791666666669 0.00020670572916666667 0.0003072916666666667
8 0.0008251953125 0.0008802083333333334 3.092447916666667e-05 7.552083333333335e-05
11 0.0009586588541666667 0.0006796875000000002 3.255208333333333e-05 0.00011718750000000002
9 0.0009814453125000001 0.0008828124999999999 3.4179687499999996e-05 0.00012760416666666668
9 0.0010091145833333334 0.0008697916666666667 2.2786458333333334e-05 0.00013020833333333336
9 0.00103515625 0.0008854166666666667 4.069010416666667e-05 0.00014583333333333335
9 0.0010286458333333335 0.0008854166666666668 2.44140625e-05 0.000125
9 0.0010856119791666668 0.0008750000000000001 2.7669270833333335e-05 0.00014062500000000002
9 0.0011067708333333333 0.0008750000000000001 1.9531250000000004e-05 0.00012760416666666668
9 0.0014371744791666667 0.0007760416666666667 3.906250000000001e-05 7.812500000000002e-05
9 0.0015071614583333334 0.0007447916666666668 2.2786458333333334e-05 5.468750000000001e-05