8 0.001506805419921875 0.000986480712890625 0.00032196044921875 0.00031280517578125
8 0.00040664672851562503 0.000994873046875 0.00037078857421875 0.00035400390625000004
8 0.000374603271484375 0.000984954833984375 0.00031585693359375004 0.00034942626953125003
8 0.0005340576171875 0.000876617431640625 0.0001739501953125 0.00019989013671875002
8 0.000533294677734375 0.000867462158203125 0.00016632080078125 0.00018463134765625002
8 0.000582122802734375 0.00084075927734375 6.866455078125e-05 0.00014648437500000002
8 0.000583648681640625 0.000835418701171875 5.645751953125e-05 0.00014801025390625002
14 0.0010894775390625 0.000850677490234375 0.0001495361328125 0.00037994384765625003
14 0.001007080078125 0.000843048095703125 6.7138671875e-05 0.00037994384765625003
8 0.0012184143066406251 0.0008285522460937501 0.00022125244140625 0.0003204345703125
14 0.001230621337890625 0.00088043212890625 0.00022430419921875002 0.0003753662109375