8 0.0015616861979166666 0.0008515625000000001 9.358723958333334e-05 8.593750000000001e-05
8 0.00020670572916666667 0.0008984375000000001 8.951822916666667e-05 7.812500000000002e-05
8 0.0002099609375 0.0009036458333333334 8.138020833333334e-05 7.291666666666667e-05
8 0.0002490234375 0.0008958333333333334 5.0455729166666666e-05 8.333333333333334e-05
8 0.0007552083333333334 0.0010598958333333335 0.00025716145833333336 0.0003072916666666667
8 0.0008430989583333333 0.0008463541666666668 6.184895833333334e-05 6.770833333333334e-05
8 0.0009082031249999999 0.0008515625000000001 6.34765625e-05 0.00010156250000000001
14 0.0008951822916666666 0.0008411458333333335 4.8828125e-05 7.812500000000002e-05
8 0.001083984375 0.0009010416666666669 0.00010579427083333334 0.000125
8 0.0013427734375 0.0008515625000000001 6.0221354166666675e-05 6.510416666666668e-05
8 0.0013346354166666667 0.0008515625000000001 4.720052083333334e-05 5.9895833333333344e-05