14 0.00019226074218750002 0.0008758544921875001 0.00019226074218750002 0.0002532958984375
8 0.00025405883789062503 0.0009483337402343751 0.00014801025390625002 0.00015411376953125002
8 0.00039215087890625004 0.0008666992187500001 0.00021667480468750002 0.0002105712890625
14 0.00033721923828125 0.0008880615234375 0.0001220703125 0.0002105712890625
8 0.0006530761718750001 0.001224517822265625 0.0004241943359375 0.00050506591796875
8 0.000722503662109375 0.00098114013671875 0.00024566650390625 0.000408935546875
14 0.0007179260253906251 0.00100250244140625 0.00019073486328125 0.000360107421875
8 0.000827789306640625 0.0008781433105468751 7.781982421875001e-05 0.00010223388671875
8 0.0008590698242187501 0.000909423828125 0.00010375976562500001 0.0001220703125
8 0.000983428955078125 0.0009292602539062501 0.00015106201171875 0.000213623046875
8 0.00115203857421875 0.00099639892578125 0.00026550292968750003 0.000262451171875
8 0.00124664306640625 0.0008697509765625 0.00014648437500000002 0.0002471923828125