11 0.0005240885416666666 0.0007057291666666667 2.1158854166666667e-05 5.729166666666667e-05
8 0.0006201171875 0.0008177083333333334 4.557291666666667e-05 7.812500000000002e-05
8 0.0006461588541666667 0.0008255208333333334 2.9296875e-05 6.770833333333334e-05
8 0.0006705729166666666 0.0008229166666666667 3.092447916666667e-05 6.770833333333334e-05
8 0.0006949869791666667 0.0008255208333333335 3.092447916666667e-05 7.812500000000002e-05
8 0.0008251953125 0.0008411458333333334 7.486979166666666e-05 0.00014062500000000002
11 0.0008349609375 0.000578125 3.255208333333333e-05 6.770833333333334e-05
8 0.0010546875 0.0008906250000000001 0.0001318359375 0.00018489583333333335
11 0.0009554036458333334 0.0006979166666666668 2.9296875e-05 4.687500000000001e-05
11 0.0009570312500000001 0.0007005208333333334 2.7669270833333335e-05 7.552083333333335e-05
8 0.0012679036458333333 0.0010026041666666668 0.00023925781250000002 0.0002916666666666667