14 0.00014648437500000002 0.00090179443359375 0.00014648437500000002 0.00016174316406250002
14 0.00015029907226562502 0.000909423828125 0.00014801025390625002 0.000164794921875
8 0.000272369384765625 0.001053619384765625 0.00019683837890625 0.00028839111328125003
8 0.0007080078125000001 0.001284027099609375 0.0004852294921875 0.00067901611328125
10 0.000510406494140625 0.000569915771484375 3.204345703125e-05 8.087158203125001e-05
10 0.000665283203125 0.000555419921875 3.96728515625e-05 8.850097656250001e-05
10 0.000662994384765625 0.00057220458984375 2.5939941406250003e-05 8.544921875000001e-05
8 0.0007598876953125001 0.000823211669921875 1.52587890625e-05 4.730224609375e-05
10 0.000789642333984375 0.0005729675292968751 4.119873046875e-05 0.00011138916015625001
10 0.000783538818359375 0.0005523681640625 2.5939941406250003e-05 7.324218750000001e-05
8 0.0008720397949218751 0.00086517333984375 7.171630859375e-05 9.1552734375e-05
8 0.001016998291015625 0.0009391784667968751 7.171630859375e-05 0.00018157958984375
8 0.00153656005859375 0.0012451171875000001 0.0005828857421875 0.00054931640625
10 0.0010772705078125001 0.00071868896484375 3.0517578125e-05 8.850097656250001e-05
8 0.0015350341796875001 0.000858306884765625 0.00012512207031250002 9.307861328125001e-05
8 0.0015342712402343752 0.0008705139160156251 0.00012054443359375 0.00011749267578125
10 0.0015037536621093752 0.00051727294921875 7.781982421875001e-05 0.000225830078125