9 0.0007965087890625 0.00087890625 1.220703125e-05 7.62939453125e-05
9 0.000812530517578125 0.0008743286132812501 1.373291015625e-05 7.9345703125e-05
9 0.00083160400390625 0.0008720397949218751 1.52587890625e-05 9.002685546875e-05
9 0.0007843017578125001 0.0008819580078125001 1.8310546875000003e-05 8.544921875000001e-05
8 0.0007217407226562501 0.000986480712890625 0.00017089843750000002 0.00020599365234375
11 0.000623321533203125 0.000699615478515625 1.983642578125e-05 4.119873046875e-05
11 0.000623321533203125 0.0007110595703125 1.678466796875e-05 4.8828125e-05
11 0.000685882568359375 0.000720977783203125 1.983642578125e-05 4.4250488281250005e-05
11 0.0006835937500000001 0.0007141113281250001 1.52587890625e-05 3.6621093750000005e-05
11 0.0007499694824218751 0.000789642333984375 1.983642578125e-05 4.730224609375e-05
11 0.0007614135742187501 0.00077056884765625 1.52587890625e-05 5.4931640625e-05
11 0.0007637023925781251 0.0007789611816406251 1.678466796875e-05 6.256103515625001e-05