8 0.000275421142578125 0.00088043212890625 8.392333984375e-05 8.544921875000001e-05
8 0.000263214111328125 0.0008743286132812501 6.866455078125e-05 8.850097656250001e-05
8 0.0009735107421875001 0.0008247375488281251 0.00010375976562500001 7.476806640625e-05
8 0.001009368896484375 0.00081939697265625 3.814697265625e-05 6.7138671875e-05
8 0.0010986328125 0.000820159912109375 9.1552734375e-05 7.476806640625e-05
8 0.0011077880859375001 0.00081787109375 9.765625e-05 6.7138671875e-05
8 0.0012557983398437502 0.0008323669433593751 0.00010070800781250001 0.00012969970703125
8 0.0013900756835937501 0.00086212158203125 0.000152587890625 0.00014038085937500002
8 0.001384735107421875 0.000859832763671875 0.00014190673828125 0.00012969970703125
8 0.001509857177734375 0.000835418701171875 0.00012664794921875 9.918212890625e-05
8 0.0015380859375000002 0.00084075927734375 0.000152587890625 0.00010986328125