8 0.00030441284179687504 0.000882720947265625 0.00016021728515625 0.00013580322265625
8 0.000217437744140625 0.0007766723632812501 4.119873046875e-05 5.1879882812500005e-05
11 0.00026168823242187503 0.000797271728515625 4.4250488281250005e-05 0.00011444091796875
14 0.000431060791015625 0.000919342041015625 0.00016021728515625 0.00028839111328125003
12 0.000501251220703125 0.0007179260253906251 2.8991699218750002e-05 7.476806640625e-05
11 0.0004974365234375 0.00071258544921875 2.1362304687500002e-05 6.7138671875e-05
8 0.0005279541015625 0.00074005126953125 3.35693359375e-05 3.6621093750000005e-05
8 0.00054168701171875 0.000783538818359375 3.0517578125e-05 7.476806640625e-05
8 0.0006134033203125 0.000859832763671875 8.23974609375e-05 0.00013275146484375002
8 0.0006072998046875001 0.00074005126953125 4.2724609375000004e-05 3.35693359375e-05
8 0.000601959228515625 0.00072479248046875 2.8991699218750002e-05 3.96728515625e-05
8 0.0007415771484375 0.0009315490722656251 0.00014648437500000002 0.00021820068359375
8 0.000768280029296875 0.00077056884765625 5.340576171875e-05 7.019042968750001e-05
8 0.0007713317871093751 0.0007675170898437501 5.0354003906250004e-05 7.019042968750001e-05
11 0.000785064697265625 0.000548553466796875 2.5939941406250003e-05 7.476806640625e-05
11 0.0007843017578125001 0.00054473876953125 2.44140625e-05 7.019042968750001e-05
8 0.0008262634277343751 0.0007827758789062501 5.0354003906250004e-05 4.8828125e-05
8 0.00090789794921875 0.00080413818359375 7.62939453125e-05 7.324218750000001e-05
11 0.000957489013671875 0.00066375732421875 1.983642578125e-05 5.1879882812500005e-05
9 0.00096435546875 0.0007965087890625 2.74658203125e-05 0.00010375976562500001
8 0.001201629638671875 0.000815582275390625 0.00015411376953125002 8.392333984375e-05