9 0.0015616861979166666 0.00106640625 5.0455729166666666e-05 0.0004166666666666667
9 0.0015275065104166667 0.0010924479166666667 9.847005208333333e-05 0.0004231770833333334
9 0.0014713541666666668 0.0010104166666666668 7.812500000000002e-05 0.00037109375000000006
12 0.0001432291666666667 0.0004401041666666667 3.255208333333333e-05 9.895833333333334e-05
14 0.0004475911458333333 0.0008593750000000001 0.00011555989583333335 0.00020052083333333337
11 0.0004850260416666667 0.0004739583333333334 2.7669270833333335e-05 8.854166666666667e-05
11 0.0007552083333333334 0.0006536458333333333 3.092447916666667e-05 0.00010156250000000001
8 0.0011295572916666667 0.0011979166666666666 0.0003971354166666667 0.00044270833333333337
9 0.0007747395833333333 0.0008619791666666668 3.092447916666667e-05 0.00014062500000000002
9 0.0007796223958333333 0.0008437500000000001 2.7669270833333335e-05 0.00010677083333333335
8 0.0013492838541666668 0.0008593750000000001 0.0002099609375 0.00011197916666666668