14 0.0015616861979166666 0.0011536458333333336 0.00040364583333333333 0.0007174479166666668
8 0.0003564453125 0.0009505208333333335 0.00022623697916666666 0.0002838541666666667
8 0.00034179687500000003 0.0009166666666666669 0.00020182291666666667 0.00023177083333333337
8 0.0008235677083333334 0.0008333333333333334 7.486979166666666e-05 0.00014062500000000002
11 0.0008268229166666667 0.0006250000000000001 2.604166666666667e-05 7.812500000000002e-05
11 0.0008317057291666668 0.0006223958333333333 2.7669270833333335e-05 6.510416666666668e-05
8 0.000947265625 0.0008307291666666668 5.696614583333334e-05 0.00011718750000000002
8 0.0010286458333333335 0.0008567708333333335 0.00011555989583333335 0.00010937500000000002
8 0.0010221354166666666 0.0008697916666666668 8.789062500000001e-05 0.00014062500000000002
8 0.0011718750000000002 0.000984375 0.00012532552083333333 0.0002864583333333334
8 0.0011848958333333334 0.0010026041666666668 0.0001171875 0.00032031250000000007