8 0.00061187744140625 0.0008247375488281251 2.1362304687500002e-05 2.8991699218750002e-05
8 0.00016937255859375002 0.0010963439941406251 0.0001678466796875 0.00028839111328125003
14 0.00020141601562500002 0.000846099853515625 0.00019226074218750002 9.613037109375001e-05
12 0.000591278076171875 0.000389862060546875 5.340576171875e-05 0.00013275146484375002
8 0.0007026672363281251 0.000867462158203125 7.476806640625e-05 9.918212890625e-05
8 0.0006889343261718751 0.0008491516113281251 4.730224609375e-05 6.561279296875e-05
12 0.0009552001953125 0.000634765625 4.2724609375000004e-05 0.0001373291015625
9 0.001245880126953125 0.0009895324707031251 9.613037109375001e-05 0.00029449462890625
9 0.0013763427734375 0.001049041748046875 0.00010375976562500001 0.00036163330078125004
9 0.0014549255371093751 0.001055145263671875 9.307861328125001e-05 0.00038299560546875
10 0.001560211181640625 0.00027008056640625 0.00011444091796875 0.0002685546875