8 0.00020294189453125 0.00096435546875 0.00020141601562500002 0.000274658203125
8 0.0015617370605468751 0.0012908935546875001 0.00026702880859375 0.000628662109375
8 0.00047225952148437504 0.000867462158203125 0.00011749267578125 0.00011444091796875
8 0.0007347106933593751 0.0008094787597656251 6.561279296875e-05 0.00011138916015625001
10 0.00071258544921875 0.0006774902343750001 2.44140625e-05 5.7983398437500004e-05
8 0.00083465576171875 0.000882720947265625 0.000128173828125 0.00018463134765625002
10 0.00077972412109375 0.000661468505859375 2.1362304687500002e-05 8.087158203125001e-05
8 0.0008666992187500001 0.000800323486328125 4.57763671875e-05 8.392333984375e-05
8 0.0009185791015625 0.000835418701171875 4.8828125e-05 0.00011749267578125
8 0.001041412353515625 0.0008590698242187501 0.00012359619140625 0.0001800537109375
8 0.00131072998046875 0.001026153564453125 0.00029602050781250003 0.00031280517578125