8 0.0006119791666666667 0.0008229166666666668 2.2786458333333334e-05 2.9947916666666672e-05
14 0.00021240234375 0.0008958333333333336 0.00021158854166666667 0.0001432291666666667
10 0.0005826822916666666 0.0003932291666666667 4.069010416666667e-05 0.00013020833333333336
8 0.0006982421875 0.0008463541666666667 7.161458333333333e-05 7.031250000000001e-05
11 0.0009554036458333334 0.0006354166666666667 4.2317708333333335e-05 0.000125
9 0.00115234375 0.0009010416666666669 5.0455729166666666e-05 0.00016927083333333334
9 0.0011442057291666666 0.0009088541666666669 3.906250000000001e-05 0.00018750000000000003
9 0.0011897786458333335 0.0009036458333333334 5.371093750000001e-05 0.00017968750000000002
9 0.0011881510416666668 0.0009114583333333335 4.557291666666667e-05 0.00019010416666666668
9 0.0014160156250000002 0.0010494791666666667 0.00012858072916666668 0.00038802083333333337
11 0.0015608723958333334 0.0002486979166666667 8.463541666666667e-05 0.00024739583333333335