9 0.0009220377604166667 0.0008489583333333335 2.2786458333333334e-05 7.161458333333335e-05
9 0.00094970703125 0.0008567708333333335 2.604166666666667e-05 8.723958333333335e-05
8 0.0006624348958333333 0.0013567708333333335 0.0005240885416666666 0.0006276041666666667
9 0.00025553385416666666 0.0009218750000000002 4.3945312500000005e-05 0.0001354166666666667
9 0.00024251302083333335 0.0009062500000000002 1.9531250000000004e-05 0.00012239583333333335
12 0.00025716145833333336 0.0006614583333333333 2.2786458333333334e-05 7.291666666666667e-05
8 0.0007112630208333334 0.0008723958333333334 5.0455729166666666e-05 7.291666666666667e-05
12 0.0008186848958333335 0.0006250000000000001 2.7669270833333335e-05 9.114583333333334e-05
9 0.0010367838541666668 0.0009114583333333335 3.4179687499999996e-05 0.0001510416666666667
9 0.0012353515625000001 0.0009921875 7.161458333333333e-05 0.0003333333333333334
9 0.0013427734375 0.0010078125 8.951822916666667e-05 0.0003697916666666667
9 0.0014778645833333334 0.000984375 6.34765625e-05 0.00029687500000000005