8 5.4168701171875004e-05 0.0009002685546875 5.340576171875e-05 0.0001220703125
8 5.340576171875e-05 0.0009246826171875 5.1879882812500005e-05 0.00012512207031250002
8 0.00020599365234375 0.00093231201171875 0.0001800537109375 0.0001983642578125
9 0.000240325927734375 0.00096893310546875 5.9509277343750005e-05 0.0002349853515625
8 0.000251007080078125 0.000846099853515625 4.119873046875e-05 5.9509277343750005e-05
8 0.000402069091796875 0.00084075927734375 5.645751953125e-05 8.850097656250001e-05
8 0.00039596557617187504 0.000835418701171875 4.4250488281250005e-05 5.9509277343750005e-05
8 0.000571441650390625 0.0009086608886718751 0.00012969970703125 0.00017242431640625
12 0.00067291259765625 0.000583648681640625 3.35693359375e-05 0.00013275146484375002
9 0.000957489013671875 0.0009239196777343751 5.0354003906250004e-05 0.00022430419921875002
9 0.00110321044921875 0.000896453857421875 5.4931640625e-05 0.00020599365234375
9 0.0013481140136718751 0.0009063720703125001 5.340576171875e-05 0.0002349853515625