9 0.000222015380859375 0.00089263916015625 2.288818359375e-05 7.324218750000001e-05
9 0.00025024414062500003 0.00089569091796875 2.44140625e-05 0.0001068115234375
9 0.00027313232421875003 0.000876617431640625 2.1362304687500002e-05 9.307861328125001e-05
9 0.000275421142578125 0.00088043212890625 2.288818359375e-05 8.544921875000001e-05
9 0.00045242309570312503 0.000885009765625 2.288818359375e-05 0.00010375976562500001
9 0.00045318603515625004 0.000885009765625 2.1362304687500002e-05 0.00010986328125
9 0.00047760009765625 0.000882720947265625 2.1362304687500002e-05 9.918212890625e-05
9 0.00047988891601562504 0.000875091552734375 2.288818359375e-05 9.307861328125001e-05
7 0.00060577392578125 0.0008415222167968751 2.74658203125e-05 5.9509277343750005e-05
8 0.000783538818359375 0.000875091552734375 9.002685546875e-05 0.00012969970703125
8 0.0013633728027343751 0.0007965087890625 7.781982421875001e-05 5.4931640625e-05
8 0.001461029052734375 0.000798797607421875 0.00012664794921875 8.087158203125001e-05