8 0.00010375976562500001 0.0008872985839843751 0.00010375976562500001 0.00015106201171875
8 2.5177001953125002e-05 0.001030731201171875 2.288818359375e-05 0.00018768310546875
8 9.994506835937501e-05 0.000933837890625 9.307861328125001e-05 0.000225830078125
8 0.00025024414062500003 0.001038360595703125 0.0001983642578125 0.00027008056640625
14 0.00021209716796875 0.0008018493652343751 0.00014038085937500002 0.00011444091796875
8 0.00069732666015625 0.001239013671875 0.0005035400390625 0.000640869140625
10 0.0005096435546875 0.000559234619140625 3.0517578125e-05 9.613037109375001e-05
12 0.00066375732421875 0.0005500793457031251 3.35693359375e-05 8.087158203125001e-05
8 0.0007179260253906251 0.0008857727050781251 3.204345703125e-05 5.9509277343750005e-05
12 0.00078582763671875 0.000559234619140625 3.35693359375e-05 9.613037109375001e-05
8 0.0009101867675781251 0.00086517333984375 0.00013885498046875 0.0001983642578125
14 0.000882720947265625 0.00086517333984375 9.918212890625e-05 0.0001800537109375
8 0.0015419006347656252 0.001276397705078125 0.00058746337890625 0.00057220458984375
8 0.0010276794433593751 0.0009391784667968751 7.171630859375e-05 0.00018157958984375
12 0.0010734558105468751 0.0006950378417968751 2.5939941406250003e-05 8.087158203125001e-05
12 0.001497650146484375 0.000528717041015625 9.002685546875e-05 0.00025482177734375
8 0.0015350341796875001 0.000858306884765625 0.00012512207031250002 9.307861328125001e-05
9 0.0015121459960937501 0.0008567810058593751 4.57763671875e-05 9.307861328125001e-05