8 0.00024576822916666665 0.0007630208333333334 7.975260416666667e-05 0.00010937500000000002
8 0.00022460937499999998 0.0007552083333333334 5.533854166666667e-05 5.729166666666667e-05
8 0.00029296875000000004 0.0007421875000000001 4.2317708333333335e-05 4.947916666666667e-05
8 0.0002994791666666667 0.0007395833333333334 4.557291666666667e-05 4.4270833333333337e-05
8 0.00035970052083333335 0.0007656250000000001 5.859375e-05 6.770833333333334e-05
8 0.0003629557291666667 0.0007630208333333334 6.0221354166666675e-05 5.729166666666667e-05
8 0.0004443359375 0.0007604166666666667 6.673177083333334e-05 7.031250000000001e-05
8 0.0004410807291666666 0.0007604166666666667 5.0455729166666666e-05 6.510416666666668e-05
8 0.00048665364583333335 0.0007578125000000001 3.743489583333333e-05 7.031250000000001e-05
8 0.0004964192708333333 0.0007526041666666667 4.557291666666667e-05 5.9895833333333344e-05
12 0.0007047526041666667 0.0005807291666666668 3.092447916666667e-05 7.031250000000001e-05
8 0.0008300781250000001 0.0007994791666666668 8.138020833333334e-05 8.072916666666668e-05
12 0.0008072916666666667 0.0005755208333333334 2.1158854166666667e-05 5.9895833333333344e-05
12 0.0008268229166666666 0.0005651041666666668 3.906250000000001e-05 5.208333333333334e-05
8 0.0010009765625000001 0.0008151041666666668 0.0001220703125 0.00011197916666666668
12 0.0009277343750000001 0.0006067708333333334 3.092447916666667e-05 5.9895833333333344e-05
12 0.0009261067708333333 0.0006145833333333333 1.9531250000000004e-05 5.729166666666667e-05
8 0.0010921223958333334 0.0007578125 4.720052083333334e-05 4.166666666666667e-05
12 0.0011197916666666667 0.0006119791666666667 2.604166666666667e-05 4.947916666666667e-05
12 0.0011197916666666665 0.0006536458333333334 2.1158854166666667e-05 8.593750000000001e-05
7 0.0013720703125 0.0008307291666666668 6.998697916666667e-05 0.00010416666666666667