9 0.000543212890625 0.0009033203125 2.1362304687500002e-05 7.62939453125e-05
9 0.000566864013671875 0.0009033203125 2.5939941406250003e-05 8.850097656250001e-05
9 0.000592803955078125 0.0009239196777343751 2.5939941406250003e-05 0.00011444091796875
8 0.00038833618164062504 0.0009185791015625 8.087158203125001e-05 8.544921875000001e-05
9 0.00038604736328125 0.0009216308593750001 6.7138671875e-05 8.544921875000001e-05
9 0.00065765380859375 0.000914764404296875 2.74658203125e-05 0.00013275146484375002
9 0.0006607055664062501 0.0009140014648437501 2.74658203125e-05 0.000128173828125
9 0.0006774902343750001 0.0009086608886718751 2.44140625e-05 0.00012969970703125
9 0.0006835937500000001 0.00091094970703125 2.44140625e-05 0.00014038085937500002
9 0.000714874267578125 0.0009010314941406251 3.204345703125e-05 0.00012969970703125
9 0.0007156372070312501 0.000904083251953125 3.0517578125e-05 0.00013275146484375002
8 0.0013130187988281252 0.00095672607421875 0.00024871826171875 0.0002349853515625