8 5.1116943359375e-05 0.0010238647460937501 5.0354003906250004e-05 0.0002288818359375
14 0.00020370483398437502 0.000852203369140625 0.00016937255859375002 0.00013580322265625
8 0.000255584716796875 0.001039886474609375 0.00021820068359375 0.00027923583984375
8 0.000698089599609375 0.001258087158203125 0.00050506591796875 0.00066375732421875
12 0.00051116943359375 0.0005577087402343751 2.74658203125e-05 7.781982421875001e-05
12 0.000659942626953125 0.000539398193359375 2.288818359375e-05 6.256103515625001e-05
12 0.000782012939453125 0.00054779052734375 2.288818359375e-05 7.324218750000001e-05
8 0.0010086059570312501 0.000882720947265625 0.0001739501953125 0.00010223388671875
8 0.0012519836425781252 0.001030731201171875 0.00027313232421875003 0.00027618408203125
12 0.001074981689453125 0.00068206787109375 2.288818359375e-05 6.7138671875e-05
8 0.00132598876953125 0.000868988037109375 0.0001312255859375 0.00011444091796875
12 0.001486968994140625 0.000482177734375 6.256103515625001e-05 0.00019226074218750002
9 0.0015350341796875001 0.000934600830078125 5.4931640625e-05 0.00018157958984375