8 0.0003326416015625 0.0009712219238281251 0.0001678466796875 0.00020904541015625002
8 0.0003662109375 0.0009239196777343751 6.7138671875e-05 0.00013580322265625
8 0.00036773681640625 0.00091094970703125 5.1879882812500005e-05 0.00010986328125
8 0.00042648315429687504 0.00088043212890625 7.781982421875001e-05 9.1552734375e-05
8 0.000421142578125 0.0008934020996093751 5.7983398437500004e-05 9.307861328125001e-05
8 0.00046768188476562503 0.0008628845214843751 6.256103515625001e-05 8.392333984375e-05
8 0.00046081542968750004 0.0008636474609375 3.96728515625e-05 8.544921875000001e-05
8 0.000965118408203125 0.000806427001953125 8.087158203125001e-05 7.476806640625e-05
8 0.000959014892578125 0.0008026123046875 7.171630859375e-05 5.7983398437500004e-05
8 0.0010620117187500001 0.0007789611816406251 5.7983398437500004e-05 4.730224609375e-05
8 0.001067352294921875 0.00079345703125 5.9509277343750005e-05 6.7138671875e-05
8 0.0011833190917968752 0.00075531005859375 4.4250488281250005e-05 3.35693359375e-05
8 0.0015426635742187501 0.000720977783203125 0.00014648437500000002 6.561279296875e-05
8 0.0015235900878906251 0.0007217407226562501 0.00012664794921875 5.7983398437500004e-05