9 0.00015182495117187502 0.0008567810058593751 2.8991699218750002e-05 8.392333984375e-05
8 0.00025405883789062503 0.000946044921875 0.00012359619140625 0.00016174316406250002
8 0.00041809082031250003 0.000949859619140625 0.00012512207031250002 0.00018463134765625002
9 0.00033721923828125 0.0009521484375000001 4.2724609375000004e-05 0.000225830078125
9 0.000339508056640625 0.000952911376953125 2.5939941406250003e-05 0.00020599365234375
9 0.00036773681640625 0.000949859619140625 3.0517578125e-05 0.00023956298828125002
9 0.000457763671875 0.0009407043457031251 4.57763671875e-05 0.00020294189453125
9 0.00046463012695312504 0.00093231201171875 4.119873046875e-05 0.0001983642578125
9 0.00045700073242187504 0.00093231201171875 3.204345703125e-05 0.00019226074218750002
9 0.00054168701171875 0.000934600830078125 4.2724609375000004e-05 0.00020294189453125
9 0.000640106201171875 0.0009353637695312501 5.645751953125e-05 0.0002288818359375
8 0.000720977783203125 0.0008644104003906251 8.392333984375e-05 0.00010223388671875
9 0.000698089599609375 0.0009185791015625 4.119873046875e-05 0.0002105712890625
9 0.0008338928222656251 0.0008720397949218751 3.5095214843750004e-05 0.00014801025390625002
9 0.0008331298828125 0.00084686279296875 2.44140625e-05 0.0001220703125
10 0.0009315490722656251 0.0005523681640625 4.4250488281250005e-05 0.0001434326171875
9 0.0014160156250000002 0.00086212158203125 5.4931640625e-05 0.00021667480468750002
9 0.00146331787109375 0.000867462158203125 5.1879882812500005e-05 0.00022430419921875002
9 0.0015106201171875 0.0008819580078125001 4.57763671875e-05 0.0002471923828125
9 0.0015464782714843751 0.0008377075195312501 2.5939941406250003e-05 0.0002105712890625