8 0.0004475911458333333 0.0012552083333333337 0.0004443359375 0.0007005208333333334
8 0.00014648437500000002 0.0008567708333333334 0.00011067708333333334 0.00015364583333333335
12 0.00035970052083333335 0.0005937500000000001 3.580729166666667e-05 9.895833333333334e-05
10 0.000361328125 0.0005911458333333334 2.9296875e-05 7.812500000000002e-05
10 0.0004524739583333333 0.0005937500000000001 3.092447916666667e-05 0.00010416666666666667
8 0.0005485026041666666 0.0009296875 0.00012532552083333333 0.00019010416666666668
8 0.000625 0.0008750000000000001 6.835937499999999e-05 0.00011197916666666668
11 0.0005924479166666668 0.000578125 2.9296875e-05 8.854166666666667e-05
10 0.0005940755208333334 0.0005703125 2.7669270833333335e-05 7.291666666666667e-05
8 0.0008284505208333333 0.0009921875 0.000234375 0.0002838541666666667
11 0.0007080078125000001 0.0006171875000000001 5.208333333333334e-05 0.00011979166666666669
12 0.0006949869791666667 0.0005807291666666668 2.7669270833333335e-05 7.812500000000002e-05
11 0.0009000651041666667 0.0006953125000000001 2.604166666666667e-05 8.333333333333334e-05
11 0.0009049479166666667 0.0007265625000000001 2.7669270833333335e-05 9.895833333333334e-05
8 0.0013134765625000002 0.0008385416666666668 0.000126953125 0.00012239583333333335
8 0.0012858072916666667 0.0008567708333333335 8.789062500000001e-05 0.000125
8 0.0013850911458333334 0.0008463541666666668 0.00013346354166666669 0.0001510416666666667