10 0.000162506103515625 0.00020523071289062502 0.00012664794921875 0.00019989013671875002
9 0.00040664672851562503 0.001525115966796875 0.00028228759765625 0.00124664306640625
9 0.00051422119140625 0.00153961181640625 0.0003662109375 0.001226806640625
8 0.0007713317871093751 0.000815582275390625 0.00018157958984375 8.392333984375e-05
8 0.00105133056640625 0.000830841064453125 0.00018615722656250002 0.00010223388671875
10 0.0009162902832031251 8.6212158203125e-05 4.4250488281250005e-05 8.392333984375e-05
12 0.0008949279785156251 0.0006011962890625001 2.288818359375e-05 6.7138671875e-05
12 0.001033782958984375 0.000598907470703125 2.5939941406250003e-05 7.781982421875001e-05
12 0.00102691650390625 0.0005882263183593751 1.52587890625e-05 5.9509277343750005e-05
12 0.00114898681640625 0.000691986083984375 2.1362304687500002e-05 7.476806640625e-05
8 0.0013816833496093752 0.0008171081542968751 0.00018463134765625002 0.00011138916015625001
12 0.00127410888671875 0.00019073486328125 4.57763671875e-05 0.0001434326171875
8 0.00140380859375 0.0008071899414062501 0.0001129150390625 8.544921875000001e-05
8 0.0015197753906250001 0.00080413818359375 0.00016174316406250002 8.850097656250001e-05