8 0.000274658203125 0.0007781982421875 7.324218750000001e-05 7.324218750000001e-05
8 0.00026931762695312503 0.0007789611816406251 6.256103515625001e-05 5.9509277343750005e-05
8 0.00038375854492187503 0.000762939453125 5.9509277343750005e-05 5.4931640625e-05
8 0.000530242919921875 0.00081787109375 0.00012054443359375 0.0001220703125
8 0.000678253173828125 0.0008018493652343751 8.392333984375e-05 0.00011138916015625001
11 0.000652313232421875 0.000637054443359375 2.288818359375e-05 7.476806640625e-05
8 0.0007217407226562501 0.00075531005859375 4.2724609375000004e-05 5.1879882812500005e-05
11 0.0007102966308593751 0.00063323974609375 1.983642578125e-05 6.7138671875e-05
8 0.0008476257324218751 0.0008224487304687501 0.00010528564453125 0.00014038085937500002
11 0.000875091552734375 0.000689697265625 2.288818359375e-05 5.1879882812500005e-05
11 0.0009048461914062501 0.000689697265625 1.8310546875000003e-05 5.4931640625e-05