7 0.0009611002604166667 0.00084765625 2.604166666666667e-05 9.505208333333334e-05
8 0.0002685546875 0.0009635416666666668 0.00022786458333333336 0.00019270833333333336
12 8.626302083333333e-05 0.0007500000000000001 1.9531250000000004e-05 4.687500000000001e-05
12 0.0005143229166666667 0.0005625000000000001 2.604166666666667e-05 6.770833333333334e-05
12 0.0005110677083333333 0.000546875 2.1158854166666667e-05 5.468750000000001e-05
8 0.0007096354166666667 0.0009375000000000002 0.00015136718750000003 0.00018489583333333335
12 0.0006429036458333333 0.0005677083333333334 2.7669270833333335e-05 6.510416666666668e-05
12 0.0008300781249999999 0.0007057291666666668 2.1158854166666667e-05 6.25e-05
9 0.0008349609375000001 0.0008437500000000001 2.44140625e-05 9.375000000000002e-05
12 0.001005859375 0.0005520833333333335 4.3945312500000005e-05 0.00016145833333333336
12 0.0009993489583333332 0.0005390625 3.255208333333333e-05 0.0001328125
7 0.0010709635416666667 0.0008411458333333335 5.696614583333334e-05 9.375000000000002e-05
8 0.0011621093750000002 0.0008333333333333334 0.00010416666666666667 8.593750000000001e-05
9 0.0011946614583333334 0.0008567708333333334 3.743489583333333e-05 0.00012760416666666668
9 0.0011930338541666667 0.0008411458333333335 3.255208333333333e-05 0.00010937500000000002