8 0.00010757446289062501 0.0008491516113281251 8.697509765625e-05 8.087158203125001e-05
8 0.000113677978515625 0.00085601806640625 8.392333984375e-05 8.544921875000001e-05
8 0.00016632080078125 0.0008628845214843751 6.40869140625e-05 8.392333984375e-05
8 0.00029296875000000004 0.0008628845214843751 0.0001220703125 0.00011749267578125
8 0.000439453125 0.0008224487304687501 5.4931640625e-05 5.4931640625e-05
8 0.0004425048828125 0.000838470458984375 5.1879882812500005e-05 6.561279296875e-05
12 0.000609588623046875 0.0005126953125 3.814697265625e-05 0.000128173828125
8 0.0009162902832031251 0.001100921630859375 0.00028533935546875 0.00036468505859375003
11 0.0008270263671875 0.0004928588867187501 4.2724609375000004e-05 0.00010986328125
14 0.0009971618652343751 0.0008071899414062501 0.00012664794921875 8.850097656250001e-05
14 0.000998687744140625 0.0007766723632812501 0.00012664794921875 5.7983398437500004e-05
8 0.0009468078613281251 0.000811767578125 4.119873046875e-05 8.544921875000001e-05
8 0.0009559631347656251 0.0007942199707031251 4.730224609375e-05 6.561279296875e-05
11 0.001053619384765625 0.000540924072265625 4.119873046875e-05 0.00011444091796875
8 0.0014961242675781252 0.001085662841796875 0.00045318603515625004 0.00043792724609375004
11 0.0012413024902343751 0.0006774902343750001 3.814697265625e-05 0.00010986328125