8 0.000275421142578125 0.0008628845214843751 0.00010833740234375001 0.00011749267578125
8 0.00055999755859375 0.000942230224609375 0.00021667480468750002 0.00021820068359375
10 0.00046844482421875004 0.0005805969238281251 2.74658203125e-05 7.476806640625e-05
11 0.000594329833984375 0.000555419921875 2.5939941406250003e-05 5.7983398437500004e-05
11 0.000592803955078125 0.000560760498046875 2.288818359375e-05 6.561279296875e-05
11 0.0006866455078125 0.00057220458984375 2.1362304687500002e-05 6.7138671875e-05
8 0.0007408142089843751 0.0008094787597656251 4.730224609375e-05 6.256103515625001e-05
8 0.0008300781250000001 0.0008514404296875001 9.46044921875e-05 0.0001220703125
11 0.00093841552734375 0.000690460205078125 3.0517578125e-05 6.561279296875e-05
11 0.000991058349609375 0.0006378173828125001 3.5095214843750004e-05 8.850097656250001e-05
8 0.001064300537109375 0.000827789306640625 7.171630859375e-05 8.392333984375e-05
8 0.0011344909667968751 0.000823211669921875 0.00011138916015625001 7.476806640625e-05
8 0.0012290954589843752 0.0008171081542968751 0.00013580322265625 9.307861328125001e-05
8 0.0012786865234375002 0.000812530517578125 8.850097656250001e-05 0.00010223388671875