14 0.00023274739583333334 0.0008958333333333334 0.00012532552083333333 0.00012239583333333335
14 0.00022460937499999998 0.0008880208333333334 0.00011555989583333335 9.375000000000002e-05
12 0.00044108072916666666 0.0007213541666666667 2.44140625e-05 6.770833333333334e-05
11 0.0005110677083333333 0.0007213541666666667 2.2786458333333334e-05 5.729166666666667e-05
8 0.000576171875 0.0008750000000000001 6.184895833333334e-05 7.291666666666667e-05
11 0.0005761718750000001 0.0007291666666666668 2.9296875e-05 6.25e-05
8 0.0006445312500000001 0.0008541666666666668 5.696614583333334e-05 6.510416666666668e-05
11 0.0006949869791666667 0.0007942708333333334 2.2786458333333334e-05 5.468750000000001e-05
8 0.0007259114583333334 0.0008645833333333334 5.371093750000001e-05 6.25e-05
8 0.0007747395833333333 0.0008828125000000001 5.533854166666667e-05 0.00011979166666666669
8 0.0009098307291666666 0.0009635416666666668 0.00015787760416666668 0.00019270833333333336
11 0.0007991536458333334 0.0007526041666666667 2.7669270833333335e-05 5.729166666666667e-05
8 0.0009684244791666667 0.0008984375000000001 8.138020833333334e-05 0.00012239583333333335
8 0.001298828125 0.0009635416666666669 0.00023274739583333334 0.00018750000000000003
8 0.0015592447916666667 0.0009635416666666668 0.0002945963541666667 0.0003072916666666667