8 0.000127410888671875 0.0010658264160156251 0.00012664794921875 0.00032806396484375
9 0.0015312194824218751 0.0012725830078125 0.00018768310546875 0.000732421875
8 0.000258636474609375 0.000994110107421875 0.00018463134765625002 0.00023651123046875
8 0.000499725341796875 0.000896453857421875 0.00018157958984375 0.00011749267578125
8 0.0005645751953125 0.000876617431640625 0.0001129150390625 0.00011138916015625001
8 0.000644683837890625 0.0008819580078125001 0.00016021728515625 0.0001220703125
14 0.00074005126953125 0.000872802734375 9.1552734375e-05 0.000213623046875
8 0.0008392333984375 0.0008880615234375 7.019042968750001e-05 9.1552734375e-05
14 0.0008636474609375 0.00086517333984375 8.23974609375e-05 0.0001983642578125
9 0.0009239196777343751 0.00095367431640625 5.645751953125e-05 0.000286865234375
9 0.0009178161621093751 0.0009368896484375001 2.288818359375e-05 0.000244140625