11 0.00155029296875 0.00023177083333333337 0.00010660807291666666 0.00023046875000000004
8 0.00024576822916666665 0.0008932291666666668 9.928385416666667e-05 9.375000000000002e-05
8 0.0002408854166666667 0.0008958333333333334 9.27734375e-05 8.854166666666667e-05
8 0.00028645833333333333 0.0008750000000000001 5.696614583333334e-05 8.854166666666667e-05
8 0.000283203125 0.0008723958333333334 4.8828125e-05 8.333333333333334e-05
8 0.0003629557291666667 0.0008671875000000001 7.486979166666666e-05 0.00011979166666666669
8 0.0003564453125 0.0008541666666666668 6.673177083333334e-05 0.00010416666666666667
8 0.0007112630208333334 0.0009739583333333333 0.00017578125000000002 0.0002526041666666667
12 0.0006429036458333334 0.0007500000000000001 2.604166666666667e-05 3.125e-05
8 0.0007535807291666666 0.0009088541666666668 8.951822916666667e-05 0.00016145833333333336
8 0.0009651692708333333 0.0009270833333333335 0.000126953125 0.00017187500000000002
8 0.0009814453125000001 0.0009140625000000002 0.0001383463541666667 0.00015625000000000003
8 0.0011702473958333333 0.0009869791666666668 0.00025716145833333336 0.00021093750000000002