14 0.00019226074218750002 0.000872802734375 0.00019226074218750002 0.00025024414062500003
8 0.0002532958984375 0.000945281982421875 0.00014648437500000002 0.00014801025390625002
8 0.00039215087890625004 0.0008666992187500001 0.00021667480468750002 0.0002105712890625
14 0.00033721923828125 0.0008880615234375 0.0001220703125 0.0002105712890625
8 0.0006507873535156251 0.0012222290039062501 0.00042266845703125004 0.0005004882812500001
8 0.000722503662109375 0.00098114013671875 0.00024566650390625 0.000408935546875
14 0.0007179260253906251 0.000994873046875 0.00019073486328125 0.0003509521484375
8 0.000827789306640625 0.0008781433105468751 7.781982421875001e-05 0.00010223388671875
8 0.0008590698242187501 0.000909423828125 0.00010375976562500001 0.0001220703125
8 0.00098114013671875 0.0009254455566406251 0.0001495361328125 0.00020904541015625002
8 0.00115203857421875 0.000995635986328125 0.00026550292968750003 0.00026092529296875
8 0.00124359130859375 0.0008666992187500001 0.0001434326171875 0.000244140625