8 0.0003141276041666667 0.0008281250000000001 0.0001220703125 0.00010937500000000002
8 0.0003841145833333333 0.0008203125000000001 7.324218750000001e-05 8.333333333333334e-05
14 0.00044270833333333337 0.0008151041666666668 6.673177083333334e-05 0.00011458333333333334
8 0.0004361979166666667 0.0008125000000000001 5.208333333333334e-05 0.00010937500000000002
8 0.00047200520833333334 0.0008072916666666668 4.2317708333333335e-05 6.770833333333334e-05
12 0.0005305989583333333 0.00043489583333333336 3.092447916666667e-05 9.114583333333334e-05
8 0.000888671875 0.0011588541666666668 0.00037434895833333336 0.000484375
10 0.0007307942708333334 0.0004635416666666666 3.906250000000001e-05 0.00010937500000000002
10 0.001025390625 0.0006197916666666667 2.9296875e-05 6.770833333333334e-05
10 0.0010302734375 0.0006041666666666668 2.1158854166666667e-05 5.9895833333333344e-05
10 0.0013118489583333335 0.0003515625000000001 4.720052083333334e-05 0.00014843750000000002