8 0.0002978515625 0.0009895833333333334 0.0001806640625 0.00022395833333333336
8 0.0003385416666666667 0.0009244791666666668 6.673177083333334e-05 0.0001328125
8 0.0003401692708333334 0.0009218750000000002 6.673177083333334e-05 0.0001354166666666667
8 0.00041015625000000004 0.0008906250000000001 8.626302083333333e-05 0.00011197916666666668
8 0.00040527343750000003 0.0008880208333333334 7.324218750000001e-05 9.114583333333334e-05
8 0.00044921874999999997 0.0008515624999999999 6.184895833333334e-05 8.333333333333334e-05
8 0.00044108072916666666 0.0008619791666666667 4.2317708333333335e-05 8.854166666666667e-05
8 0.0009765625 0.0007968750000000001 8.138020833333334e-05 7.552083333333335e-05
8 0.0009700520833333334 0.0007916666666666668 7.161458333333333e-05 5.729166666666667e-05
8 0.0010823567708333332 0.000765625 7.486979166666666e-05 6.510416666666668e-05
8 0.0010725911458333334 0.0007578125000000001 6.0221354166666675e-05 5.468750000000001e-05
8 0.0011946614583333334 0.0007265625000000001 5.0455729166666666e-05 3.6458333333333336e-05
8 0.0015608723958333334 0.0006848958333333334 0.00013346354166666669 6.510416666666668e-05
8 0.0015608723958333336 0.0006848958333333334 0.00012532552083333333 5.729166666666667e-05