8 0.0015594482421875 0.001226806640625 0.0001129150390625 0.0005004882812500001
8 8.7738037109375e-05 0.0014373779296875 8.697509765625e-05 0.0007446289062500001
8 0.000154876708984375 0.0010528564453125 0.00015411376953125002 0.000299072265625
8 0.000432586669921875 0.000951385498046875 0.00022430419921875002 0.00020904541015625002
8 0.000423431396484375 0.00094757080078125 0.00019683837890625 0.00023193359375000002
8 0.00054168701171875 0.0008872985839843751 0.0001220703125 0.00015106201171875
8 0.0006889343261718751 0.0008132934570312501 6.256103515625001e-05 7.324218750000001e-05
8 0.0008941650390625 0.000806427001953125 6.40869140625e-05 7.476806640625e-05
8 0.00096282958984375 0.0008567810058593751 3.35693359375e-05 0.00012054443359375
8 0.00110321044921875 0.000896453857421875 0.000152587890625 0.00018768310546875
8 0.001522064208984375 0.0010505676269531251 0.00037994384765625003 0.00040435791015625