8 0.00035324096679687503 0.0010276794433593751 0.00031280517578125 0.00027008056640625
12 0.0002899169921875 0.000746917724609375 2.74658203125e-05 6.561279296875e-05
8 0.00042877197265625 0.00088043212890625 9.46044921875e-05 8.544921875000001e-05
8 0.00041427612304687503 0.000897979736328125 8.087158203125001e-05 9.918212890625e-05
8 0.000545501708984375 0.00091094970703125 0.00011749267578125 0.0001434326171875
8 0.000537872314453125 0.0008834838867187501 9.002685546875e-05 0.00010986328125
12 0.0005882263183593751 0.000640869140625 2.288818359375e-05 5.7983398437500004e-05
11 0.000685882568359375 0.000646209716796875 3.204345703125e-05 7.476806640625e-05
11 0.0006874084472656251 0.000640106201171875 2.8991699218750002e-05 4.730224609375e-05
11 0.000836944580078125 0.0007499694824218751 3.814697265625e-05 7.781982421875001e-05
11 0.000823211669921875 0.0007476806640625 2.288818359375e-05 5.1879882812500005e-05
11 0.0009140014648437501 0.00069580078125 3.0517578125e-05 8.544921875000001e-05
11 0.000913238525390625 0.0006950378417968751 2.288818359375e-05 4.730224609375e-05
8 0.00102996826171875 0.0008262634277343751 0.000128173828125 8.087158203125001e-05
8 0.0010345458984375 0.000820159912109375 0.00011901855468750001 6.256103515625001e-05
8 0.00108795166015625 0.00081024169921875 5.7983398437500004e-05 5.1879882812500005e-05
8 0.0010894775390625 0.000820159912109375 5.7983398437500004e-05 6.256103515625001e-05
8 0.001178741455078125 0.00082550048828125 7.171630859375e-05 7.324218750000001e-05
8 0.0012176513671875002 0.000815582275390625 0.0001068115234375 7.781982421875001e-05
8 0.0012908935546875001 0.00081939697265625 0.00011901855468750001 8.544921875000001e-05
8 0.001300811767578125 0.0008148193359375001 0.00012054443359375 6.7138671875e-05
8 0.0013587951660156252 0.00081024169921875 7.476806640625e-05 7.324218750000001e-05