8 0.000191497802734375 0.00091094970703125 8.697509765625e-05 7.324218750000001e-05
8 0.000202178955078125 0.0009277343750000001 7.781982421875001e-05 7.019042968750001e-05
8 0.0002716064453125 0.0009353637695312501 0.0001068115234375 0.00010986328125
8 0.000548553466796875 0.0009002685546875 9.002685546875e-05 0.00010375976562500001
8 0.000655364990234375 0.000867462158203125 5.0354003906250004e-05 6.561279296875e-05
9 0.000881195068359375 0.0008071899414062501 3.5095214843750004e-05 7.324218750000001e-05
9 0.00090179443359375 0.000905609130859375 5.1879882812500005e-05 0.00013275146484375002
9 0.000884246826171875 0.0008857727050781251 2.8991699218750002e-05 9.918212890625e-05
9 0.0010086059570312501 0.000911712646484375 6.7138671875e-05 0.00019073486328125
9 0.00098876953125 0.0008911132812500001 4.2724609375000004e-05 0.00015869140625
9 0.001032257080078125 0.0008949279785156251 4.4250488281250005e-05 0.00016632080078125
9 0.001029205322265625 0.0008949279785156251 4.119873046875e-05 0.00014801025390625002
8 0.0012031555175781251 0.000890350341796875 0.00017242431640625 0.00017242431640625
8 0.001222991943359375 0.0008880615234375 0.00019073486328125 0.00025024414062500003