8 0.00020833333333333335 0.0009036458333333334 0.00017252604166666667 0.00015364583333333335
8 0.00024251302083333335 0.0009375 0.00014648437500000002 0.00014843750000000002
8 0.00034993489583333334 0.0008880208333333334 8.626302083333333e-05 0.00010156250000000001
14 0.0004996744791666666 0.0008958333333333334 0.0001806640625 0.00030989583333333336
8 0.0005631510416666667 0.0008567708333333335 6.510416666666667e-05 6.510416666666668e-05
8 0.0006184895833333334 0.0008359375000000001 5.696614583333334e-05 5.208333333333334e-05
12 0.0006754557291666667 0.0005494791666666668 3.092447916666667e-05 9.895833333333334e-05
12 0.00080078125 0.0005494791666666668 3.906250000000001e-05 0.00010416666666666667
12 0.0010286458333333335 0.0007031250000000002 4.2317708333333335e-05 0.00010937500000000002
14 0.0015592447916666667 0.0008828125000000001 0.0002897135416666667 0.00032552083333333337
8 0.0015592447916666667 0.0015052083333333334 0.00017903645833333335 0.0007317708333333334
8 0.0015592447916666667 0.0015520833333333335 0.000166015625 0.0007864583333333335