8 0.00043782552083333336 0.0008828125000000001 0.00010742187500000001 0.0001354166666666667
8 0.00046875 0.0008515624999999999 5.696614583333334e-05 8.333333333333334e-05
8 0.00045084635416666667 0.0008593750000000001 2.44140625e-05 8.072916666666668e-05
8 0.0004964192708333333 0.0008359375000000001 5.208333333333334e-05 7.552083333333335e-05
8 0.00048665364583333335 0.0008437500000000001 3.255208333333333e-05 8.072916666666668e-05
8 0.0005240885416666666 0.0008281250000000001 6.184895833333334e-05 8.333333333333334e-05
8 0.000517578125 0.0008229166666666667 2.7669270833333335e-05 7.031250000000001e-05
8 0.0009505208333333333 0.0007890625 7.324218750000001e-05 6.510416666666668e-05
8 0.0009456380208333333 0.0007864583333333333 6.34765625e-05 5.468750000000001e-05
8 0.0010465494791666668 0.0007786458333333334 6.0221354166666675e-05 6.770833333333334e-05
8 0.00103515625 0.0007552083333333334 4.557291666666667e-05 4.687500000000001e-05
8 0.0011442057291666666 0.0007395833333333334 4.3945312500000005e-05 2.0833333333333336e-05
8 0.0015250651041666665 0.0008984375000000001 0.00023274739583333334 0.00022656250000000004
8 0.0014095052083333334 0.0007317708333333334 0.00011555989583333335 7.031250000000001e-05
8 0.001396484375 0.0007317708333333334 9.27734375e-05 5.208333333333334e-05