8 0.000897979736328125 0.000844573974609375 4.730224609375e-05 7.476806640625e-05
9 0.001015472412109375 0.0008331298828125 3.5095214843750004e-05 8.850097656250001e-05
9 5.4931640625e-05 0.000905609130859375 2.44140625e-05 0.00011138916015625001
9 8.163452148437501e-05 0.0009002685546875 2.288818359375e-05 8.850097656250001e-05
9 8.544921875000001e-05 0.000919342041015625 1.8310546875000003e-05 0.00012054443359375
12 9.994506835937501e-05 0.0007179260253906251 2.5939941406250003e-05 7.476806640625e-05
9 0.00010528564453125 0.000909423828125 2.1362304687500002e-05 0.00010986328125
9 0.000145721435546875 0.0009033203125 3.814697265625e-05 0.00012512207031250002
9 0.00014495849609375 0.0008949279785156251 2.74658203125e-05 0.00011138916015625001
9 0.000160980224609375 0.0009010314941406251 2.5939941406250003e-05 0.00011138916015625001
7 0.00016708374023437502 0.00089263916015625 2.5939941406250003e-05 0.00010375976562500001
9 0.00027313232421875003 0.0012794494628906251 0.0001068115234375 0.0006698608398437501
9 0.0002777099609375 0.001265716552734375 0.0001068115234375 0.00067901611328125
8 0.00033721923828125 0.0008781433105468751 0.0001373291015625 0.00011444091796875
14 0.00033721923828125 0.0008796691894531251 0.0001220703125 0.00012969970703125
14 0.00041961669921875 0.0008438110351562501 8.850097656250001e-05 8.850097656250001e-05
8 0.00043182373046875 0.0008514404296875001 9.765625e-05 9.1552734375e-05
8 0.000431060791015625 0.000868988037109375 9.002685546875e-05 7.476806640625e-05
9 0.00046463012695312504 0.000859832763671875 3.814697265625e-05 0.00011444091796875
14 0.0005920410156250001 0.0008666992187500001 0.00015563964843750002 0.0002288818359375
9 0.000861358642578125 0.0012443542480468752 0.00024261474609375 0.0005935668945312501
12 0.0007156372070312501 0.0005424499511718751 3.0517578125e-05 8.392333984375e-05
8 0.000820159912109375 0.000859832763671875 7.171630859375e-05 9.613037109375001e-05
8 0.000814056396484375 0.000848388671875 5.9509277343750005e-05 8.544921875000001e-05
12 0.0008285522460937501 0.00055999755859375 3.35693359375e-05 0.0001068115234375
12 0.001041412353515625 0.000684356689453125 3.204345703125e-05 9.613037109375001e-05
8 0.00150909423828125 0.0008705139160156251 0.00026550292968750003 0.00015411376953125002