9 8.463541666666667e-05 0.0009348958333333333 2.7669270833333335e-05 0.00015885416666666668
9 0.00010742187500000001 0.0009296875 2.604166666666667e-05 8.333333333333334e-05
9 0.0001383463541666667 0.0009401041666666668 3.743489583333333e-05 0.00017968750000000002
9 0.0001416015625 0.0009348958333333333 2.9296875e-05 0.0001744791666666667
8 0.0002587890625 0.0009322916666666668 0.0001220703125 0.00012760416666666668
8 0.000419921875 0.0009244791666666668 0.00013020833333333333 0.00014583333333333335
8 0.0004654947916666667 0.0008776041666666667 4.8828125e-05 0.00010156250000000001
8 0.0005078124999999999 0.0008619791666666667 4.720052083333334e-05 0.00010156250000000001
8 0.0006608072916666667 0.0008906250000000001 0.00014485677083333334 0.00014843750000000002
8 0.0007177734375 0.0008567708333333334 7.486979166666666e-05 8.333333333333334e-05
9 0.0008349609375 0.0008359375000000001 1.9531250000000004e-05 0.000125
10 0.0009293619791666668 0.0005651041666666668 4.069010416666667e-05 0.0001510416666666667
9 0.0015592447916666667 0.0008723958333333334 3.906250000000001e-05 0.00024739583333333335