8 0.0005745442708333333 0.0014739583333333334 0.0005745442708333333 0.0009739583333333335
8 0.0007275390625000001 0.001080729166666667 0.00020670572916666667 0.0003463541666666667
12 0.0005566406250000001 0.0007265625000000002 2.9296875e-05 9.375000000000002e-05
12 0.0007535807291666667 0.0005963541666666667 2.44140625e-05 8.072916666666668e-05
8 0.0008219401041666667 0.0008697916666666668 4.8828125e-05 6.25e-05
12 0.0008333333333333334 0.0007109375000000001 2.7669270833333335e-05 8.072916666666668e-05
8 0.0012711588541666667 0.0009088541666666669 0.00025065104166666665 0.00015625000000000003
12 0.0011360677083333335 0.0005911458333333334 6.510416666666667e-05 0.00018750000000000003
8 0.0014957682291666667 0.0009192708333333335 0.00017252604166666667 0.00017187500000000002
8 0.0013916015625 0.0009192708333333335 6.673177083333334e-05 0.00010937500000000002
8 0.0015543619791666668 0.0009348958333333333 0.00016927083333333334 0.0001744791666666667
8 0.0014990234375000001 0.0009270833333333335 0.00010253906250000001 0.0001328125
8 0.0015608723958333336 0.0009166666666666668 7.812500000000002e-05 0.00016406250000000004