9 0.001128387451171875 0.00087890625 5.0354003906250004e-05 0.000152587890625
9 0.0011566162109375 0.0008972167968750001 3.96728515625e-05 0.000225830078125
9 0.0012107849121093751 0.000907135009765625 5.9509277343750005e-05 0.00023345947265625
9 0.0012794494628906251 0.0008987426757812501 5.0354003906250004e-05 0.000225830078125
9 0.001360321044921875 0.0008972167968750001 4.119873046875e-05 0.0002471923828125
9 0.0014434814453125001 0.000897979736328125 3.6621093750000005e-05 0.00018768310546875
9 0.0015388488769531251 0.0009063720703125001 8.697509765625e-05 0.000244140625
8 0.00033035278320312503 0.0008911132812500001 0.00025787353515625003 0.00014648437500000002
8 0.00035781860351562504 0.000867462158203125 6.256103515625001e-05 0.00013275146484375002
8 0.000405120849609375 0.0008552551269531251 6.256103515625001e-05 0.00012054443359375
8 0.00044479370117187503 0.0008209228515625001 3.814697265625e-05 8.850097656250001e-05
8 0.000484466552734375 0.00081787109375 3.204345703125e-05 8.544921875000001e-05
8 0.00051422119140625 0.0008026123046875 2.44140625e-05 5.7983398437500004e-05
8 0.00057220458984375 0.0008148193359375001 5.1879882812500005e-05 9.1552734375e-05
8 0.000574493408203125 0.0008132934570312501 4.730224609375e-05 7.324218750000001e-05
8 0.0006927490234375001 0.0008857727050781251 0.0001312255859375 0.00018463134765625002
8 0.0007118225097656251 0.000806427001953125 4.119873046875e-05 7.476806640625e-05
9 0.0007484436035156251 0.0008148193359375001 1.678466796875e-05 8.850097656250001e-05
8 0.000769805908203125 0.0008285522460937501 2.288818359375e-05 8.850097656250001e-05
8 0.000829315185546875 0.000843048095703125 5.645751953125e-05 0.00013275146484375002
8 0.000861358642578125 0.0008415222167968751 6.256103515625001e-05 0.00011444091796875