8 0.0002593994140625 0.000960540771484375 0.0002593994140625 0.00029449462890625
8 0.00017089843750000002 0.00084075927734375 0.00014038085937500002 0.0001434326171875
8 0.00035324096679687503 0.0008331298828125 8.087158203125001e-05 8.850097656250001e-05
8 0.00037078857421875 0.000823211669921875 9.1552734375e-05 7.476806640625e-05
8 0.0005279541015625 0.00091094970703125 0.0001800537109375 0.000262451171875
12 0.000408172607421875 0.0005882263183593751 3.5095214843750004e-05 0.00010223388671875
8 0.000545501708984375 0.0008644104003906251 0.00017242431640625 0.00018157958984375
10 0.00041122436523437504 0.000562286376953125 2.8991699218750002e-05 7.781982421875001e-05
8 0.00109710693359375 0.0013641357421875 0.0006988525390625001 0.0007446289062500001
10 0.000494384765625 0.0005859375000000001 3.0517578125e-05 9.1552734375e-05
11 0.000615692138671875 0.0005828857421875 2.8991699218750002e-05 8.544921875000001e-05
10 0.0006256103515625 0.00055694580078125 2.74658203125e-05 7.324218750000001e-05
11 0.0007232666015625001 0.000606536865234375 5.1879882812500005e-05 0.00012054443359375
12 0.0007110595703125 0.000569915771484375 2.74658203125e-05 7.476806640625e-05
11 0.0009033203125 0.0006950378417968751 2.74658203125e-05 9.307861328125001e-05
11 0.00090789794921875 0.0006698608398437501 2.74658203125e-05 7.019042968750001e-05
8 0.0013938903808593751 0.0008338928222656251 0.00019073486328125 0.00015106201171875