8 0.00015136718750000003 0.0010520833333333335 0.00015136718750000003 0.0002447916666666667
8 0.00024739583333333335 0.0009869791666666668 0.00012858072916666668 0.0001744791666666667
8 0.0002408854166666667 0.0010052083333333334 0.00010416666666666667 0.00018750000000000003
9 0.0002978515625 0.0008750000000000001 3.743489583333333e-05 9.375000000000002e-05
8 0.0007421875 0.0012604166666666666 0.0004801432291666667 0.0006119791666666668
8 0.0007731119791666667 0.0010182291666666668 0.00010904947916666668 0.00028906250000000004
11 0.0008414713541666668 0.0007343750000000001 2.9296875e-05 6.510416666666668e-05
8 0.0008805338541666668 0.0009895833333333334 5.859375e-05 0.00020312500000000002
8 0.0010042317708333333 0.0010338541666666669 0.00014322916666666667 0.0003072916666666667
8 0.0013753255208333332 0.0011770833333333334 0.0004606119791666667 0.0004921875
9 0.00119140625 0.0007161458333333334 3.743489583333333e-05 4.4270833333333337e-05