8 5.0354003906250004e-05 0.0008857727050781251 4.2724609375000004e-05 7.476806640625e-05
12 0.000109100341796875 0.000768280029296875 2.5939941406250003e-05 7.476806640625e-05
10 0.000121307373046875 0.000745391845703125 3.204345703125e-05 6.561279296875e-05
8 0.000222015380859375 0.0009010314941406251 8.392333984375e-05 0.00011444091796875
8 0.000278472900390625 0.0008781433105468751 6.561279296875e-05 9.918212890625e-05
8 0.00026931762695312503 0.000867462158203125 5.340576171875e-05 7.781982421875001e-05
8 0.00038070678710937504 0.0008567810058593751 7.171630859375e-05 8.392333984375e-05
12 0.00035781860351562504 0.0006301879882812501 2.8991699218750002e-05 8.544921875000001e-05
8 0.000409698486328125 0.000848388671875 3.5095214843750004e-05 6.7138671875e-05
8 0.00046386718750000003 0.000867462158203125 7.019042968750001e-05 9.613037109375001e-05
8 0.00046844482421875004 0.0008697509765625 7.324218750000001e-05 0.00010986328125
11 0.0004669189453125 0.0006225585937500001 2.44140625e-05 7.019042968750001e-05
8 0.000506591796875 0.000867462158203125 4.57763671875e-05 9.918212890625e-05
8 0.000566864013671875 0.0008544921875 8.087158203125001e-05 0.00010375976562500001
8 0.00056304931640625 0.00086517333984375 7.62939453125e-05 0.00010986328125
11 0.000614166259765625 0.000739288330078125 2.288818359375e-05 4.730224609375e-05
11 0.0006202697753906251 0.000743865966796875 2.5939941406250003e-05 7.476806640625e-05
8 0.000844573974609375 0.00102081298828125 0.00023651123046875 0.00033874511718750004
8 0.00096282958984375 0.00094757080078125 0.0001373291015625 0.00015869140625
8 0.00097198486328125 0.0008171081542968751 0.00010070800781250001 9.307861328125001e-05
8 0.00096893310546875 0.0008018493652343751 9.1552734375e-05 7.476806640625e-05
10 0.00096435546875 0.000669097900390625 5.1879882812500005e-05 9.307861328125001e-05
10 0.0009696960449218751 0.0006721496582031251 4.119873046875e-05 0.00013275146484375002
8 0.0011947631835937502 0.000984954833984375 0.00025024414062500003 0.00020599365234375