8 0.00014322916666666667 0.0011015625000000001 0.00014322916666666667 0.0004192708333333334
8 0.0003401692708333334 0.0008151041666666667 4.720052083333334e-05 5.468750000000001e-05
12 0.00036946614583333335 0.0005078125000000001 2.7669270833333335e-05 0.00010156250000000001
8 0.000400390625 0.0008229166666666668 5.696614583333334e-05 5.729166666666667e-05
12 0.00037923177083333336 0.0005130208333333334 3.255208333333333e-05 0.00010677083333333335
8 0.00040201822916666673 0.0008125000000000001 5.371093750000001e-05 4.947916666666667e-05
8 0.00046875 0.0008151041666666668 6.0221354166666675e-05 6.25e-05
11 0.000537109375 0.0004947916666666667 2.9296875e-05 9.375000000000002e-05
11 0.0005387369791666666 0.0005 3.092447916666667e-05 9.895833333333334e-05
8 0.0006640625 0.0008619791666666668 0.00015299479166666668 0.00017187500000000002
11 0.0006608072916666667 0.0004947916666666667 3.255208333333333e-05 9.635416666666668e-05
11 0.0006624348958333333 0.0004895833333333334 2.7669270833333335e-05 7.031250000000001e-05
8 0.0006982421875 0.0008411458333333334 6.184895833333334e-05 0.00011458333333333334
8 0.0006966145833333334 0.0008359375000000001 5.371093750000001e-05 0.00010937500000000002
8 0.0008203125000000001 0.0008437500000000001 8.626302083333333e-05 0.00012760416666666668
7 0.0009505208333333333 0.0008489583333333335 4.8828125e-05 0.0001432291666666667
7 0.0009423828125000001 0.0008515625000000001 3.580729166666667e-05 0.00014062500000000002
11 0.0009830729166666668 0.0006484375 2.7669270833333335e-05 5.729166666666667e-05
8 0.0011279296875 0.0007968750000000001 0.00011067708333333334 7.031250000000001e-05
11 0.0011686197916666665 0.000546875 4.557291666666667e-05 0.0001666666666666667
11 0.0011783854166666668 0.0005338541666666667 5.371093750000001e-05 0.00015625000000000003
8 0.0013948567708333332 0.0008307291666666668 0.00021647135416666668 0.00010156250000000001