8 0.0015616861979166668 0.0012734375000000003 0.0005216471354166667 0.0005455729166666668
14 0.0002897135416666667 0.0009973958333333334 0.0002408854166666667 0.0002760416666666667
8 0.0002864583333333334 0.0010000000000000002 0.00022786458333333336 0.0002760416666666667
8 0.0004899088541666667 0.0009010416666666667 0.00010416666666666667 0.00011718750000000002
8 0.0004866536458333333 0.0009010416666666667 9.928385416666667e-05 0.00011718750000000002
8 0.0005452473958333335 0.0008723958333333334 5.371093750000001e-05 7.031250000000001e-05
8 0.0005436197916666666 0.0008750000000000001 4.557291666666667e-05 7.031250000000001e-05
8 0.0006868489583333334 0.0008333333333333335 4.2317708333333335e-05 4.947916666666667e-05
7 0.0007242838541666667 0.0008541666666666668 1.7903645833333333e-05 7.552083333333335e-05
8 0.0009016927083333334 0.0009453125000000002 9.602864583333333e-05 0.00016927083333333334
8 0.001083984375 0.001015625 0.0002099609375 0.00025
8 0.0010953776041666668 0.0010390625 0.00021321614583333332 0.0002734375