9 0.0013232421875 0.0008372395833333335 9.765625e-05 9.375000000000002e-05
9 0.00127685546875 0.0008072916666666668 3.336588541666667e-05 0.0001393229166666667
9 0.0012361653645833334 0.0007916666666666668 2.44140625e-05 9.505208333333334e-05
8 0.0015616861979166666 0.0009960937500000002 0.0001904296875 0.0003151041666666667
8 0.00012939453125 0.0009479166666666668 0.00012858072916666668 0.00014843750000000002
8 0.00016764322916666666 0.0009218750000000002 6.510416666666667e-05 0.00015625000000000003
8 0.00022949218750000001 0.0008880208333333334 6.673177083333334e-05 8.854166666666667e-05
8 0.00035481770833333334 0.0008567708333333334 6.673177083333334e-05 9.114583333333334e-05
8 0.00043457031250000006 0.0008411458333333334 4.8828125e-05 6.25e-05
8 0.0007682291666666667 0.0011145833333333335 0.00031250000000000006 0.0004583333333333334
8 0.0008951822916666668 0.0008906250000000001 0.00016276041666666668 0.00015364583333333335