9 0.0014314778645833333 0.0009114583333333335 5.0455729166666666e-05 0.0002421875
9 0.0013899739583333333 0.0008893229166666667 4.9641927083333335e-05 0.00022265625000000004
9 0.0013248697916666667 0.0008776041666666667 4.8014322916666664e-05 0.00016796875000000004
8 0.0003157552083333333 0.0008854166666666667 3.4179687499999996e-05 4.166666666666667e-05
8 0.0003580729166666667 0.0008776041666666668 4.2317708333333335e-05 5.208333333333334e-05
8 0.0003597005208333334 0.0008750000000000001 3.906250000000001e-05 3.125e-05
8 0.00041015625000000004 0.0008671875000000001 4.557291666666667e-05 4.687500000000001e-05
8 0.0005501302083333334 0.0008906249999999999 6.0221354166666675e-05 8.333333333333334e-05
8 0.0006738281250000001 0.0009166666666666668 9.440104166666668e-05 0.00011718750000000002
9 0.0008496093750000001 0.0009427083333333335 7.161458333333333e-05 0.0001953125
9 0.0008235677083333333 0.0009453125000000002 3.255208333333333e-05 0.00018229166666666667