8 0.00011962890625000001 0.0008684895833333333 0.00011881510416666666 0.00011718750000000002
8 0.00031087239583333336 0.0008281250000000001 0.00010091145833333333 6.510416666666668e-05
8 0.0003043619791666667 0.0008307291666666668 8.951822916666667e-05 6.25e-05
14 0.0005094401041666667 0.0007864583333333335 0.00011230468749999999 7.552083333333335e-05
8 0.00044921874999999997 0.0008515625000000001 5.208333333333334e-05 9.114583333333334e-05
8 0.000537109375 0.0008489583333333334 8.30078125e-05 8.854166666666667e-05
8 0.0006201171875000001 0.0008125000000000001 3.580729166666667e-05 4.4270833333333337e-05
11 0.0006233723958333333 0.0005703125000000001 2.2786458333333334e-05 7.552083333333335e-05
8 0.0008772786458333333 0.0008619791666666668 0.00020670572916666667 0.00013802083333333334
11 0.0007893880208333332 0.0007031250000000002 2.44140625e-05 5.468750000000001e-05
8 0.0013460286458333334 0.0007968750000000001 0.00015462239583333333 0.00011979166666666669