9 0.00152130126953125 0.000814056396484375 2.1362304687500002e-05 0.00011138916015625001
9 0.00147857666015625 0.000812530517578125 2.74658203125e-05 0.00012664794921875
8 0.00029754638671875 0.00093231201171875 0.0002899169921875 0.0002532958984375
12 0.000244140625 0.0006561279296875 0.0001129150390625 0.000335693359375
8 0.0006340026855468751 0.00084075927734375 0.00014801025390625002 0.0001220703125
8 0.0008262634277343751 0.0008262634277343751 0.00012359619140625 9.918212890625e-05
8 0.0008628845214843751 0.000787353515625 5.645751953125e-05 7.324218750000001e-05
12 0.000909423828125 0.000156402587890625 3.35693359375e-05 0.00011749267578125
12 0.00091094970703125 0.0005996704101562501 2.44140625e-05 7.324218750000001e-05
12 0.0010406494140625 0.000583648681640625 2.44140625e-05 6.256103515625001e-05
12 0.0011474609375 0.000647735595703125 2.1362304687500002e-05 4.119873046875e-05
12 0.0012176513671875002 0.000231170654296875 3.35693359375e-05 9.613037109375001e-05