8 0.000400390625 0.0011276041666666667 0.000400390625 0.0005338541666666667
8 0.0004475911458333333 0.0008098958333333334 8.789062500000001e-05 6.25e-05
8 0.0004964192708333333 0.0008151041666666668 5.208333333333334e-05 6.510416666666668e-05
8 0.0005013020833333333 0.0008177083333333334 4.8828125e-05 5.729166666666667e-05
8 0.0005533854166666668 0.0008020833333333335 5.208333333333334e-05 5.9895833333333344e-05
8 0.0005940755208333334 0.0008151041666666668 4.720052083333334e-05 6.770833333333334e-05
8 0.000693359375 0.0008359375000000001 9.928385416666667e-05 0.00012239583333333335
8 0.0007470703125000001 0.0008046875000000001 5.696614583333334e-05 7.291666666666667e-05
8 0.000810546875 0.0007838541666666667 3.255208333333333e-05 3.385416666666667e-05
8 0.000947265625 0.0008177083333333335 7.975260416666667e-05 8.854166666666667e-05
8 0.0012581380208333333 0.0009843750000000002 0.00026529947916666667 0.00026302083333333337