8 0.00067291259765625 0.00078125 2.44140625e-05 3.96728515625e-05
8 0.00011444091796875 0.00087127685546875 0.0001129150390625 9.46044921875e-05
8 0.000417327880859375 0.0009582519531250001 0.00023345947265625 0.000244140625
8 0.00048370361328125004 0.000815582275390625 4.8828125e-05 6.561279296875e-05
12 0.0005195617675781251 0.00071868896484375 1.983642578125e-05 3.96728515625e-05
8 0.000577545166015625 0.0008377075195312501 5.9509277343750005e-05 8.544921875000001e-05
11 0.000606536865234375 0.0005958557128906251 2.5939941406250003e-05 6.561279296875e-05
11 0.000606536865234375 0.0006011962890625001 2.288818359375e-05 5.4931640625e-05
8 0.00063323974609375 0.0008018493652343751 4.8828125e-05 5.9509277343750005e-05
11 0.000701904296875 0.00059051513671875 2.44140625e-05 5.1879882812500005e-05
11 0.000701141357421875 0.0006164550781250001 2.288818359375e-05 6.7138671875e-05
11 0.000875091552734375 0.00070343017578125 2.288818359375e-05 5.1879882812500005e-05