9 0.0013404846191406251 0.00094146728515625 6.256103515625001e-05 0.0001739501953125
8 7.019042968750001e-05 0.0009819030761718751 7.019042968750001e-05 0.00016937255859375002
8 9.3841552734375e-05 0.000959014892578125 5.0354003906250004e-05 0.00015106201171875
8 0.000257110595703125 0.0009429931640625001 0.00010528564453125 0.00015869140625
8 0.00024566650390625 0.0009239196777343751 8.850097656250001e-05 0.00013275146484375002
8 0.000374603271484375 0.000896453857421875 8.392333984375e-05 0.00010223388671875
8 0.0005935668945312501 0.0009971618652343751 0.00019226074218750002 0.00025787353515625003
8 0.0006195068359375 0.00089569091796875 4.57763671875e-05 0.00010986328125
8 0.000684356689453125 0.0009391784667968751 8.697509765625e-05 0.00018157958984375
8 0.000766754150390625 0.0009353637695312501 9.918212890625e-05 0.0001983642578125
8 0.000766754150390625 0.0009483337402343751 4.730224609375e-05 0.00015411376953125002
8 0.000922393798828125 0.000986480712890625 0.00016632080078125 0.00030975341796875
8 0.0012115478515625 0.001023101806640625 0.0003143310546875 0.00027008056640625
9 0.0012413024902343751 0.0009254455566406251 4.119873046875e-05 0.00016021728515625