8 0.0015079752604166667 0.0007981770833333335 0.00015055338541666667 6.901041666666667e-05
8 0.00023193359375000002 0.0009427083333333335 0.0002311197916666667 0.0002057291666666667
10 0.00016438802083333333 0.00021093750000000002 0.0001318359375 0.00020833333333333335
8 0.0003938802083333333 0.0008619791666666668 0.00012532552083333333 0.00012239583333333335
8 0.00038085937500000007 0.0008723958333333334 0.00010742187500000001 0.00013020833333333336
8 0.0005110677083333333 0.0008854166666666667 0.00018391927083333335 0.00015885416666666668
8 0.0006835937500000001 0.0008437500000000001 0.00016764322916666666 0.00011718750000000002
8 0.000732421875 0.0008255208333333334 0.00012369791666666668 0.00010937500000000002
10 0.0009163411458333334 8.333333333333334e-05 4.557291666666667e-05 8.072916666666668e-05
12 0.0008951822916666668 0.0006041666666666667 2.2786458333333334e-05 7.291666666666667e-05
8 0.0010188802083333334 0.0008098958333333334 5.533854166666667e-05 8.593750000000001e-05
12 0.0010335286458333333 0.0005989583333333334 2.604166666666667e-05 7.812500000000002e-05
12 0.0010270182291666665 0.0005885416666666668 1.46484375e-05 5.9895833333333344e-05
12 0.0011490885416666665 0.0006927083333333334 2.1158854166666667e-05 7.552083333333335e-05
8 0.0013151041666666667 0.0008229166666666668 0.000166015625 8.854166666666667e-05
12 0.0012744140625 0.00019010416666666668 4.557291666666667e-05 0.00014583333333333335
8 0.0013232421875 0.0007994791666666668 8.138020833333334e-05 6.770833333333334e-05
8 0.0014029947916666665 0.0008072916666666668 0.00011230468749999999 8.593750000000001e-05