8 6.4849853515625e-05 0.000885009765625 5.9509277343750005e-05 7.019042968750001e-05
8 0.000333404541015625 0.0009971618652343751 0.00022125244140625 0.00029144287109375
11 0.00027694702148437503 0.0007293701171875001 2.8991699218750002e-05 5.1879882812500005e-05
11 0.00027694702148437503 0.0007293701171875001 1.983642578125e-05 5.7983398437500004e-05
10 0.00038299560546875 0.0007942199707031251 2.44140625e-05 6.256103515625001e-05
11 0.00038299560546875 0.00078887939453125 2.1362304687500002e-05 4.8828125e-05
8 0.000439453125 0.00088043212890625 5.1879882812500005e-05 7.324218750000001e-05
14 0.000559234619140625 0.0008743286132812501 0.00012359619140625 0.00023193359375000002
8 0.0006149291992187501 0.000926971435546875 0.0001312255859375 0.00012969970703125
8 0.0008110046386718751 0.0009658813476562501 0.00019683837890625 0.0002288818359375
9 0.001079559326171875 0.0008987426757812501 5.0354003906250004e-05 0.0001953125
9 0.001074981689453125 0.0008857727050781251 3.814697265625e-05 0.00018463134765625002