8 0.00010742187500000001 0.0009622395833333334 0.00010660807291666666 0.00026692708333333337
8 0.00029622395833333334 0.0009244791666666669 0.0002197265625 0.00021614583333333335
8 0.0003141276041666667 0.0009140625000000002 0.00021809895833333336 0.00018489583333333335
8 0.00040690104166666674 0.0008567708333333334 0.00015625000000000003 0.0001510416666666667
8 0.0004117838541666667 0.0008776041666666668 0.00015136718750000003 0.00018229166666666667
8 0.0005696614583333334 0.0008333333333333334 8.30078125e-05 0.00010677083333333335
8 0.0005745442708333333 0.0008307291666666667 6.835937499999999e-05 9.895833333333334e-05
8 0.0006136067708333334 0.0008177083333333334 5.208333333333334e-05 0.00010677083333333335
8 0.0008610026041666667 0.0008593750000000001 0.00012044270833333335 0.00017968750000000002
8 0.0009765625 0.0008098958333333335 7.812500000000002e-05 0.00011718750000000002
8 0.0009733072916666667 0.0008046875000000001 6.835937499999999e-05 9.375000000000002e-05
8 0.0010514322916666667 0.0008567708333333334 0.00010579427083333334 0.0001510416666666667