9 0.0015087890625 0.0007786458333333334 4.150390625e-05 0.00015364583333333335
9 0.0012491861979166668 0.0008567708333333334 4.2317708333333335e-05 0.0002018229166666667
9 4.557291666666667e-05 0.0009348958333333333 2.7669270833333335e-05 0.00015885416666666668
9 6.835937499999999e-05 0.0009322916666666668 2.604166666666667e-05 8.333333333333334e-05
9 0.00010579427083333334 0.0009557291666666668 4.069010416666667e-05 0.00020052083333333337
9 0.00011067708333333334 0.0009401041666666668 4.557291666666667e-05 0.00017708333333333335
9 0.00014485677083333332 0.0009296875 2.9296875e-05 0.00014583333333333335
8 0.0002587890625 0.0009322916666666668 0.0001220703125 0.00012760416666666668
8 0.000419921875 0.0009244791666666668 0.00013020833333333333 0.00014583333333333335
8 0.0004654947916666667 0.0008776041666666667 4.8828125e-05 0.00010156250000000001
8 0.0005078124999999999 0.0008619791666666667 4.720052083333334e-05 0.00010156250000000001
8 0.0012955729166666669 0.0011458333333333336 0.0007486979166666667 0.0004661458333333334
8 0.0007194010416666667 0.0008593750000000001 7.975260416666667e-05 9.114583333333334e-05
10 0.0009293619791666668 0.0005651041666666668 4.069010416666667e-05 0.0001510416666666667
9 0.0012109375000000002 0.0008567708333333334 3.092447916666667e-05 0.00018750000000000003
8 0.0015616861979166668 0.0009348958333333333 0.00022379557291666666 0.00025
9 0.0015592447916666667 0.0008776041666666668 3.906250000000001e-05 0.0002526041666666667