8 0.000283050537109375 0.0008323669433593751 9.918212890625e-05 9.307861328125001e-05
8 0.000287628173828125 0.000823211669921875 9.613037109375001e-05 9.918212890625e-05
8 0.000473785400390625 0.0008148193359375001 7.171630859375e-05 8.544921875000001e-05
8 0.000481414794921875 0.0008148193359375001 7.781982421875001e-05 7.019042968750001e-05
8 0.000644683837890625 0.0008018493652343751 5.9509277343750005e-05 7.476806640625e-05
11 0.000732421875 0.00063629150390625 1.8310546875000003e-05 5.4931640625e-05
8 0.00084991455078125 0.000867462158203125 0.00011901855468750001 0.00015411376953125002
11 0.00080413818359375 0.0006301879882812501 2.44140625e-05 5.1879882812500005e-05
11 0.0009544372558593751 0.000713348388671875 2.288818359375e-05 4.730224609375e-05
11 0.001010894775390625 0.0007026672363281251 1.983642578125e-05 6.256103515625001e-05
8 0.001128387451171875 0.00083160400390625 0.00012664794921875 0.000128173828125
8 0.0011192321777343751 0.000848388671875 0.00011138916015625001 0.00015563964843750002
14 0.0015350341796875001 0.0009635925292968751 0.0003936767578125 0.00043487548828125
8 0.001558685302734375 0.000982666015625 0.00040130615234375 0.00044860839843750003