9 0.0007397460937500001 0.0008307291666666667 1.7903645833333333e-05 7.942708333333334e-05
9 0.0007657877604166667 0.0008398437500000002 2.1972656250000003e-05 9.635416666666668e-05
9 0.0001416015625 0.0008476562500000002 5.208333333333334e-05 0.00014973958333333335
9 9.358723958333333e-05 0.0008450520833333335 4.3945312500000005e-05 0.00013671875
9 0.0005078124999999999 0.0008645833333333335 3.743489583333333e-05 0.00012760416666666668
9 0.000537109375 0.0008593750000000001 3.743489583333333e-05 0.0001354166666666667
9 0.0005615234375000001 0.0008723958333333334 2.604166666666667e-05 8.854166666666667e-05
14 0.0009326171875000001 0.0008619791666666668 0.00015787760416666668 0.00019270833333333336
14 0.0010546875 0.0008307291666666668 0.00010742187500000001 0.00018489583333333335
8 0.00115234375 0.0008411458333333335 8.789062500000001e-05 0.00011197916666666668
7 0.0012141927083333332 0.0008645833333333334 4.557291666666667e-05 0.0001354166666666667
9 0.0014729817708333333 0.0007864583333333335 3.743489583333333e-05 8.854166666666667e-05
9 0.0015006510416666668 0.0007916666666666668 3.4179687499999996e-05 9.635416666666668e-05