10 0.00019694010416666666 0.00025520833333333336 0.00017089843750000002 0.0002447916666666667
8 0.0004606119791666667 0.0008958333333333334 0.0002490234375 0.00021093750000000002
8 0.0006559244791666667 0.0008385416666666667 9.928385416666667e-05 0.00010156250000000001
8 0.0007307942708333333 0.0008151041666666668 7.486979166666666e-05 8.593750000000001e-05
8 0.0007194010416666668 0.0008046875000000001 5.371093750000001e-05 7.031250000000001e-05
10 0.0009114583333333335 8.854166666666667e-05 4.069010416666667e-05 8.854166666666667e-05
10 0.0008951822916666666 0.0006041666666666667 2.1158854166666667e-05 8.072916666666668e-05
10 0.0010319010416666666 0.0005859375000000001 2.44140625e-05 6.25e-05
11 0.0011458333333333333 0.0006796875000000001 2.44140625e-05 7.291666666666667e-05
7 0.0012320963541666667 0.0008072916666666668 3.255208333333333e-05 0.00010416666666666667
10 0.0012711588541666667 0.00018489583333333335 3.906250000000001e-05 0.00014062500000000002
9 0.0012760416666666666 0.0007916666666666668 2.44140625e-05 8.072916666666668e-05
9 0.0013850911458333334 0.0008307291666666668 3.092447916666667e-05 0.00014062500000000002
9 0.0013769531250000001 0.0008229166666666668 2.2786458333333334e-05 0.00010937500000000002
8 0.0015559895833333335 0.0010520833333333335 6.184895833333334e-05 0.00036718750000000006