8 0.0015478515625000002 0.0008828125000000001 0.00023518880208333334 0.00020442708333333334
8 0.0015616861979166668 0.0014231770833333336 0.00018229166666666667 0.0006914062500000001
8 0.00029052734375000004 0.0008893229166666667 0.00015055338541666667 0.00015494791666666668
12 0.0002799479166666667 0.0006796875000000002 2.9296875e-05 7.812500000000002e-05
8 0.0003678385416666667 0.0008072916666666668 5.696614583333334e-05 5.729166666666667e-05
11 0.0003515625 0.0006848958333333334 2.9296875e-05 5.729166666666667e-05
11 0.0004443359375 0.0007526041666666667 2.2786458333333334e-05 6.25e-05
8 0.0005550130208333334 0.0008177083333333334 5.696614583333334e-05 0.00010156250000000001
8 0.0005989583333333334 0.0008333333333333334 6.0221354166666675e-05 0.00011458333333333334
8 0.0005973307291666667 0.0008072916666666668 5.533854166666667e-05 7.812500000000002e-05
8 0.0006575520833333333 0.0008359375000000001 8.626302083333333e-05 0.00011718750000000002
11 0.0007291666666666667 0.0007239583333333334 2.9296875e-05 5.9895833333333344e-05
11 0.0007242838541666667 0.0007239583333333334 1.7903645833333333e-05 4.4270833333333337e-05
8 0.0008447265625000001 0.0008333333333333334 8.951822916666667e-05 0.000125
8 0.0009065755208333333 0.0008463541666666668 5.859375e-05 0.00010677083333333335
8 0.0009537760416666668 0.0008984375000000001 6.673177083333334e-05 0.00016406250000000004
8 0.0009570312500000001 0.0008802083333333334 5.859375e-05 0.0001354166666666667
8 0.0010937499999999999 0.0009531250000000002 0.0001611328125 0.0002135416666666667
8 0.0010807291666666667 0.0009088541666666669 0.00014485677083333334 0.00015364583333333335
8 0.0012874348958333334 0.0008750000000000001 0.00018880208333333336 0.00021875000000000003
8 0.001298828125 0.0008307291666666668 0.00019856770833333334 0.0001328125