8 9.1552734375e-05 0.001068115234375 9.1552734375e-05 0.00047607421875000004
8 0.00014190673828125 0.0008590698242187501 0.00010375976562500001 0.00015563964843750002
8 0.0001800537109375 0.000888824462890625 0.0001129150390625 9.918212890625e-05
8 0.00023574829101562502 0.0008743286132812501 6.561279296875e-05 8.850097656250001e-05
8 0.00026702880859375 0.000868988037109375 9.1552734375e-05 7.476806640625e-05
8 0.0005386352539062501 0.001010894775390625 0.0003143310546875 0.00036468505859375003
12 0.00034255981445312504 0.000577545166015625 3.5095214843750004e-05 9.918212890625e-05
10 0.00034255981445312504 0.000562286376953125 2.8991699218750002e-05 7.781982421875001e-05
10 0.000439453125 0.0005706787109375 3.0517578125e-05 0.00010375976562500001
8 0.0006126403808593751 0.000911712646484375 9.613037109375001e-05 0.00016632080078125
11 0.000585174560546875 0.00056304931640625 2.8991699218750002e-05 8.850097656250001e-05
10 0.00059661865234375 0.000555419921875 2.74658203125e-05 7.324218750000001e-05
8 0.000652313232421875 0.0008377075195312501 5.9509277343750005e-05 6.7138671875e-05
8 0.000821685791015625 0.000942230224609375 0.00016937255859375002 0.00021820068359375
11 0.0007080078125000001 0.0005973815917968751 5.1879882812500005e-05 0.00012054443359375
12 0.000701904296875 0.0005653381347656251 2.74658203125e-05 7.781982421875001e-05
11 0.0009277343750000001 0.000728607177734375 2.74658203125e-05 9.918212890625e-05
11 0.000930023193359375 0.000708770751953125 2.5939941406250003e-05 8.392333984375e-05
8 0.0013519287109375001 0.0008781433105468751 8.850097656250001e-05 0.00013580322265625
8 0.0014244079589843751 0.0008628845214843751 0.00015106201171875 0.00011749267578125
8 0.0015617370605468751 0.0008781433105468751 0.00021514892578125002 0.00014801025390625002