9 0.00016174316406250002 0.0014579772949218752 0.00016174316406250002 0.00087127685546875
8 0.00025177001953125 0.0009429931640625001 0.0001312255859375 0.00014038085937500002
8 0.000423431396484375 0.0009407043457031251 0.00014190673828125 0.00016937255859375002
8 0.000455474853515625 0.000897979736328125 5.0354003906250004e-05 0.00013275146484375002
8 0.00046539306640625 0.0008781433105468751 4.8828125e-05 0.00010223388671875
8 0.000501251220703125 0.000859832763671875 4.730224609375e-05 0.00010223388671875
8 0.000577545166015625 0.0008392333984375 4.119873046875e-05 7.019042968750001e-05
8 0.000713348388671875 0.0008514404296875001 7.171630859375e-05 9.1552734375e-05
8 0.001326751708984375 0.0010101318359375 0.0005386352539062501 0.00033874511718750004
9 0.00089569091796875 0.0008361816406250001 2.1362304687500002e-05 0.000128173828125
10 0.000930023193359375 0.0005653381347656251 4.119873046875e-05 0.00015106201171875
9 0.0009353637695312501 0.0008300781250000001 1.8310546875000003e-05 0.00012512207031250002
8 0.001558685302734375 0.0009239196777343751 7.781982421875001e-05 0.00019989013671875002
9 0.0015594482421875 0.000846099853515625 3.96728515625e-05 0.00021820068359375