8 0.00039901733398437503 0.000882720947265625 0.00018768310546875 0.00012054443359375
8 0.00045166015625 0.000846099853515625 5.1879882812500005e-05 0.00010223388671875
8 0.00072479248046875 0.0009483337402343751 0.00016174316406250002 0.00021820068359375
8 0.0007408142089843751 0.000827789306640625 4.730224609375e-05 7.781982421875001e-05
8 0.0008262634277343751 0.0008567810058593751 6.256103515625001e-05 0.00011444091796875
9 0.0008819580078125001 0.0008743286132812501 2.44140625e-05 0.0001373291015625
9 0.00093231201171875 0.0008895874023437501 3.0517578125e-05 0.0001373291015625
9 0.000984954833984375 0.0008438110351562501 2.8991699218750002e-05 8.850097656250001e-05
9 0.001013946533203125 0.0008880615234375 2.288818359375e-05 0.00016174316406250002
9 0.0010429382324218751 0.0008872985839843751 1.678466796875e-05 0.00015106201171875
9 0.0011116027832031251 0.0008644104003906251 2.288818359375e-05 0.00012969970703125