8 0.0006454467773437501 0.0008628845214843751 3.96728515625e-05 5.645751953125e-05
8 0.00012512207031250002 0.0010498046875 0.00012512207031250002 0.000262451171875
8 0.0010284423828125 0.0009582519531250001 0.0001678466796875 0.0002105712890625
8 0.0011192321777343751 0.001003265380859375 0.00020904541015625002 0.00024261474609375
8 0.00121307373046875 0.001032257080078125 0.0002105712890625 0.00027923583984375
8 0.0014701843261718751 0.00108795166015625 0.00041046142578125003 0.00041809082031250003
8 0.0015617370605468751 0.0012298583984375001 0.00028839111328125003 0.0005340576171875
9 0.0008666992187500001 0.0009254455566406251 2.74658203125e-05 0.00016326904296875002
8 0.000392913818359375 0.0010963439941406251 0.00033721923828125 0.00031585693359375004
8 0.000431060791015625 0.000930023193359375 0.00010223388671875 0.00013275146484375002
8 0.0005462646484375001 0.000934600830078125 0.0001312255859375 0.00015411376953125002
8 0.0007484436035156251 0.0008934020996093751 7.781982421875001e-05 0.00010223388671875