14 0.0002349853515625 0.0009201049804687501 0.0002349853515625 0.00025024414062500003
8 0.000200653076171875 0.001145172119140625 0.00019989013671875002 0.00037994384765625003
8 0.000318145751953125 0.0009483337402343751 0.00011749267578125 0.00010223388671875
8 0.000374603271484375 0.0009239196777343751 7.476806640625e-05 9.918212890625e-05
8 0.00037994384765625003 0.0009185791015625 7.019042968750001e-05 8.544921875000001e-05
8 0.00041503906250000004 0.0009140014648437501 4.8828125e-05 8.544921875000001e-05
8 0.00040664672851562503 0.0009033203125 3.814697265625e-05 7.324218750000001e-05
8 0.0007179260253906251 0.001100921630859375 0.00027618408203125 0.00034637451171875004
10 0.000545501708984375 0.000458526611328125 3.814697265625e-05 0.00012054443359375
11 0.000745391845703125 0.0005035400390625 3.5095214843750004e-05 0.00010986328125
8 0.000791168212890625 0.000882720947265625 5.645751953125e-05 7.781982421875001e-05
8 0.000782012939453125 0.00087738037109375 4.119873046875e-05 5.4931640625e-05
8 0.001558685302734375 0.0013435363769531252 0.0005844116210937501 0.00079498291015625
11 0.001024627685546875 0.0006851196289062501 3.5095214843750004e-05 0.00010375976562500001