8 0.00011749267578125 0.0009140014648437501 0.00011596679687500001 0.0001495361328125
8 0.000257110595703125 0.000890350341796875 6.256103515625001e-05 6.256103515625001e-05
8 0.00040283203125000003 0.0008590698242187501 6.7138671875e-05 7.019042968750001e-05
8 0.00041503906250000004 0.0008720397949218751 7.9345703125e-05 7.476806640625e-05
12 0.00036163330078125004 0.0007728576660156251 1.52587890625e-05 4.119873046875e-05
8 0.0004890441894531251 0.000838470458984375 2.8991699218750002e-05 4.119873046875e-05
8 0.000539398193359375 0.0008697509765625 6.256103515625001e-05 9.1552734375e-05
12 0.00054473876953125 0.000690460205078125 1.8310546875000003e-05 4.119873046875e-05
8 0.000621795654296875 0.000882720947265625 6.866455078125e-05 0.00010223388671875
8 0.000637054443359375 0.0008224487304687501 4.119873046875e-05 5.1879882812500005e-05
11 0.00062103271484375 0.0006813049316406251 1.52587890625e-05 4.119873046875e-05
8 0.0007171630859375 0.000896453857421875 9.765625e-05 0.00013275146484375002
11 0.000743865966796875 0.00075531005859375 1.373291015625e-05 4.8828125e-05
8 0.0008781433105468751 0.00081939697265625 6.866455078125e-05 6.7138671875e-05
8 0.001200103759765625 0.0007766723632812501 6.866455078125e-05 5.1879882812500005e-05