8 0.0015616861979166668 0.0012500000000000002 0.00020182291666666667 0.0006497395833333333
8 0.0013883463541666669 0.0010169270833333334 0.000322265625 0.0002942708333333334
8 0.0006412760416666667 0.0007968750000000001 4.720052083333334e-05 6.770833333333334e-05
8 0.0007194010416666668 0.0007994791666666668 5.0455729166666666e-05 7.291666666666667e-05
11 0.0007259114583333334 0.0006640625000000002 2.1158854166666667e-05 3.6458333333333336e-05
8 0.0007796223958333333 0.0007838541666666667 5.0455729166666666e-05 5.9895833333333344e-05
11 0.0007731119791666667 0.0006770833333333334 1.7903645833333333e-05 4.166666666666667e-05
11 0.0008577473958333334 0.0007291666666666667 1.7903645833333333e-05 4.4270833333333337e-05
11 0.0009082031250000002 0.0007187500000000001 2.7669270833333335e-05 4.947916666666667e-05
8 0.0011409505208333334 0.0009166666666666668 0.00017252604166666667 0.00020312500000000002
8 0.0010904947916666667 0.0009322916666666669 0.0001220703125 0.00021614583333333335