14 0.00019368489583333336 0.0009270833333333335 0.00019368489583333336 0.00013802083333333334
8 0.00021809895833333336 0.0009270833333333335 0.00021809895833333336 0.00013802083333333334
9 0.00010091145833333335 0.0009427083333333335 4.3945312500000005e-05 0.00011718750000000002
14 0.0002718098958333333 0.0009192708333333335 0.00011067708333333334 0.00013802083333333334
8 0.00027343749999999997 0.0009244791666666668 0.00011230468749999999 0.0001328125
12 0.00022949218750000001 0.0007265625000000002 3.906250000000001e-05 0.00010937500000000002
14 0.00036132812500000005 0.0008750000000000001 9.765625e-05 5.9895833333333344e-05
8 0.0003580729166666667 0.0009192708333333332 9.440104166666668e-05 8.333333333333334e-05
8 0.0005322265625 0.0009479166666666668 0.00011881510416666666 0.0001328125
8 0.0005533854166666668 0.0009244791666666668 5.208333333333334e-05 0.00010416666666666667
8 0.000791015625 0.0009192708333333335 4.557291666666667e-05 0.00010416666666666667
8 0.0008528645833333333 0.0009218750000000002 9.440104166666668e-05 0.00010937500000000002
10 0.000947265625 0.0006692708333333333 4.557291666666667e-05 0.000125
12 0.0012955729166666667 0.0007187500000000001 3.743489583333333e-05 6.25e-05