8 0.00023274739583333334 0.0008242187500000002 0.00015055338541666667 9.765625e-05
14 0.0004622395833333334 0.0008177083333333334 0.0002311197916666667 0.00018229166666666667
14 0.000458984375 0.0008333333333333334 0.00022135416666666668 0.0001979166666666667
8 0.0005126953125 0.0008072916666666668 8.138020833333334e-05 8.854166666666667e-05
8 0.0005013020833333334 0.0008177083333333334 6.673177083333334e-05 9.114583333333334e-05
8 0.0005745442708333333 0.0008098958333333335 6.835937499999999e-05 8.854166666666667e-05
8 0.0005712890625 0.0008098958333333334 5.533854166666667e-05 7.812500000000002e-05
8 0.0006982421875 0.0008281250000000001 0.00012532552083333333 0.00011718750000000002
11 0.0006526692708333334 0.0005416666666666668 2.7669270833333335e-05 5.729166666666667e-05
8 0.0007845052083333333 0.0007916666666666668 5.0455729166666666e-05 5.9895833333333344e-05
11 0.0008414713541666668 0.0005729166666666668 3.4179687499999996e-05 7.291666666666667e-05
11 0.0008333333333333334 0.0005598958333333334 2.1158854166666667e-05 7.291666666666667e-05
8 0.0009179687500000001 0.0008020833333333334 8.951822916666667e-05 8.333333333333334e-05
11 0.0009651692708333333 0.0006718750000000001 2.44140625e-05 4.4270833333333337e-05
11 0.0009684244791666667 0.0006796875000000001 2.604166666666667e-05 7.291666666666667e-05
8 0.0014908854166666666 0.0011171875000000001 0.00045898437500000003 0.00044270833333333337
11 0.0011767578125 0.0005937500000000001 2.7669270833333335e-05 8.593750000000001e-05
11 0.0011767578125 0.0005885416666666667 2.7669270833333335e-05 4.166666666666667e-05