8 0.00011555989583333335 0.0009557291666666668 0.00011555989583333335 0.0002135416666666667
8 0.0002360026041666667 0.001046875 0.00020345052083333337 0.0002838541666666667
8 0.0007014973958333334 0.0012552083333333334 0.0005143229166666667 0.0006614583333333333
10 0.0005110677083333333 0.0005546875 2.7669270833333335e-05 8.072916666666668e-05
12 0.0006608072916666667 0.0005442708333333335 2.7669270833333335e-05 7.031250000000001e-05
12 0.00078125 0.0005494791666666668 2.604166666666667e-05 8.072916666666668e-05
8 0.0008105468750000001 0.0008385416666666667 3.4179687499999996e-05 5.729166666666667e-05
8 0.0008658854166666666 0.0008593750000000001 5.0455729166666666e-05 7.812500000000002e-05
8 0.0008935546875 0.0008359375000000001 3.4179687499999996e-05 5.208333333333334e-05
8 0.0011979166666666666 0.0010130208333333334 0.00023925781250000002 0.0002682291666666667
9 0.0009912109375000001 0.0008411458333333334 2.2786458333333334e-05 6.25e-05
12 0.00107421875 0.0006848958333333334 2.44140625e-05 7.031250000000001e-05
14 0.0014534505208333333 0.0008515625000000001 0.00026692708333333337 0.00020312500000000002
8 0.0015022786458333333 0.0008828124999999999 0.00022786458333333336 0.00012760416666666668
12 0.0014941406250000002 0.0005130208333333334 7.649739583333334e-05 0.00023437500000000005
9 0.0015087890625 0.0009427083333333335 4.557291666666667e-05 0.00018750000000000003