8 0.00021484375000000003 0.0012552083333333334 0.00021484375000000003 0.0005677083333333334
8 0.0003304036458333334 0.0008984375000000001 7.486979166666666e-05 0.00011718750000000002
8 0.000771484375 0.0013333333333333333 0.0005045572916666667 0.0006250000000000001
10 0.0004524739583333334 0.0004895833333333334 3.906250000000001e-05 0.00010416666666666667
10 0.0006266276041666666 0.0005052083333333334 3.743489583333333e-05 0.00011718750000000002
10 0.0009016927083333333 0.0007083333333333334 4.2317708333333335e-05 0.00011979166666666669
9 0.0008902994791666667 0.0008776041666666668 3.092447916666667e-05 0.00012239583333333335
9 0.0009179687500000001 0.0008776041666666668 2.7669270833333335e-05 0.00012760416666666668
9 0.0009423828125000001 0.0008854166666666667 2.9296875e-05 0.00013020833333333336
9 0.0009749348958333333 0.0008906250000000001 3.743489583333333e-05 0.0001432291666666667
7 0.0010009765625000001 0.0008984375000000001 3.743489583333333e-05 0.00014062500000000002
7 0.0010400390625000002 0.0008984374999999999 5.208333333333334e-05 0.0001432291666666667
9 0.0010904947916666667 0.0008906250000000001 3.255208333333333e-05 0.00014062500000000002
9 0.0011149088541666666 0.0008932291666666667 3.906250000000001e-05 0.0001354166666666667
9 0.0011507161458333335 0.0008828125000000001 3.4179687499999996e-05 0.0001354166666666667
9 0.0012288411458333335 0.0009010416666666667 4.069010416666667e-05 0.00018229166666666667
8 0.0015592447916666667 0.0008828124999999999 0.00014648437500000002 0.00013020833333333336