8 0.0015609741210937502 0.001535797119140625 0.00042724609375 0.0008377075195312501
8 0.00020370483398437502 0.00100250244140625 0.00020294189453125 0.00021667480468750002
8 0.00021286010742187502 0.00100555419921875 0.00020294189453125 0.0002288818359375
8 0.000360107421875 0.000914764404296875 0.000152587890625 0.00015106201171875
8 0.0003631591796875 0.000934600830078125 0.000152587890625 0.00018463134765625002
8 0.00045242309570312503 0.000875091552734375 9.613037109375001e-05 9.307861328125001e-05
8 0.000447845458984375 0.0008796691894531251 7.781982421875001e-05 0.00011138916015625001
8 0.0004966735839843751 0.000843048095703125 6.561279296875e-05 7.476806640625e-05
8 0.000502777099609375 0.000867462158203125 7.171630859375e-05 9.613037109375001e-05
8 0.00052947998046875 0.000838470458984375 4.57763671875e-05 8.087158203125001e-05
8 0.000528717041015625 0.0008300781250000001 4.4250488281250005e-05 6.7138671875e-05
8 0.0005729675292968751 0.00082550048828125 5.0354003906250004e-05 8.850097656250001e-05
8 0.000569915771484375 0.0008224487304687501 4.4250488281250005e-05 7.019042968750001e-05
8 0.000661468505859375 0.000811767578125 6.256103515625001e-05 6.7138671875e-05
8 0.00064849853515625 0.00081024169921875 4.2724609375000004e-05 5.1879882812500005e-05
8 0.00077056884765625 0.0008415222167968751 3.0517578125e-05 9.918212890625e-05
8 0.0008552551269531251 0.000888824462890625 9.307861328125001e-05 0.00017242431640625
8 0.000881195068359375 0.000890350341796875 0.00011138916015625001 0.00018768310546875
8 0.0009933471679687501 0.0009819030761718751 0.0001678466796875 0.00027008056640625
8 0.0009750366210937501 0.00098114013671875 0.00014648437500000002 0.00026550292968750003
8 0.0012725830078125 0.0011016845703125 0.00037231445312500003 0.000390625
8 0.001280975341796875 0.001085662841796875 0.00037994384765625003 0.00037689208984375004