8 0.00038899739583333337 0.0010390625 0.00025553385416666666 0.00030989583333333336
8 0.0007584635416666667 0.0011953125000000002 0.0003662109375 0.0004583333333333334
10 0.0004508463541666667 0.0004895833333333334 3.906250000000001e-05 0.00010416666666666667
10 0.000625 0.0005052083333333334 3.743489583333333e-05 0.00011718750000000002
9 0.0007731119791666666 0.0008802083333333334 3.743489583333333e-05 0.00010416666666666667
10 0.0009016927083333333 0.0007135416666666667 4.2317708333333335e-05 0.000125
9 0.0009065755208333333 0.0008932291666666667 3.092447916666667e-05 0.00011718750000000002
9 0.0009114583333333335 0.0008984375000000001 3.4179687499999996e-05 0.000125
9 0.0009407552083333334 0.0008932291666666668 3.092447916666667e-05 0.000125
9 0.0009635416666666666 0.0008958333333333334 3.255208333333333e-05 0.0001354166666666667
9 0.0009912109375000001 0.0009010416666666667 3.743489583333333e-05 0.0001432291666666667
7 0.0010302734375 0.0009088541666666668 3.255208333333333e-05 0.0001510416666666667
7 0.00107421875 0.0009140625000000002 4.8828125e-05 0.00017187500000000002
9 0.0011295572916666667 0.0009140625000000002 3.906250000000001e-05 0.0001510416666666667
9 0.0012288411458333335 0.0010755208333333335 0.00011393229166666668 0.00035156250000000004
9 0.0012776692708333336 0.0009010416666666667 3.580729166666667e-05 0.00016145833333333336
8 0.0015592447916666667 0.0008932291666666667 0.00013997395833333334 0.00013020833333333336