8 0.0015609741210937502 0.00153961181640625 0.000421142578125 0.0010467529296875001
8 0.00042266845703125004 0.00103607177734375 0.00031127929687500003 0.00044860839843750003
8 0.000473785400390625 0.000960540771484375 7.171630859375e-05 0.00018768310546875
8 0.000470733642578125 0.0009613037109375 6.561279296875e-05 0.0002105712890625
8 0.0005157470703125001 0.0009216308593750001 7.62939453125e-05 0.00016174316406250002
8 0.0005157470703125001 0.000930023193359375 5.4931640625e-05 0.00018463134765625002
8 0.0006698608398437501 0.000882720947265625 8.850097656250001e-05 0.00012054443359375
8 0.0007217407226562501 0.0008781433105468751 4.57763671875e-05 0.00010223388671875
8 0.000835418701171875 0.0009033203125 9.918212890625e-05 0.00014038085937500002
8 0.0008361816406250001 0.0009086608886718751 9.765625e-05 0.00015411376953125002
8 0.0008628845214843751 0.0009819030761718751 4.730224609375e-05 0.00023651123046875
8 0.00114288330078125 0.001062774658203125 0.0002899169921875 0.00040130615234375
8 0.0011421203613281251 0.001030731201171875 0.00028839111328125003 0.00036468505859375003