10 0.0002848307291666667 0.0007447916666666667 4.3945312500000005e-05 8.333333333333334e-05
11 0.00028157552083333333 0.0007291666666666667 3.255208333333333e-05 8.333333333333334e-05
8 0.0008821614583333333 0.0011927083333333334 0.000390625 0.0005390625
8 0.0008284505208333335 0.0011484375000000002 0.0002897135416666667 0.00045572916666666673
8 0.0008821614583333333 0.0008802083333333335 0.00010579427083333334 0.00011197916666666668
8 0.0008951822916666666 0.0008750000000000001 0.00010579427083333334 0.00011979166666666669
8 0.0010302734375 0.0008645833333333335 0.00013020833333333333 8.072916666666668e-05
10 0.0011149088541666666 0.0005026041666666667 3.580729166666667e-05 0.00012239583333333335
8 0.0012386067708333335 0.0008567708333333334 0.00011393229166666668 7.812500000000002e-05
8 0.0015608723958333336 0.0012395833333333336 0.0003271484375 0.0005286458333333334
10 0.0013151041666666667 0.0007005208333333334 3.743489583333333e-05 0.00010156250000000001