9 0.0011067708333333335 0.0008255208333333335 4.8014322916666664e-05 0.00013411458333333336
8 0.0001432291666666667 0.0008697916666666668 0.00012369791666666668 0.000125
12 9.277343750000001e-05 0.0007213541666666667 2.9296875e-05 6.770833333333334e-05
8 0.00019694010416666666 0.0008437500000000001 5.533854166666667e-05 8.854166666666667e-05
8 0.00026692708333333337 0.0008255208333333335 5.533854166666667e-05 7.812500000000002e-05
12 0.00030924479166666665 0.0005833333333333334 2.9296875e-05 5.729166666666667e-05
8 0.00047526041666666664 0.0008359375000000001 9.27734375e-05 0.00011979166666666669
12 0.00041503906250000004 0.0005859375000000001 2.9296875e-05 5.208333333333334e-05
12 0.0005371093749999999 0.0006901041666666668 2.2786458333333334e-05 4.687500000000001e-05
8 0.0008121744791666667 0.001015625 0.0002766927083333334 0.0004114583333333334
8 0.0009619140625 0.0009010416666666669 0.00017903645833333335 0.0001979166666666667
12 0.0008512369791666667 0.0006458333333333334 5.208333333333334e-05 9.375000000000002e-05
8 0.0012093098958333333 0.0010260416666666666 0.00020833333333333335 0.00029687500000000005
8 0.0015592447916666667 0.0011796875000000002 0.00036458333333333335 0.0006119791666666668