8 0.0015609741210937502 0.0008758544921875001 0.0002288818359375 0.0002685546875
8 0.001425933837890625 0.0008796691894531251 0.00027923583984375 0.00022430419921875002
8 0.000124359130859375 0.0010314941406250001 0.00012359619140625 0.0003326416015625
8 0.0002899169921875 0.000868988037109375 6.7138671875e-05 0.00011444091796875
8 0.000347137451171875 0.0008514404296875001 5.645751953125e-05 0.0001068115234375
8 0.0004119873046875 0.000859832763671875 9.1552734375e-05 0.00011444091796875
8 0.0005828857421875 0.000859832763671875 0.0002044677734375 0.00014801025390625002
8 0.0007919311523437501 0.0008590698242187501 0.00016174316406250002 0.00014038085937500002
8 0.00083465576171875 0.0008361816406250001 0.0001220703125 0.0001220703125
8 0.001049041748046875 0.0008491516113281251 0.00027008056640625 0.00018157958984375
8 0.0010101318359375 0.000827789306640625 0.00010070800781250001 0.00012969970703125
8 0.001059722900390625 0.0008590698242187501 0.00014801025390625002 0.00019226074218750002
8 0.0012062072753906252 0.000838470458984375 0.00023345947265625 0.00015411376953125002
8 0.001230621337890625 0.0008636474609375 0.00025177001953125 0.00019226074218750002