8 9.3841552734375e-05 0.0010589599609375 9.307861328125001e-05 0.0003448486328125
9 5.340576171875e-05 0.0008743286132812501 3.35693359375e-05 0.0001068115234375
8 0.00030517578125 0.000960540771484375 0.00023803710937500002 0.00026092529296875
8 0.00047988891601562504 0.000853729248046875 0.00017852783203125002 0.00011138916015625001
8 0.000524139404296875 0.0008438110351562501 5.645751953125e-05 8.850097656250001e-05
8 0.0005645751953125 0.0008323669433593751 9.1552734375e-05 9.307861328125001e-05
8 0.00054168701171875 0.0008392333984375 5.4931640625e-05 9.1552734375e-05
8 0.0006866455078125 0.000846099853515625 9.46044921875e-05 0.00012969970703125
8 0.0008377075195312501 0.000861358642578125 0.00014648437500000002 0.00012969970703125
8 0.0008911132812500001 0.0008392333984375 5.4931640625e-05 8.850097656250001e-05
8 0.0009330749511718751 0.0008644104003906251 4.119873046875e-05 0.00011444091796875
8 0.000984954833984375 0.000942230224609375 7.171630859375e-05 0.00025482177734375
8 0.0012847900390625 0.0009613037109375 0.000360107421875 0.00032348632812500004
8 0.0012374877929687501 0.0009658813476562501 0.0002899169921875 0.00032348632812500004
8 0.001522064208984375 0.00102081298828125 0.00047760009765625 0.00033874511718750004