7 5.645751953125e-05 0.000920867919921875 3.35693359375e-05 0.00013580322265625
7 0.000102996826171875 0.00091705322265625 3.5095214843750004e-05 0.0001312255859375
8 0.000405120849609375 0.0008575439453125 8.697509765625e-05 7.324218750000001e-05
8 0.000385284423828125 0.00085601806640625 6.561279296875e-05 6.7138671875e-05
8 0.000453948974609375 0.0008300781250000001 5.645751953125e-05 4.8828125e-05
8 0.00048675537109375003 0.000843048095703125 4.8828125e-05 5.9509277343750005e-05
8 0.000623321533203125 0.0008438110351562501 4.4250488281250005e-05 5.7983398437500004e-05
14 0.0006431579589843751 0.0008285522460937501 5.9509277343750005e-05 9.1552734375e-05
8 0.0006988525390625001 0.000827789306640625 4.57763671875e-05 6.256103515625001e-05
14 0.00077362060546875 0.0008392333984375 5.4931640625e-05 0.00012512207031250002
8 0.000827789306640625 0.0008743286132812501 8.697509765625e-05 0.00010375976562500001
8 0.0011199951171875 0.001023101806640625 0.0002777099609375 0.00034637451171875004
9 0.001087188720703125 0.000791168212890625 2.8991699218750002e-05 6.256103515625001e-05
9 0.0011016845703125 0.0007713317871093751 3.35693359375e-05 6.256103515625001e-05
9 0.001158905029296875 0.000905609130859375 3.5095214843750004e-05 0.00018768310546875
9 0.0012100219726562502 0.0009063720703125001 4.2724609375000004e-05 0.0001800537109375