8 0.00018081665039062502 0.0008285522460937501 9.307861328125001e-05 8.850097656250001e-05
8 0.00027923583984375 0.0008697509765625 7.9345703125e-05 9.1552734375e-05
8 0.00029220581054687503 0.000867462158203125 9.002685546875e-05 9.307861328125001e-05
8 0.00045166015625 0.000926971435546875 0.00017700195312500002 0.00018157958984375
12 0.00036163330078125004 0.000731658935546875 2.74658203125e-05 6.561279296875e-05
8 0.000498199462890625 0.000848388671875 6.256103515625001e-05 8.850097656250001e-05
8 0.00048980712890625 0.0008338928222656251 4.8828125e-05 5.9509277343750005e-05
8 0.00058746337890625 0.000859832763671875 9.46044921875e-05 0.00011444091796875
8 0.0005859375000000001 0.00084075927734375 6.7138671875e-05 8.544921875000001e-05
12 0.000608062744140625 0.000628662109375 2.288818359375e-05 5.7983398437500004e-05
11 0.000693511962890625 0.000638580322265625 2.8991699218750002e-05 4.730224609375e-05
11 0.0008132934570312501 0.0007156372070312501 2.1362304687500002e-05 5.1879882812500005e-05
11 0.00087738037109375 0.0007003784179687501 3.0517578125e-05 8.544921875000001e-05
11 0.000868988037109375 0.000691986083984375 2.288818359375e-05 4.4250488281250005e-05
8 0.0009765625 0.000782012939453125 0.00010070800781250001 6.561279296875e-05
8 0.000980377197265625 0.0007789611816406251 0.00010223388671875 6.561279296875e-05
8 0.0010276794433593751 0.0007789611816406251 4.730224609375e-05 6.561279296875e-05
8 0.001108551025390625 0.0007766723632812501 7.171630859375e-05 7.324218750000001e-05
8 0.00114898681640625 0.000775909423828125 6.40869140625e-05 6.256103515625001e-05