9 4.5013427734375e-05 0.000852203369140625 3.204345703125e-05 0.00010223388671875
9 0.000101470947265625 0.00089569091796875 2.5939941406250003e-05 0.000128173828125
9 0.000131988525390625 0.0009063720703125001 3.204345703125e-05 0.000128173828125
9 0.00015792846679687502 0.000888824462890625 3.204345703125e-05 0.00011749267578125
8 0.00038604736328125 0.0008857727050781251 0.0001739501953125 0.00011138916015625001
8 0.000714874267578125 0.0012115478515625 0.00037384033203125 0.00047912597656250003
11 0.00042648315429687504 0.0007110595703125 3.5095214843750004e-05 8.850097656250001e-05
8 0.0007766723632812501 0.0009552001953125 0.0001220703125 0.00025024414062500003
8 0.000830841064453125 0.0008415222167968751 9.307861328125001e-05 9.613037109375001e-05
11 0.000807952880859375 0.0006874084472656251 3.204345703125e-05 9.613037109375001e-05
9 0.00085601806640625 0.000897979736328125 3.96728515625e-05 0.00016632080078125
9 0.000867462158203125 0.000885009765625 2.288818359375e-05 0.00016174316406250002
9 0.00091094970703125 0.000885009765625 3.35693359375e-05 0.00015563964843750002
9 0.00091552734375 0.00083160400390625 3.35693359375e-05 0.00010986328125
8 0.001555633544921875 0.001128387451171875 0.00052642822265625 0.0005081176757812501