9 0.0007270812988281251 0.000853729248046875 1.983642578125e-05 8.392333984375e-05
9 0.000760650634765625 0.0008705139160156251 2.8991699218750002e-05 0.00010528564453125
9 5.7220458984375e-05 0.000926971435546875 5.0354003906250004e-05 0.00012359619140625
8 0.000247955322265625 0.000909423828125 0.00012054443359375 0.000128173828125
7 0.00032806396484375 0.0009063720703125001 8.850097656250001e-05 0.00014038085937500002
8 0.00031585693359375004 0.000882720947265625 7.62939453125e-05 7.781982421875001e-05
8 0.0007751464843750001 0.001348876953125 0.000518798828125 0.0006591796875
12 0.0004547119140625 0.000484466552734375 3.35693359375e-05 0.00010223388671875
12 0.0006256103515625 0.000502777099609375 3.35693359375e-05 0.00011138916015625001
7 0.0008224487304687501 0.0008857727050781251 5.1879882812500005e-05 0.00011444091796875
9 0.000966644287109375 0.001018524169921875 0.00013275146484375002 0.00034637451171875004
9 0.000965118408203125 0.001015472412109375 0.00012969970703125 0.00032501220703125
12 0.000899505615234375 0.000690460205078125 3.814697265625e-05 9.918212890625e-05
8 0.001165771484375 0.0009010314941406251 0.0002471923828125 0.00015411376953125002
8 0.0013053894042968752 0.000890350341796875 0.00015716552734375 0.00013275146484375002