9 0.0014485677083333334 0.0009505208333333335 5.940755208333333e-05 0.0002682291666666667
9 0.0013956705729166667 0.0009270833333333335 4.9641927083333335e-05 0.0002057291666666667
9 0.0012858072916666667 0.0008750000000000001 4.3945312500000005e-05 0.00019140625000000003
9 0.00113525390625 0.0008697916666666667 4.8828125e-05 0.00013671875
9 0.0011702473958333335 0.0009088541666666669 5.371093750000001e-05 0.00022265625000000004
8 0.0003678385416666667 0.0010026041666666668 0.00026529947916666667 0.0002734375
8 0.0004020182291666666 0.0008697916666666668 8.626302083333333e-05 0.0001354166666666667
8 0.0005550130208333334 0.0008411458333333335 7.975260416666667e-05 9.375000000000002e-05
8 0.0006884765625000001 0.0008489583333333334 8.30078125e-05 0.00011979166666666669
8 0.0008382161458333334 0.0008697916666666668 5.371093750000001e-05 0.00015364583333333335
9 0.0009277343750000001 0.0013333333333333337 0.00010579427083333334 0.0007161458333333334
9 0.0011230468750000001 0.0013776041666666667 0.00021484375000000003 0.0008463541666666668
9 0.0012320963541666667 0.0009010416666666667 5.859375e-05 0.0002369791666666667