14 0.00019226074218750002 0.00088043212890625 0.00019226074218750002 0.00012512207031250002
9 0.00014495849609375 0.000930023193359375 4.2724609375000004e-05 0.00012054443359375
9 0.0001434326171875 0.0009239196777343751 3.35693359375e-05 0.00012969970703125
9 0.0003021240234375 0.0009063720703125001 3.35693359375e-05 0.00012512207031250002
12 0.00057830810546875 0.000351715087890625 5.4931640625e-05 0.00013275146484375002
8 0.0008399963378906251 0.0008987426757812501 0.00021514892578125002 0.00012512207031250002
12 0.000966644287109375 0.0006149291992187501 4.4250488281250005e-05 0.0001373291015625
12 0.00095672607421875 0.0005958557128906251 2.44140625e-05 0.00011749267578125
9 0.001080322265625 0.0009216308593750001 4.8828125e-05 0.0001953125
9 0.00119781494140625 0.00093994140625 5.7983398437500004e-05 0.0002349853515625
9 0.001329803466796875 0.00097198486328125 7.171630859375e-05 0.0002685546875
9 0.001314544677734375 0.000984954833984375 5.340576171875e-05 0.00027618408203125
9 0.001495361328125 0.000986480712890625 9.765625e-05 0.00033111572265625004