8 0.0001678466796875 0.0010009765625000001 0.0001678466796875 0.00034179687500000003
8 0.00018081665039062502 0.0008331298828125 0.00015106201171875 0.0001373291015625
8 0.00047531127929687503 0.001047515869140625 0.00033721923828125 0.00041961669921875
8 0.000469207763671875 0.000978851318359375 0.00030975341796875 0.00031280517578125
11 0.00041122436523437504 0.000583648681640625 3.5095214843750004e-05 0.00010223388671875
11 0.00041122436523437504 0.000562286376953125 2.8991699218750002e-05 7.781982421875001e-05
8 0.001131439208984375 0.001476287841796875 0.00071868896484375 0.00088043212890625
10 0.000494384765625 0.0005729675292968751 3.0517578125e-05 8.087158203125001e-05
11 0.0006187438964843751 0.0005706787109375 2.8991699218750002e-05 8.544921875000001e-05
10 0.0006256103515625 0.00055694580078125 2.74658203125e-05 7.324218750000001e-05
11 0.0007232666015625001 0.000594329833984375 5.1879882812500005e-05 0.00011749267578125
12 0.0007110595703125 0.000569915771484375 2.74658203125e-05 7.476806640625e-05
11 0.0009033203125 0.0006950378417968751 2.74658203125e-05 9.307861328125001e-05
12 0.00090789794921875 0.0006698608398437501 2.74658203125e-05 7.019042968750001e-05
8 0.00141754150390625 0.00082550048828125 0.0002197265625 0.00014038085937500002