8 0.000258636474609375 0.001154327392578125 0.00025787353515625003 0.00034942626953125003
8 0.00046539306640625 0.001044464111328125 0.00023803710937500002 0.00025482177734375
8 0.000536346435546875 0.000978851318359375 0.00010528564453125 0.00014801025390625002
8 0.000539398193359375 0.000994873046875 9.002685546875e-05 0.00014648437500000002
8 0.0005935668945312501 0.00095367431640625 0.00010070800781250001 0.0001220703125
8 0.000568389892578125 0.0009559631347656251 5.340576171875e-05 0.00011749267578125
8 0.0007484436035156251 0.00095367431640625 0.00011749267578125 0.0001220703125
8 0.000750732421875 0.0009712219238281251 0.00011596679687500001 0.00014801025390625002
8 0.000774383544921875 0.000922393798828125 6.561279296875e-05 9.918212890625e-05
8 0.0007804870605468751 0.0009353637695312501 5.645751953125e-05 0.00010986328125
8 0.00102081298828125 0.000959014892578125 0.0001129150390625 0.00013275146484375002