8 0.00014973958333333332 0.0008776041666666668 0.00011067708333333334 0.00017187500000000002
8 0.000419921875 0.0009427083333333335 0.00029134114583333334 0.000390625
14 0.00039876302083333343 0.0009453125000000002 0.00023925781250000002 0.00038281250000000007
10 0.00021321614583333332 0.00030729166666666665 2.9296875e-05 0.00010416666666666667
12 0.00022786458333333336 0.00034114583333333333 3.906250000000001e-05 0.00013020833333333336
11 0.0004964192708333333 0.00034114583333333333 5.208333333333334e-05 0.00013020833333333336
11 0.0004931640625 0.00035156250000000004 3.4179687499999996e-05 8.593750000000001e-05
8 0.0005257161458333333 0.0008255208333333335 4.3945312500000005e-05 7.812500000000002e-05
8 0.0005322265624999999 0.0008151041666666668 4.3945312500000005e-05 4.687500000000001e-05
8 0.0006640625 0.0008984374999999999 0.00015299479166666668 0.0002057291666666667
11 0.0006884765625000001 0.000390625 5.208333333333334e-05 0.00011979166666666669
11 0.000693359375 0.0003411458333333334 3.906250000000001e-05 0.00011979166666666669
8 0.0008528645833333335 0.0009036458333333334 0.00010742187500000001 0.00014843750000000002
8 0.0008691406250000001 0.0008177083333333334 6.0221354166666675e-05 9.895833333333334e-05
11 0.0011067708333333335 0.0005859375000000001 4.720052083333334e-05 0.00012239583333333335
11 0.0011067708333333335 0.0006067708333333334 4.2317708333333335e-05 9.895833333333334e-05
8 0.0014208984375 0.0008281250000000001 0.00010253906250000001 7.812500000000002e-05
8 0.0014225260416666668 0.0008463541666666668 0.00010091145833333333 0.00012239583333333335