8 0.00046875 0.0008841145833333335 0.00010416666666666667 0.00010416666666666667
8 0.0015616861979166668 0.00104296875 0.0003385416666666667 0.00031640625000000006
8 0.00014973958333333332 0.0009166666666666669 0.00014892578125 0.00014062500000000002
8 0.00036946614583333335 0.0009583333333333335 0.00022298177083333333 0.0002135416666666667
8 0.0006559244791666667 0.0008906250000000001 0.00019368489583333336 0.00010156250000000001
12 0.0006754557291666667 0.0005494791666666668 3.092447916666667e-05 9.895833333333334e-05
12 0.0007991536458333334 0.0005468749999999999 3.743489583333333e-05 0.00010156250000000001
14 0.0008675130208333333 0.0008697916666666668 9.765625e-05 0.00022395833333333336
14 0.0008658854166666666 0.0008645833333333334 9.440104166666668e-05 0.0002135416666666667
12 0.0010286458333333335 0.0007031250000000002 4.2317708333333335e-05 0.00010937500000000002
8 0.0015576171875 0.0015416666666666669 0.00017415364583333334 0.0008333333333333334