8 0.00023763020833333332 0.0009427083333333335 0.00023763020833333332 0.00046354166666666674
14 0.0004817708333333334 0.0008177083333333335 0.00025553385416666666 0.0002786458333333334
8 0.0004931640625 0.0007994791666666668 3.092447916666667e-05 8.593750000000001e-05
8 0.000576171875 0.0008072916666666668 0.00010416666666666667 0.00013802083333333334
12 0.0005387369791666666 0.0006380208333333334 2.9296875e-05 5.208333333333334e-05
12 0.0005338541666666666 0.000640625 2.2786458333333334e-05 4.166666666666667e-05
12 0.0005826822916666666 0.0006328125000000001 2.2786458333333334e-05 4.166666666666667e-05
12 0.0005875651041666667 0.0006380208333333333 1.9531250000000004e-05 4.4270833333333337e-05
8 0.0006656901041666666 0.0008046875000000001 6.34765625e-05 9.375000000000002e-05
12 0.0006526692708333333 0.0006328125000000001 2.2786458333333334e-05 4.687500000000001e-05
12 0.0006591796874999999 0.0006302083333333334 2.2786458333333334e-05 4.4270833333333337e-05
12 0.0007063802083333333 0.0006406250000000001 2.2786458333333334e-05 5.729166666666667e-05
12 0.0007080078125000001 0.0006380208333333334 2.1158854166666667e-05 4.687500000000001e-05
8 0.0007763671875 0.0008098958333333334 8.789062500000001e-05 9.895833333333334e-05
12 0.0008154296875 0.0006848958333333334 1.9531250000000004e-05 4.166666666666667e-05
8 0.0009440104166666668 0.0007734375 0.00012044270833333335 7.291666666666667e-05
8 0.0009472656250000002 0.0007708333333333334 0.00012044270833333335 6.25e-05
8 0.0011848958333333334 0.0007630208333333334 8.463541666666667e-05 7.552083333333335e-05
8 0.0015022786458333333 0.0007421875000000001 0.00010091145833333333 6.770833333333334e-05