11 0.000225830078125 0.000798797607421875 8.850097656250001e-05 0.00027618408203125
8 0.00015029907226562502 0.0009368896484375001 0.00012359619140625 0.0001373291015625
14 0.00044403076171875 0.0009086608886718751 0.0002105712890625 0.00019989013671875002
8 0.000579071044921875 0.00099945068359375 0.00025482177734375 0.000225830078125
14 0.000594329833984375 0.000853729248046875 7.781982421875001e-05 0.00011138916015625001
10 0.000629425048828125 0.000682830810546875 1.983642578125e-05 5.9509277343750005e-05
8 0.0007484436035156251 0.00084686279296875 3.814697265625e-05 5.7983398437500004e-05
8 0.000812530517578125 0.0008781433105468751 7.781982421875001e-05 9.613037109375001e-05
8 0.0008476257324218751 0.000852203369140625 3.814697265625e-05 8.392333984375e-05
8 0.0009086608886718751 0.000868988037109375 7.171630859375e-05 9.613037109375001e-05
10 0.0008949279785156251 0.000539398193359375 2.5939941406250003e-05 9.307861328125001e-05
8 0.001053619384765625 0.0009086608886718751 0.00013885498046875 0.00013275146484375002
11 0.001094818115234375 0.0006866455078125 2.288818359375e-05 6.7138671875e-05
8 0.0014778137207031251 0.001021575927734375 0.00032806396484375 0.00027923583984375