8 0.00012512207031250002 0.000859832763671875 0.00010375976562500001 4.4250488281250005e-05
14 0.00027618408203125 0.000830841064453125 0.00023803710937500002 0.00011749267578125
8 0.00031585693359375004 0.0008880615234375 0.0001220703125 5.7983398437500004e-05
8 0.00043792724609375004 0.0008666992187500001 8.23974609375e-05 5.4931640625e-05
8 0.00043487548828125 0.0008697509765625 7.62939453125e-05 5.1879882812500005e-05
8 0.000507354736328125 0.000848388671875 4.730224609375e-05 5.1879882812500005e-05
8 0.000577545166015625 0.000911712646484375 8.087158203125001e-05 0.00011138916015625001
8 0.000571441650390625 0.0009033203125 6.561279296875e-05 9.1552734375e-05
8 0.0005950927734375 0.0008934020996093751 3.0517578125e-05 8.087158203125001e-05
8 0.0008094787597656251 0.0010467529296875001 0.00021514892578125002 0.00028076171875000003
12 0.00067901611328125 0.000661468505859375 2.74658203125e-05 5.9509277343750005e-05
10 0.0006759643554687501 0.0006561279296875 1.8310546875000003e-05 5.4931640625e-05
11 0.0007560729980468751 0.000661468505859375 1.983642578125e-05 6.256103515625001e-05
8 0.0008209228515625001 0.00090179443359375 5.1879882812500005e-05 0.0001434326171875
8 0.0008377075195312501 0.00087738037109375 2.1362304687500002e-05 7.324218750000001e-05
8 0.0008872985839843751 0.00088043212890625 5.0354003906250004e-05 7.324218750000001e-05
11 0.00088043212890625 0.00074005126953125 1.8310546875000003e-05 3.96728515625e-05
9 0.00134124755859375 0.000994110107421875 3.96728515625e-05 0.00028839111328125003