8 0.0015616861979166668 0.0012747395833333335 0.000126953125 0.00054296875
8 7.812500000000002e-05 0.0010690104166666667 7.731119791666666e-05 0.0002981770833333334
8 0.0004622395833333334 0.0009322916666666669 0.00015950520833333333 0.00017187500000000002
8 0.0004964192708333333 0.0008906250000000001 6.835937499999999e-05 0.0001432291666666667
8 0.0004996744791666666 0.0008854166666666668 6.835937499999999e-05 0.00014062500000000002
8 0.0005354817708333333 0.0008567708333333334 5.533854166666667e-05 0.0001328125
8 0.0005615234375000001 0.0008463541666666668 4.2317708333333335e-05 0.00011979166666666669
8 0.0006217447916666667 0.0008489583333333334 6.998697916666667e-05 9.895833333333334e-05
8 0.0008772786458333333 0.0008411458333333334 4.8828125e-05 0.00011718750000000002
8 0.0009391276041666666 0.0008359375000000001 8.138020833333334e-05 0.000125
8 0.0010319010416666666 0.0008906250000000001 0.00011067708333333334 0.0001979166666666667
8 0.0011637369791666667 0.0009557291666666669 0.00014811197916666667 0.0002942708333333334
8 0.0014567057291666667 0.0011276041666666667 0.00031901041666666666 0.00042968750000000006