8 0.0015617370605468751 0.00118560791015625 0.00037994384765625003 0.000579833984375
8 0.00038604736328125 0.000815582275390625 0.0001068115234375 0.00011749267578125
12 0.00034637451171875004 0.000428009033203125 3.35693359375e-05 0.00012054443359375
8 0.0005729675292968751 0.0009033203125 0.00019378662109375002 0.000225830078125
13 0.00055999755859375 0.00042648315429687504 3.35693359375e-05 9.918212890625e-05
8 0.00063323974609375 0.0007659912109375 4.2724609375000004e-05 8.544921875000001e-05
8 0.0007354736328125 0.0007965087890625 9.1552734375e-05 8.850097656250001e-05
13 0.0007003784179687501 0.0004425048828125 4.57763671875e-05 9.1552734375e-05
8 0.0007766723632812501 0.0007713317871093751 5.1879882812500005e-05 6.561279296875e-05
14 0.00085601806640625 0.0007713317871093751 6.7138671875e-05 0.00012054443359375
14 0.000852203369140625 0.000760650634765625 6.256103515625001e-05 9.613037109375001e-05
13 0.00099029541015625 0.0006149291992187501 3.0517578125e-05 8.544921875000001e-05
13 0.0009895324707031251 0.0006126403808593751 2.5939941406250003e-05 8.392333984375e-05
8 0.00116424560546875 0.0008285522460937501 0.0001983642578125 0.0001220703125
13 0.0012947082519531251 0.00046768188476562503 5.340576171875e-05 0.00018157958984375
13 0.0012939453125000002 0.000481414794921875 4.57763671875e-05 0.00018768310546875