9 0.0007706705729166667 0.0008671875000000001 1.9531250000000004e-05 0.00011328125000000002
7 0.00017578125000000002 0.0008906249999999999 3.4179687499999996e-05 9.895833333333334e-05
7 0.00018066406250000002 0.0008880208333333334 3.580729166666667e-05 9.895833333333334e-05
14 0.0004166666666666667 0.0008593750000000001 0.00015136718750000003 0.00014062500000000002
8 0.00044596354166666667 0.0008645833333333334 0.00014973958333333332 6.25e-05
8 0.0004475911458333333 0.0008697916666666668 0.00014811197916666667 7.812500000000002e-05
8 0.0005533854166666668 0.0008906250000000001 0.00010091145833333333 0.00011718750000000002
8 0.00056640625 0.0008437500000000001 1.7903645833333333e-05 4.947916666666667e-05
12 0.0006022135416666667 0.0005833333333333334 1.7903645833333333e-05 6.770833333333334e-05
8 0.000693359375 0.0008984375000000001 0.00010091145833333333 0.000125
9 0.0007096354166666667 0.0008749999999999999 2.1158854166666667e-05 0.00013020833333333336
9 0.0007194010416666668 0.0008802083333333335 2.604166666666667e-05 0.00011197916666666668
12 0.0007210286458333333 0.0006093750000000001 1.9531250000000004e-05 6.25e-05
12 0.00072265625 0.0006119791666666667 1.9531250000000004e-05 5.9895833333333344e-05
14 0.0010319010416666666 0.0008072916666666668 0.0002750651041666667 0.000125
8 0.0008935546875 0.0009036458333333334 0.0001220703125 0.0001744791666666667
8 0.0008365885416666667 0.0008906249999999999 5.696614583333334e-05 0.00016145833333333336
8 0.0009716796875000001 0.0009270833333333335 0.00015136718750000003 0.00016406250000000004
12 0.0008821614583333333 0.0006822916666666668 1.9531250000000004e-05 2.0833333333333336e-05
12 0.0008821614583333333 0.0006875000000000001 1.7903645833333333e-05 2.8645833333333336e-05
12 0.0010530598958333334 0.0006067708333333334 1.9531250000000004e-05 5.9895833333333344e-05
12 0.0010563151041666668 0.0006171875000000001 1.7903645833333333e-05 7.552083333333335e-05
9 0.0011962890625 0.0008671875000000001 4.069010416666667e-05 0.00014583333333333335
9 0.0011979166666666666 0.0008645833333333334 3.906250000000001e-05 0.00014583333333333335