10 5.696614583333333e-05 0.00041666666666666675 3.4179687499999996e-05 0.00011979166666666669
8 0.0003385416666666667 0.0009192708333333335 0.00020833333333333335 0.00013020833333333336
8 0.0003629557291666667 0.0008671875000000001 4.3945312500000005e-05 6.25e-05
10 0.0003987630208333333 0.0005989583333333333 2.9296875e-05 0.00010937500000000002
8 0.0007226562500000001 0.0011848958333333336 0.00033203125 0.00043750000000000006
10 0.0005338541666666667 0.0004843750000000001 3.580729166666667e-05 9.375000000000002e-05
11 0.0006282552083333334 0.0006822916666666668 2.7669270833333335e-05 5.208333333333334e-05
10 0.0006233723958333333 0.0006770833333333334 1.9531250000000004e-05 5.729166666666667e-05
10 0.0006803385416666668 0.0007265625000000001 2.1158854166666667e-05 6.25e-05
11 0.0006852213541666667 0.0007239583333333334 2.604166666666667e-05 4.947916666666667e-05
8 0.0007373046875 0.0008333333333333335 3.743489583333333e-05 4.947916666666667e-05
8 0.0008496093750000001 0.0008984374999999999 8.951822916666667e-05 0.00011458333333333334
11 0.0008300781250000001 0.0006614583333333335 2.7669270833333335e-05 7.031250000000001e-05
11 0.0008284505208333333 0.0006562500000000001 1.9531250000000004e-05 5.208333333333334e-05
8 0.0009700520833333334 0.0009505208333333333 0.00014973958333333332 0.0001744791666666667
8 0.0008837890624999999 0.0008697916666666667 5.533854166666667e-05 8.593750000000001e-05
8 0.0009993489583333334 0.0008749999999999999 5.371093750000001e-05 9.895833333333334e-05
8 0.0011474609375 0.0009635416666666668 0.00017089843750000002 0.0001953125
11 0.0010400390625000002 0.000765625 1.9531250000000004e-05 4.947916666666667e-05
8 0.0015592447916666667 0.0014947916666666668 0.0005192057291666666 0.0008151041666666668
11 0.0013850911458333334 0.0006692708333333333 3.092447916666667e-05 9.895833333333334e-05
10 0.0014013671875 0.0005729166666666668 3.092447916666667e-05 6.510416666666668e-05
10 0.0014794921875 0.0005546875000000001 3.255208333333333e-05 9.635416666666668e-05