8 0.000308990478515625 0.000885009765625 0.00021820068359375 0.000164794921875
8 0.00039138793945312503 0.0008361816406250001 7.171630859375e-05 0.0001068115234375
8 0.0004966735839843751 0.00084075927734375 0.00010223388671875 0.0001220703125
8 0.0005584716796875 0.0008209228515625001 7.9345703125e-05 9.1552734375e-05
10 0.000592803955078125 0.00041427612304687503 4.119873046875e-05 9.918212890625e-05
8 0.000652313232421875 0.0007965087890625 4.730224609375e-05 5.7983398437500004e-05
8 0.0007957458496093751 0.000797271728515625 5.0354003906250004e-05 5.9509277343750005e-05
8 0.000922393798828125 0.000830841064453125 9.002685546875e-05 8.392333984375e-05
11 0.000890350341796875 0.00046386718750000003 4.119873046875e-05 0.0001068115234375
11 0.00110321044921875 0.0006355285644531251 5.1879882812500005e-05 7.781982421875001e-05
8 0.0015609741210937502 0.001169586181640625 0.0004974365234375 0.00050201416015625