9 0.0015617370605468751 0.001085662841796875 8.087158203125001e-05 0.00048675537109375003
8 6.7138671875e-05 0.001038360595703125 6.7138671875e-05 0.00019989013671875002
8 0.00020599365234375 0.0010238647460937501 0.000152587890625 0.0002288818359375
8 0.00025787353515625003 0.000960540771484375 5.7983398437500004e-05 0.00013275146484375002
8 0.000682830810546875 0.001255035400390625 0.00043182373046875 0.0006301879882812501
8 0.0007217407226562501 0.0009819030761718751 4.8828125e-05 0.00020599365234375
8 0.0007598876953125001 0.0008575439453125 6.40869140625e-05 9.1552734375e-05
8 0.0007522583007812501 0.00086212158203125 4.8828125e-05 0.00010986328125
11 0.0008071899414062501 0.00071868896484375 1.8310546875000003e-05 5.4931640625e-05
8 0.00086212158203125 0.0009819030761718751 4.8828125e-05 0.00021820068359375
8 0.0011260986328125 0.00102081298828125 0.0002716064453125 0.000299072265625