8 0.0006136067708333334 0.0012994791666666669 0.0005777994791666667 0.0006953125000000001
8 0.0007145182291666667 0.0010234375 0.00020507812500000002 0.0002682291666666667
12 0.0005550130208333334 0.0007005208333333334 2.9296875e-05 8.593750000000001e-05
11 0.0007552083333333334 0.0006145833333333334 2.604166666666667e-05 8.593750000000001e-05
8 0.0008300781250000001 0.0008906250000000001 6.34765625e-05 7.812500000000002e-05
10 0.0008365885416666669 0.0007343750000000001 2.7669270833333335e-05 8.072916666666668e-05
10 0.0011360677083333335 0.0005885416666666668 5.859375e-05 0.00017968750000000002
9 0.0011474609375 0.0008932291666666667 2.604166666666667e-05 0.00011458333333333334
9 0.0011783854166666668 0.0008723958333333334 3.255208333333333e-05 0.00010416666666666667
8 0.0014501953125000003 0.0009427083333333335 0.00012532552083333333 0.00014843750000000002
8 0.00150390625 0.0009479166666666668 0.00011067708333333334 0.00014843750000000002
8 0.0015592447916666667 0.0009453125 6.510416666666667e-05 0.00017708333333333335