8 0.00041341145833333334 0.0008359375000000001 0.00010416666666666667 7.031250000000001e-05
8 0.0004117838541666667 0.0008333333333333334 8.951822916666667e-05 5.9895833333333344e-05
8 0.0006738281250000001 0.0008697916666666667 0.00011230468749999999 0.00015885416666666668
8 0.0007014973958333333 0.0008619791666666668 4.3945312500000005e-05 0.00011197916666666668
8 0.0007014973958333334 0.0008515625000000001 2.604166666666667e-05 0.00010416666666666667
8 0.0007242838541666667 0.0008359375000000001 2.44140625e-05 9.114583333333334e-05
11 0.0007307942708333333 0.0006875000000000002 1.9531250000000004e-05 5.468750000000001e-05
11 0.0007340494791666666 0.0006796875000000001 2.2786458333333334e-05 4.166666666666667e-05
11 0.0007942708333333334 0.0006718750000000002 2.44140625e-05 4.687500000000001e-05
11 0.0007975260416666669 0.0006718750000000002 2.2786458333333334e-05 5.9895833333333344e-05
11 0.0009993489583333332 0.0006953125000000001 2.44140625e-05 5.729166666666667e-05
10 0.0009993489583333334 0.0006979166666666668 2.2786458333333334e-05 6.770833333333334e-05