14 0.0001904296875 0.0008932291666666668 0.0001904296875 0.0002864583333333334
8 0.0002718098958333333 0.00096875 0.00016927083333333334 0.00017708333333333335
14 0.0003873697916666667 0.0009296875000000002 0.00021158854166666667 0.0002708333333333334
8 0.0003938802083333333 0.0008671875000000001 0.00020833333333333335 0.00019010416666666668
8 0.0006689453125 0.0011406250000000001 0.00032552083333333337 0.0004114583333333334
8 0.0007242838541666667 0.0009687500000000002 0.00023274739583333334 0.0003489583333333334
14 0.0007259114583333334 0.0009739583333333335 0.00020182291666666667 0.0002994791666666667
8 0.0008447265624999999 0.0008958333333333334 9.440104166666668e-05 0.00010677083333333335
8 0.0009960937500000002 0.0009479166666666668 0.00016276041666666668 0.00022656250000000004
8 0.0011604817708333332 0.0010052083333333334 0.000263671875 0.00026302083333333337
8 0.0012483723958333333 0.0008932291666666667 0.00014973958333333332 0.00028906250000000004
14 0.0012679036458333336 0.0009218750000000002 0.00015787760416666668 0.0002838541666666667