7 5.2897135416666675e-05 0.0009231770833333334 5.208333333333334e-05 0.00012369791666666668
8 0.00026204427083333337 0.0009062499999999999 0.00015950520833333333 0.00016145833333333336
8 0.0003531901041666667 0.0008984375000000001 0.00011555989583333335 0.00010416666666666667
8 0.00035970052083333335 0.0008411458333333334 0.00010579427083333334 8.854166666666667e-05
14 0.000537109375 0.0008854166666666667 0.00017740885416666667 0.000265625
8 0.0005891927083333334 0.0008515625000000001 5.696614583333334e-05 5.729166666666667e-05
8 0.0006331380208333334 0.0008463541666666667 6.184895833333334e-05 7.031250000000001e-05
12 0.0006738281250000001 0.000546875 2.9296875e-05 9.635416666666668e-05
12 0.0007975260416666667 0.0005442708333333335 3.4179687499999996e-05 9.895833333333334e-05
8 0.0008756510416666667 0.0008359375000000001 4.2317708333333335e-05 5.729166666666667e-05
12 0.0010286458333333335 0.0007031250000000002 4.2317708333333335e-05 0.00010937500000000002