8 0.00024337768554687502 0.0008636474609375 0.00017547607421875 0.0001373291015625
8 0.000586700439453125 0.0008705139160156251 0.00014495849609375 0.00019073486328125
8 0.000699615478515625 0.000850677490234375 0.00011749267578125 0.00012969970703125
8 0.000728607177734375 0.00081787109375 5.9509277343750005e-05 9.1552734375e-05
8 0.000746917724609375 0.0008171081542968751 5.645751953125e-05 8.087158203125001e-05
12 0.000891876220703125 0.000443267822265625 3.814697265625e-05 0.00011749267578125
9 0.0011962890625 0.0014503479003906252 0.000274658203125 0.00095367431640625
12 0.0010810852050781251 0.00045013427734375 4.119873046875e-05 0.0001220703125
8 0.0012115478515625 0.000830841064453125 8.850097656250001e-05 0.00012969970703125
8 0.00119781494140625 0.00081024169921875 5.7983398437500004e-05 8.850097656250001e-05
12 0.0015533447265625002 0.00064849853515625 4.57763671875e-05 0.0001068115234375