9 0.00025878906250000007 0.0009713541666666668 6.184895833333334e-05 0.00020833333333333335
8 0.000283203125 0.0009505208333333333 5.208333333333334e-05 0.00019010416666666668
9 0.0002750651041666667 0.0009609375 2.604166666666667e-05 0.00020833333333333335
9 0.00029296875000000004 0.0008776041666666667 3.906250000000001e-05 0.00013020833333333336
9 0.00036946614583333335 0.0009244791666666669 4.720052083333334e-05 0.00018750000000000003
9 0.0004117838541666667 0.0008697916666666667 2.7669270833333335e-05 0.00010156250000000001
7 0.00044108072916666666 0.0008723958333333335 4.2317708333333335e-05 0.00011197916666666668
7 0.00042643229166666665 0.0008619791666666668 2.44140625e-05 9.635416666666668e-05
9 0.00043782552083333336 0.0008619791666666668 3.092447916666667e-05 9.375000000000002e-05
7 0.0004622395833333334 0.0008567708333333334 3.092447916666667e-05 8.854166666666667e-05
8 0.0005794270833333333 0.0008359375000000001 6.835937499999999e-05 6.25e-05
8 0.0007112630208333334 0.0008671875000000001 0.00017415364583333334 0.00010677083333333335
8 0.0007112630208333334 0.0008567708333333334 0.00017415364583333334 8.593750000000001e-05
9 0.0007682291666666666 0.0009479166666666668 4.557291666666667e-05 0.00018229166666666667
8 0.0009830729166666666 0.0008697916666666667 0.00022298177083333333 0.0001432291666666667
9 0.0008284505208333335 0.0009375 5.371093750000001e-05 0.00022135416666666668
8 0.001025390625 0.0008463541666666667 0.00015625000000000003 0.00011718750000000002
9 0.0012467447916666666 0.0013411458333333335 0.00025227864583333336 0.0007552083333333334
9 0.0011653645833333334 0.0011536458333333333 8.626302083333333e-05 0.0005364583333333334
9 0.0011653645833333334 0.0011640625000000002 6.835937499999999e-05 0.0005494791666666668
9 0.0013313802083333333 0.0013072916666666667 0.00018229166666666667 0.0007786458333333334
9 0.0014599609375 0.0012682291666666669 0.00013346354166666669 0.0006848958333333334