8 7.019042968750001e-05 0.000984954833984375 7.019042968750001e-05 0.00016021728515625
8 0.0015594482421875 0.00125732421875 0.00023803710937500002 0.00054931640625
8 0.0001678466796875 0.0009506225585937501 0.00011901855468750001 0.00015869140625
8 0.000225067138671875 0.0008880615234375 4.119873046875e-05 5.1879882812500005e-05
8 0.0002716064453125 0.000897979736328125 4.2724609375000004e-05 7.476806640625e-05
8 0.000310516357421875 0.00089569091796875 4.119873046875e-05 6.7138671875e-05
8 0.00038757324218750003 0.00089569091796875 7.324218750000001e-05 7.019042968750001e-05
8 0.00041656494140625 0.00088043212890625 5.1879882812500005e-05 5.4931640625e-05
8 0.0006240844726562501 0.0009819030761718751 0.00017089843750000002 0.00023956298828125002
8 0.0006835937500000001 0.000913238525390625 6.7138671875e-05 0.00011138916015625001
8 0.000720977783203125 0.000911712646484375 5.0354003906250004e-05 0.00011444091796875
8 0.0007537841796875001 0.0009140014648437501 3.96728515625e-05 0.00015869140625
8 0.0008338928222656251 0.000914764404296875 9.002685546875e-05 0.00015106201171875
8 0.00081787109375 0.000919342041015625 6.7138671875e-05 0.00015411376953125002
8 0.0008491516113281251 0.000951385498046875 7.171630859375e-05 0.00017242431640625
8 0.0008392333984375 0.000942230224609375 5.7983398437500004e-05 0.00017242431640625
8 0.00111083984375 0.00098419189453125 0.000274658203125 0.0002685546875
8 0.0010734558105468751 0.0009635925292968751 0.00023345947265625 0.00023651123046875
8 0.0013916015625 0.0010734558105468751 0.0003631591796875 0.00034637451171875004