8 0.0003450520833333334 0.0008281250000000001 0.0001383463541666667 0.00010677083333333335
8 0.0006608072916666667 0.0008203125000000001 6.510416666666667e-05 7.291666666666667e-05
8 0.0006998697916666668 0.0008072916666666668 3.255208333333333e-05 7.291666666666667e-05
8 0.0007633463541666667 0.0008098958333333335 5.371093750000001e-05 5.9895833333333344e-05
14 0.0008496093750000001 0.0008020833333333334 5.371093750000001e-05 0.00011458333333333334
10 0.0009114583333333335 8.854166666666667e-05 4.069010416666667e-05 8.854166666666667e-05
10 0.0008951822916666666 0.0006041666666666667 1.9531250000000004e-05 8.072916666666668e-05
8 0.0010319010416666666 0.0007968750000000001 0.00011555989583333335 7.812500000000002e-05
12 0.0010319010416666666 0.0005859375000000001 2.2786458333333334e-05 6.25e-05
12 0.0011474609375 0.0006640625000000002 2.44140625e-05 6.770833333333334e-05
12 0.0011507161458333335 0.0006588541666666667 2.1158854166666667e-05 4.166666666666667e-05
12 0.0012711588541666667 0.00017968750000000005 3.743489583333333e-05 0.00014062500000000002
9 0.0013199869791666666 0.0008203125000000001 4.8828125e-05 0.00013802083333333334
9 0.0013199869791666666 0.0007968750000000001 3.743489583333333e-05 8.854166666666667e-05
7 0.0015380859375000002 0.0008489583333333334 4.3945312500000005e-05 0.00015885416666666668
9 0.0015478515625 0.0008671875000000001 4.720052083333334e-05 0.0002421875
9 0.0015576171875 0.0008177083333333334 1.7903645833333333e-05 0.00013020833333333336