7 5.8746337890625e-05 0.0009239196777343751 5.0354003906250004e-05 0.00013580322265625
8 0.00026092529296875 0.0009063720703125001 0.0001495361328125 0.00015563964843750002
8 0.000362396240234375 0.000896453857421875 0.00011749267578125 0.00010223388671875
8 0.000356292724609375 0.0008300781250000001 0.00010223388671875 7.019042968750001e-05
14 0.000537109375 0.0008872985839843751 0.00017089843750000002 0.00027008056640625
8 0.0005958557128906251 0.00084991455078125 5.645751953125e-05 5.7983398437500004e-05
8 0.0006355285644531251 0.000853729248046875 6.561279296875e-05 8.087158203125001e-05
12 0.000676727294921875 0.00054168701171875 3.204345703125e-05 8.850097656250001e-05
12 0.0007965087890625 0.000543975830078125 3.35693359375e-05 9.918212890625e-05
8 0.0008705139160156251 0.000843048095703125 5.645751953125e-05 7.781982421875001e-05
12 0.0010284423828125 0.00070343017578125 4.2724609375000004e-05 0.00010986328125