8 0.0002593994140625 0.000811767578125 0.00010070800781250001 6.7138671875e-05
8 0.00025024414062500003 0.000804901123046875 8.850097656250001e-05 5.9509277343750005e-05
7 0.00031585693359375004 0.000797271728515625 4.57763671875e-05 6.256103515625001e-05
12 0.00040740966796875004 0.0007003784179687501 2.1362304687500002e-05 4.8828125e-05
8 0.000598907470703125 0.0008071899414062501 8.697509765625e-05 8.850097656250001e-05
12 0.0005859375000000001 0.0006278991699218751 1.52587890625e-05 4.730224609375e-05
8 0.000638580322265625 0.000789642333984375 5.9509277343750005e-05 6.561279296875e-05
8 0.000628662109375 0.000775909423828125 4.57763671875e-05 6.256103515625001e-05
12 0.0006721496582031251 0.0006195068359375 2.288818359375e-05 5.7983398437500004e-05
12 0.0006660461425781251 0.0006126403808593751 1.678466796875e-05 4.4250488281250005e-05
12 0.0008224487304687501 0.00064849853515625 2.44140625e-05 6.7138671875e-05
8 0.0010047912597656251 0.0007713317871093751 0.00012054443359375 8.392333984375e-05
9 0.00093841552734375 0.0008018493652343751 3.96728515625e-05 0.00011749267578125