8 0.0015616861979166666 0.0009270833333333335 0.000283203125 0.0002135416666666667
8 0.00013671874999999999 0.0009427083333333335 0.00013590494791666666 0.00011848958333333335
8 0.00022623697916666666 0.0009036458333333334 0.00010416666666666667 9.375000000000002e-05
12 0.00017089843750000002 0.0005755208333333334 3.743489583333333e-05 0.00012760416666666668
8 0.0003059895833333333 0.0008854166666666667 0.00011067708333333334 9.895833333333334e-05
12 0.0003238932291666667 0.00047135416666666663 4.2317708333333335e-05 0.0001328125
8 0.0004720052083333334 0.00096875 0.00016927083333333334 0.00019270833333333336
13 0.0005257161458333333 0.00035937500000000005 4.069010416666667e-05 0.000125
8 0.0005712890625 0.0008958333333333334 7.486979166666666e-05 9.114583333333334e-05
8 0.0006591796875 0.0009062500000000002 0.00010091145833333333 0.00012239583333333335
8 0.0009082031250000002 0.0008593749999999999 6.673177083333334e-05 8.333333333333334e-05
8 0.0009082031250000002 0.0008619791666666667 6.0221354166666675e-05 8.593750000000001e-05
13 0.0009049479166666666 0.0006250000000000001 2.1158854166666667e-05 0.00010937500000000002
9 0.0009456380208333334 0.0009036458333333334 4.3945312500000005e-05 0.00017968750000000002
8 0.0013509114583333335 0.0009166666666666669 0.0002978515625 0.00017187500000000002