8 0.00023763020833333332 0.0008567708333333334 0.00023763020833333332 0.0001744791666666667
8 0.0003515625 0.0008463541666666668 0.0001318359375 9.375000000000002e-05
11 0.0004964192708333333 0.0006848958333333335 2.2786458333333334e-05 9.375000000000002e-05
11 0.0005029296875 0.0006796875000000001 2.9296875e-05 5.9895833333333344e-05
8 0.0007047526041666667 0.0007942708333333335 5.533854166666667e-05 8.072916666666668e-05
8 0.0008203125000000001 0.0007890625 4.8828125e-05 6.770833333333334e-05
11 0.0008658854166666667 0.0005416666666666668 2.9296875e-05 4.947916666666667e-05
11 0.0008675130208333335 0.0005338541666666667 2.7669270833333335e-05 7.552083333333335e-05
8 0.0011490885416666667 0.0010182291666666666 0.00025390625 0.0003697916666666667
11 0.0010139973958333333 0.0006614583333333333 1.7903645833333333e-05 6.770833333333334e-05
11 0.0011295572916666667 0.0005937500000000001 4.069010416666667e-05 0.00011718750000000002
11 0.0011230468750000001 0.0005937500000000001 2.7669270833333335e-05 6.770833333333334e-05
8 0.0015608723958333334 0.0011562500000000002 0.00035481770833333334 0.0005130208333333334