8 9.114583333333334e-05 0.001096354166666667 9.114583333333334e-05 0.00028906250000000004
8 9.114583333333334e-05 0.0011041666666666667 9.114583333333334e-05 0.0002864583333333334
8 0.00023763020833333332 0.0010364583333333335 0.00019205729166666666 0.00021093750000000002
8 0.0003352864583333334 0.0009791666666666668 0.0001383463541666667 0.0001666666666666667
8 0.00037923177083333336 0.0009687500000000002 6.998697916666667e-05 0.000125
8 0.00037434895833333336 0.0009635416666666669 4.8828125e-05 0.00011197916666666668
8 0.0005240885416666667 0.0009921875000000002 0.000126953125 0.00017187500000000002
8 0.0005354817708333333 0.000984375 0.00013509114583333334 0.0001666666666666667
8 0.0005680338541666667 0.0009401041666666669 6.673177083333334e-05 0.00012760416666666668
8 0.0005729166666666668 0.0009375000000000002 5.696614583333334e-05 0.00010937500000000002
8 0.0006868489583333334 0.0009062500000000002 5.696614583333334e-05 7.812500000000002e-05
8 0.0007698567708333333 0.0009375000000000002 9.602864583333333e-05 0.00010677083333333335