9 2.7669270833333335e-05 0.0009713541666666668 2.7669270833333335e-05 0.0002526041666666667
9 6.184895833333334e-05 0.0008645833333333334 3.255208333333333e-05 8.854166666666667e-05
9 0.00013020833333333333 0.0009765625 6.510416666666667e-05 0.0002838541666666667
9 0.00020670572916666667 0.0008645833333333334 2.604166666666667e-05 9.895833333333334e-05
9 0.00025227864583333336 0.0008515625000000001 1.9531250000000004e-05 8.593750000000001e-05
12 0.00030598958333333335 0.0006770833333333335 2.2786458333333334e-05 6.25e-05
8 0.0004313151041666667 0.0008671875000000001 6.34765625e-05 8.072916666666668e-05
8 0.0004329427083333333 0.0008776041666666667 6.510416666666667e-05 8.593750000000001e-05
8 0.0006477864583333333 0.0010416666666666669 0.00024576822916666665 0.0003020833333333334
8 0.0006575520833333333 0.0008437500000000001 5.533854166666667e-05 0.00010937500000000002
9 0.0006901041666666667 0.0009348958333333335 4.8828125e-05 0.0002057291666666667
12 0.0007568359375 0.0006432291666666667 2.44140625e-05 8.333333333333334e-05
9 0.0008496093750000001 0.0009192708333333335 5.208333333333334e-05 0.00018750000000000003
9 0.0008902994791666666 0.0009114583333333336 5.696614583333334e-05 0.00021875000000000003
9 0.0008951822916666666 0.0009140625000000002 5.696614583333334e-05 0.00020052083333333337
9 0.0010091145833333334 0.0009062500000000002 3.580729166666667e-05 0.00014062500000000002
9 0.0014111328125 0.0007942708333333334 6.0221354166666675e-05 0.00015885416666666668
9 0.0014404296875 0.0008177083333333334 6.0221354166666675e-05 0.0001744791666666667