8 0.00012512207031250002 0.0007293701171875001 0.00012512207031250002 0.00012512207031250002
8 0.000185394287109375 0.000743865966796875 6.866455078125e-05 0.00012969970703125
8 0.000240325927734375 0.0007446289062500001 7.476806640625e-05 0.00014038085937500002
8 0.000333404541015625 0.00078582763671875 0.00013580322265625 0.0001373291015625
8 0.000336456298828125 0.0007637023925781251 7.781982421875001e-05 9.918212890625e-05
8 0.0004928588867187501 0.0007423400878906251 9.46044921875e-05 9.918212890625e-05
8 0.00048370361328125004 0.000753021240234375 7.62939453125e-05 9.307861328125001e-05
12 0.0006736755371093751 0.0006698608398437501 1.983642578125e-05 3.6621093750000005e-05
8 0.000848388671875 0.000909423828125 0.0001678466796875 0.00026550292968750003
13 0.0007881164550781251 0.0006355285644531251 1.678466796875e-05 4.730224609375e-05
8 0.001021575927734375 0.000791168212890625 7.781982421875001e-05 8.087158203125001e-05
8 0.001116180419921875 0.0008514404296875001 0.00010833740234375001 0.000128173828125
8 0.001158905029296875 0.000804901123046875 5.645751953125e-05 7.476806640625e-05
8 0.001277923583984375 0.00083160400390625 9.918212890625e-05 0.00010986328125
8 0.0012786865234375002 0.0008331298828125 8.850097656250001e-05 9.1552734375e-05
8 0.001377105712890625 0.000835418701171875 8.087158203125001e-05 9.613037109375001e-05
8 0.001444244384765625 0.0008331298828125 6.866455078125e-05 6.7138671875e-05
8 0.001558685302734375 0.00098724365234375 0.00014495849609375 0.000225830078125
8 0.0015594482421875 0.00098419189453125 0.00014038085937500002 0.000213623046875