8 0.00022786458333333336 0.0009192708333333335 0.00011393229166666668 0.00011458333333333334
8 0.000361328125 0.0008802083333333335 7.812500000000002e-05 8.072916666666668e-05
8 0.00042480468750000005 0.0008645833333333334 6.34765625e-05 7.812500000000002e-05
11 0.000517578125 0.00037239583333333336 4.2317708333333335e-05 0.00013020833333333336
8 0.0006184895833333333 0.0008307291666666668 4.557291666666667e-05 5.9895833333333344e-05
8 0.0006982421875000001 0.0009088541666666669 0.00010253906250000001 0.00013802083333333334
11 0.0007633463541666667 0.00035156250000000004 4.069010416666667e-05 0.00013802083333333334
8 0.0008870442708333332 0.0008828125000000001 8.138020833333334e-05 9.375000000000002e-05
8 0.0010677083333333335 0.0009375 0.00016438802083333333 0.00016145833333333336
8 0.0013118489583333335 0.0010625 0.00031901041666666666 0.0003072916666666667
11 0.0011035156250000001 0.0006458333333333334 3.4179687499999996e-05 0.00013020833333333336