8 0.00010070800781250001 0.001001739501953125 0.00010070800781250001 0.00024261474609375
8 0.00020751953125000002 0.000960540771484375 0.0001739501953125 0.00018157958984375
14 0.0002685546875 0.0008697509765625 0.0001495361328125 0.00016174316406250002
14 0.00026092529296875 0.000836944580078125 0.00014038085937500002 0.00012054443359375
8 0.00043792724609375004 0.0009635925292968751 0.000189208984375 0.00019073486328125
8 0.0006950378417968751 0.0010284423828125 0.00026397705078125 0.0003326416015625
10 0.0005271911621093751 0.0005706787109375 2.288818359375e-05 5.7983398437500004e-05
12 0.0006607055664062501 0.00056304931640625 2.1362304687500002e-05 5.7983398437500004e-05
12 0.000768280029296875 0.000568389892578125 1.983642578125e-05 6.256103515625001e-05
8 0.000945281982421875 0.0008934020996093751 8.697509765625e-05 0.00015411376953125002
8 0.000959014892578125 0.000867462158203125 9.613037109375001e-05 0.00011138916015625001
8 0.0010887145996093751 0.0009712219238281251 0.00018157958984375 0.00021820068359375
12 0.0010284423828125 0.00069732666015625 2.74658203125e-05 7.324218750000001e-05
12 0.001030731201171875 0.000682830810546875 2.288818359375e-05 4.730224609375e-05
12 0.001268768310546875 0.00057525634765625 5.0354003906250004e-05 0.000164794921875
8 0.0015594482421875 0.0011016845703125 0.00029296875000000004 0.0005004882812500001