8 0.00015299479166666668 0.0009830729166666666 0.00015218098958333335 0.00017708333333333335
8 0.00027343749999999997 0.0009348958333333335 0.00012044270833333335 0.00018489583333333335
8 0.00043131510416666665 0.0008958333333333336 9.114583333333334e-05 0.00011197916666666668
8 0.0004361979166666667 0.0008880208333333334 9.27734375e-05 9.375000000000002e-05
8 0.00046386718750000003 0.0008802083333333334 4.3945312500000005e-05 8.593750000000001e-05
8 0.0005533854166666668 0.0008515625000000001 6.673177083333334e-05 8.593750000000001e-05
8 0.0006966145833333334 0.0008697916666666668 6.673177083333334e-05 9.635416666666668e-05
8 0.0007031250000000001 0.0008567708333333334 6.998697916666667e-05 7.552083333333335e-05
8 0.0008772786458333333 0.0008802083333333334 9.27734375e-05 0.00012239583333333335
8 0.0011067708333333335 0.0009921875 0.00020507812500000002 0.0002421875
8 0.0012548828125000001 0.0008750000000000001 0.00016927083333333334 0.00012760416666666668