14 0.00019226074218750002 0.000933837890625 0.00019226074218750002 0.00014648437500000002
8 0.00019760131835937502 0.0009353637695312501 0.00019683837890625 0.0001434326171875
9 0.00010223388671875 0.0009407043457031251 4.57763671875e-05 0.00012054443359375
14 0.000272369384765625 0.0009185791015625 0.00011138916015625001 0.00014038085937500002
8 0.00027313232421875003 0.000922393798828125 0.0001129150390625 0.00013275146484375002
12 0.000229644775390625 0.000726318359375 4.119873046875e-05 0.00010986328125
14 0.00036163330078125004 0.0008720397949218751 9.765625e-05 5.9509277343750005e-05
8 0.00035858154296875 0.000919342041015625 9.46044921875e-05 8.392333984375e-05
8 0.00053253173828125 0.0009483337402343751 0.00011901855468750001 0.00013580322265625
8 0.000553131103515625 0.0009216308593750001 5.0354003906250004e-05 0.00010375976562500001
8 0.0007904052734375001 0.00091705322265625 4.57763671875e-05 0.00010375976562500001
8 0.0008529663085937501 0.00091705322265625 9.46044921875e-05 0.00010986328125
10 0.00094757080078125 0.00066375732421875 4.57763671875e-05 0.0001220703125
12 0.0012947082519531251 0.000716400146484375 3.814697265625e-05 6.256103515625001e-05