9 0.0015609741210937502 0.0010391235351562501 5.1879882812500005e-05 0.00023193359375000002
9 0.0014816284179687501 0.00102691650390625 3.6621093750000005e-05 0.00020141601562500002
8 0.000208282470703125 0.00107269287109375 0.00018768310546875 0.0001953125
8 0.000457763671875 0.0010391235351562501 0.00012512207031250002 0.0001434326171875
8 0.0005035400390625 0.0009246826171875 2.74658203125e-05 3.6621093750000005e-05
10 0.00052490234375 0.00043716430664062503 4.2724609375000004e-05 0.00015106201171875
8 0.0007575988769531251 0.00104217529296875 0.00015106201171875 0.0002105712890625
11 0.000798797607421875 0.000461578369140625 4.730224609375e-05 0.00015411376953125002
11 0.0013275146484375 0.0007446289062500001 4.8828125e-05 0.00014038085937500002
7 0.001409912109375 0.001091766357421875 9.1552734375e-05 0.00033111572265625004
7 0.001399993896484375 0.001076507568359375 6.561279296875e-05 0.00031585693359375004