9 0.00017578125 0.0015234375000000003 0.00017089843750000002 0.0010416666666666669
9 0.0006429036458333333 0.0013880208333333336 0.00021647135416666668 0.0008255208333333334
8 0.0006575520833333333 0.0008072916666666668 9.114583333333334e-05 0.00010937500000000002
8 0.0007031250000000001 0.0008489583333333334 0.00011881510416666666 0.00010677083333333335
8 0.0008658854166666667 0.0008020833333333335 7.161458333333333e-05 6.510416666666668e-05
8 0.0008561197916666666 0.0007942708333333334 6.184895833333334e-05 5.468750000000001e-05
12 0.0008919270833333333 0.0004401041666666667 3.580729166666667e-05 0.00011458333333333334
8 0.0010546874999999999 0.0007838541666666667 5.533854166666667e-05 5.9895833333333344e-05
8 0.0010563151041666668 0.00078125 5.533854166666667e-05 5.729166666666667e-05
9 0.0012630208333333334 0.0013437500000000003 0.00025390625 0.0007760416666666667
12 0.0010791015625000002 0.00045052083333333337 4.069010416666667e-05 0.00012239583333333335
8 0.0012467447916666666 0.0008307291666666668 7.324218750000001e-05 9.635416666666668e-05
12 0.0015543619791666668 0.0006484375000000001 4.720052083333334e-05 0.00010416666666666667