8 0.00019378662109375002 0.000986480712890625 0.00019226074218750002 0.00023956298828125002
8 0.000179290771484375 0.0009765625 0.00017547607421875 0.000213623046875
8 0.00030441284179687504 0.000919342041015625 0.00012969970703125 0.00015106201171875
8 0.000336456298828125 0.000890350341796875 5.0354003906250004e-05 0.00014801025390625002
8 0.00034332275390625 0.000904083251953125 5.1879882812500005e-05 0.00013580322265625
8 0.00037612915039062503 0.000890350341796875 4.119873046875e-05 0.00012969970703125
8 0.00065765380859375 0.000885009765625 8.850097656250001e-05 0.00014038085937500002
8 0.0007965087890625 0.000926971435546875 0.00014648437500000002 0.00017242431640625
8 0.000783538818359375 0.000914764404296875 0.00012054443359375 0.00015106201171875
8 0.000965118408203125 0.0008338928222656251 5.645751953125e-05 7.781982421875001e-05
8 0.0011421203613281251 0.001001739501953125 0.00020599365234375 0.00030670166015625
8 0.0015007019042968751 0.00112457275390625 0.00039825439453125 0.000421142578125