8 0.00019287109375 0.0008059895833333335 0.00013102213541666666 0.00011458333333333334
13 0.00039062499999999997 0.0003151041666666667 3.4179687499999996e-05 0.000125
8 0.0005322265625 0.0008463541666666668 0.00014322916666666667 0.00016927083333333334
13 0.0005794270833333334 0.0003776041666666667 4.2317708333333335e-05 0.00015625000000000003
8 0.0006022135416666667 0.0007708333333333334 6.0221354166666675e-05 7.291666666666667e-05
8 0.000673828125 0.00078125 7.161458333333333e-05 8.333333333333334e-05
14 0.0007731119791666667 0.0007604166666666667 6.673177083333334e-05 0.00011979166666666669
14 0.0007682291666666667 0.0007656250000000001 6.0221354166666675e-05 0.00012239583333333335
13 0.0009456380208333333 0.0005651041666666668 3.255208333333333e-05 9.895833333333334e-05
13 0.0009488932291666667 0.0005911458333333334 3.255208333333333e-05 0.0001328125
8 0.0011735026041666667 0.0008229166666666668 0.000244140625 0.00011718750000000002
8 0.0015608723958333334 0.0008229166666666668 0.00025065104166666665 0.00014843750000000002