14 0.00019856770833333334 0.0008984374999999999 0.00019856770833333334 0.0002864583333333334
8 0.000263671875 0.00096875 0.00016927083333333334 0.00017708333333333335
8 0.0003776041666666667 0.0008463541666666668 0.0002001953125 0.00020052083333333337
8 0.0006770833333333334 0.0012500000000000002 0.0004606119791666667 0.000546875
8 0.0007226562500000001 0.0009817708333333334 0.00024576822916666665 0.0004088541666666667
8 0.0007373046875000001 0.001015625 0.00012044270833333335 0.00040625000000000004
8 0.0008430989583333333 0.0009088541666666668 9.27734375e-05 0.0001328125
8 0.0008528645833333333 0.0009192708333333335 4.557291666666667e-05 0.00017187500000000002
8 0.0009602864583333334 0.0009505208333333335 0.0001318359375 0.00025520833333333336
8 0.0011588541666666668 0.0010130208333333334 0.00027343749999999997 0.0002864583333333334
14 0.0012548828125000001 0.0008984375000000001 0.00017252604166666667 0.00030989583333333336
8 0.0012630208333333334 0.0008984374999999999 0.00016927083333333334 0.0002864583333333334