8 0.0007112630208333334 0.0008515625000000001 7.161458333333333e-05 9.114583333333334e-05
9 5.696614583333333e-05 0.0009322916666666668 2.7669270833333335e-05 0.00015885416666666668
9 7.975260416666667e-05 0.0009322916666666668 2.604166666666667e-05 8.333333333333334e-05
9 0.00011067708333333334 0.000953125 3.906250000000001e-05 0.00019270833333333336
9 0.00011881510416666666 0.0009401041666666668 4.069010416666667e-05 0.00017708333333333335
9 0.0001611328125 0.0008880208333333335 2.604166666666667e-05 0.00011197916666666668
8 0.0002587890625 0.0009322916666666668 0.0001220703125 0.00012760416666666668
8 0.000419921875 0.0009244791666666668 0.00013020833333333333 0.00014583333333333335
8 0.0004654947916666667 0.0008776041666666667 4.8828125e-05 0.00010156250000000001
8 0.0005078124999999999 0.0008619791666666667 4.720052083333334e-05 0.00010156250000000001
8 0.0011181640625 0.0009270833333333335 0.00036946614583333335 0.00021093750000000002
10 0.0009293619791666668 0.0005651041666666668 4.069010416666667e-05 0.0001510416666666667
9 0.0013623046875000002 0.0008567708333333334 3.4179687499999996e-05 0.00019270833333333336
9 0.0013623046875000002 0.0008593750000000001 2.7669270833333335e-05 0.0002057291666666667
9 0.0013932291666666667 0.0008463541666666668 3.092447916666667e-05 0.00019010416666666668
9 0.0015592447916666667 0.0008750000000000001 3.906250000000001e-05 0.00025