14 0.00020507812500000002 0.0009322916666666668 0.00020507812500000002 0.0001354166666666667
8 0.00020670572916666667 0.0009401041666666668 0.00020670572916666667 0.00013802083333333334
9 9.765625e-05 0.0009557291666666669 3.743489583333333e-05 0.00011197916666666668
14 0.0002718098958333333 0.0009192708333333335 0.00011067708333333334 0.00013020833333333336
8 0.0002750651041666667 0.0009322916666666668 0.00011230468749999999 0.0001328125
10 0.0002278645833333333 0.0007265625000000001 3.4179687499999996e-05 0.00010677083333333335
14 0.00036132812500000005 0.0008802083333333334 9.765625e-05 5.9895833333333344e-05
8 0.0003580729166666667 0.0009192708333333332 9.440104166666668e-05 8.333333333333334e-05
8 0.0005305989583333333 0.0009505208333333335 0.00011555989583333335 0.00012239583333333335
8 0.0005533854166666667 0.0009296875 5.533854166666667e-05 9.895833333333334e-05
8 0.0007926432291666665 0.0009296875 4.557291666666667e-05 0.00010416666666666667
8 0.0008512369791666667 0.0009401041666666668 9.27734375e-05 0.00010937500000000002
10 0.000947265625 0.0006822916666666668 4.3945312500000005e-05 0.00012760416666666668
12 0.0012972005208333334 0.0007265625000000001 3.743489583333333e-05 6.25e-05