8 0.00015945434570312502 0.0008987426757812501 0.00012054443359375 7.324218750000001e-05
12 0.0006256103515625 0.00081787109375 1.8310546875000003e-05 5.7983398437500004e-05
8 0.00072784423828125 0.0009063720703125001 0.00011596679687500001 0.00015869140625
8 0.0007499694824218751 0.0008720397949218751 3.204345703125e-05 9.918212890625e-05
8 0.0007690429687500001 0.000843048095703125 3.35693359375e-05 5.9509277343750005e-05
8 0.0008132934570312501 0.000861358642578125 6.7138671875e-05 8.087158203125001e-05
8 0.000865936279296875 0.0008415222167968751 5.645751953125e-05 6.256103515625001e-05
8 0.0008514404296875001 0.00084075927734375 3.96728515625e-05 5.4931640625e-05
11 0.0008514404296875001 0.000684356689453125 2.1362304687500002e-05 4.730224609375e-05
11 0.0008529663085937501 0.0007003784179687501 1.8310546875000003e-05 5.4931640625e-05
8 0.000988006591796875 0.00087738037109375 0.00010223388671875 0.0001373291015625
11 0.0010734558105468751 0.0007270812988281251 1.983642578125e-05 4.4250488281250005e-05
11 0.00107574462890625 0.0007415771484375 1.8310546875000003e-05 5.1879882812500005e-05
8 0.0012519836425781252 0.0008338928222656251 0.00011138916015625001 0.00010223388671875
8 0.001239776611328125 0.00081939697265625 9.307861328125001e-05 6.7138671875e-05