8 0.000899505615234375 0.0008392333984375 4.730224609375e-05 7.019042968750001e-05
9 5.2642822265625e-05 0.00091094970703125 2.288818359375e-05 8.850097656250001e-05
9 5.645751953125e-05 0.000919342041015625 1.8310546875000003e-05 0.00012054443359375
9 7.9345703125e-05 0.0009201049804687501 2.1362304687500002e-05 0.00010986328125
12 9.918212890625e-05 0.000720977783203125 2.74658203125e-05 7.781982421875001e-05
9 0.00011749267578125 0.000904083251953125 2.74658203125e-05 0.00011138916015625001
9 0.000130462646484375 0.000904083251953125 2.5939941406250003e-05 0.00011138916015625001
9 0.000145721435546875 0.0009033203125 3.814697265625e-05 0.00012512207031250002
7 0.00013656616210937502 0.00089263916015625 1.678466796875e-05 0.0001068115234375
7 0.00016708374023437502 0.00089263916015625 2.5939941406250003e-05 0.00010375976562500001
9 0.000200653076171875 0.00090179443359375 2.5939941406250003e-05 0.00012512207031250002
8 0.00033721923828125 0.0008781433105468751 0.0001373291015625 0.00011444091796875
9 0.000225067138671875 0.0008934020996093751 2.288818359375e-05 0.00012054443359375
14 0.00033721923828125 0.0008796691894531251 0.00012512207031250002 0.00012969970703125
14 0.00041961669921875 0.0008438110351562501 8.850097656250001e-05 8.850097656250001e-05
8 0.000396728515625 0.000848388671875 6.40869140625e-05 8.850097656250001e-05
8 0.000431060791015625 0.000868988037109375 9.002685546875e-05 7.476806640625e-05
9 0.000536346435546875 0.00127410888671875 0.00016021728515625 0.0006744384765625
9 0.00052642822265625 0.001276397705078125 0.00014648437500000002 0.00066680908203125
9 0.00046463012695312504 0.000859832763671875 3.814697265625e-05 0.00011444091796875
14 0.0005920410156250001 0.0008666992187500001 0.00015563964843750002 0.0002288818359375
12 0.0007156372070312501 0.0005424499511718751 3.0517578125e-05 8.392333984375e-05
8 0.000812530517578125 0.000843048095703125 5.9509277343750005e-05 7.476806640625e-05
8 0.000814056396484375 0.000848388671875 5.9509277343750005e-05 8.544921875000001e-05
12 0.0008285522460937501 0.00055999755859375 3.35693359375e-05 0.0001068115234375
9 0.001023101806640625 0.0012214660644531252 0.00015716552734375 0.00059051513671875
12 0.001041412353515625 0.000684356689453125 3.204345703125e-05 9.613037109375001e-05
8 0.00139617919921875 0.0008720397949218751 0.00026550292968750003 0.00015411376953125002