8 0.000278472900390625 0.000762176513671875 6.256103515625001e-05 7.476806640625e-05
8 0.00027313232421875003 0.00075531005859375 5.4931640625e-05 5.7983398437500004e-05
8 0.00032348632812500004 0.0007522583007812501 3.96728515625e-05 4.8828125e-05
8 0.000324249267578125 0.0007575988769531251 3.204345703125e-05 4.730224609375e-05
8 0.00039215087890625004 0.00077056884765625 5.1879882812500005e-05 5.7983398437500004e-05
8 0.0003936767578125 0.000768280029296875 4.2724609375000004e-05 5.9509277343750005e-05
8 0.00046768188476562503 0.0007637023925781251 5.340576171875e-05 6.256103515625001e-05
8 0.00047454833984375 0.0007598876953125001 5.1879882812500005e-05 5.4931640625e-05
8 0.000513458251953125 0.0007598876953125001 3.814697265625e-05 7.019042968750001e-05
8 0.00051422119140625 0.00075531005859375 3.0517578125e-05 4.8828125e-05
12 0.0007156372070312501 0.0006072998046875001 3.0517578125e-05 7.019042968750001e-05
8 0.000830841064453125 0.0008018493652343751 6.561279296875e-05 8.392333984375e-05
12 0.0008270263671875 0.00057220458984375 3.96728515625e-05 5.1879882812500005e-05
12 0.00081787109375 0.000601959228515625 2.1362304687500002e-05 5.9509277343750005e-05
8 0.000974273681640625 0.0008262634277343751 0.00010223388671875 0.00011749267578125
12 0.0009246826171875 0.000614166259765625 3.0517578125e-05 5.9509277343750005e-05
12 0.0009239196777343751 0.0006256103515625 1.983642578125e-05 5.7983398437500004e-05
8 0.001085662841796875 0.000760650634765625 4.730224609375e-05 4.119873046875e-05
12 0.0010925292968750001 0.0006301879882812501 2.1362304687500002e-05 3.6621093750000005e-05
12 0.00109710693359375 0.0006866455078125 2.1362304687500002e-05 8.544921875000001e-05
7 0.001273345947265625 0.000820159912109375 5.340576171875e-05 7.476806640625e-05