8 0.00065185546875 0.0008502604166666667 4.3131510416666667e-05 5.3385416666666676e-05
8 0.0006998697916666667 0.0008489583333333334 3.4993489583333335e-05 4.687500000000001e-05
8 0.0003474934895833334 0.0008697916666666668 8.463541666666667e-05 5.859375000000001e-05
8 0.00022460937499999998 0.0008958333333333334 7.324218750000001e-05 7.291666666666667e-05
8 0.00026367187499999996 0.0008958333333333334 5.371093750000001e-05 8.333333333333334e-05
8 0.00026692708333333337 0.0008932291666666667 5.533854166666667e-05 7.031250000000001e-05
8 0.0005338541666666666 0.0008776041666666667 6.510416666666667e-05 8.333333333333334e-05
8 0.0005240885416666666 0.0008645833333333334 5.208333333333334e-05 5.9895833333333344e-05
8 0.0005940755208333334 0.0008541666666666667 4.8828125e-05 5.468750000000001e-05
8 0.0007763671875 0.0008645833333333334 6.673177083333334e-05 8.333333333333334e-05
8 0.0009082031250000002 0.0009557291666666668 0.00014648437500000002 0.00019010416666666668
8 0.0009602864583333334 0.0008697916666666668 7.161458333333333e-05 0.00012239583333333335
14 0.0009537760416666668 0.0008645833333333334 6.510416666666667e-05 0.00010937500000000002
8 0.0011149088541666668 0.0009010416666666667 0.00010742187500000001 0.00010416666666666667
8 0.0013313802083333333 0.0009947916666666668 0.00023925781250000002 0.00021093750000000002