9 0.000313568115234375 0.001490020751953125 0.00029144287109375 0.00105743408203125
8 8.087158203125001e-05 0.0009429931640625001 7.9345703125e-05 0.00010986328125
8 0.00034561157226562503 0.00097198486328125 0.00014495849609375 0.00017700195312500002
8 0.000397491455078125 0.0009277343750000001 7.781982421875001e-05 0.00010986328125
8 0.00047912597656250003 0.0008781433105468751 5.7983398437500004e-05 7.781982421875001e-05
8 0.000670623779296875 0.000859832763671875 6.256103515625001e-05 8.392333984375e-05
8 0.0008110046386718751 0.000904083251953125 4.730224609375e-05 0.00011749267578125
8 0.0009292602539062501 0.00093994140625 0.00014038085937500002 0.000164794921875
9 0.0009750366210937501 0.000872802734375 4.2724609375000004e-05 0.00014648437500000002
9 0.0009696960449218751 0.000885009765625 3.814697265625e-05 0.0001434326171875
9 0.0010833740234375 0.0009162902832031251 5.4931640625e-05 0.00018768310546875