8 0.00017903645833333335 0.0009557291666666668 0.00017822265625 0.00016145833333333336
8 0.0003141276041666667 0.0009921875 0.00019856770833333334 0.000265625
8 0.000439453125 0.0009010416666666667 9.928385416666667e-05 0.00013020833333333336
8 0.000439453125 0.0008932291666666667 9.440104166666668e-05 0.00011458333333333334
11 0.0004508463541666667 0.0007291666666666667 1.7903645833333333e-05 4.947916666666667e-05
8 0.0005159505208333333 0.0008645833333333334 7.975260416666667e-05 0.00011718750000000002
8 0.0005224609375 0.0008541666666666667 7.649739583333334e-05 9.895833333333334e-05
8 0.0007210286458333334 0.0010078125 0.0002099609375 0.0002734375
11 0.000751953125 0.0007109375000000001 1.6276041666666666e-05 4.947916666666667e-05
8 0.0009912109375000001 0.0009296875 0.0001171875 0.00022135416666666668
8 0.0009798177083333334 0.0009296875 9.27734375e-05 0.00021875000000000003
8 0.00109375 0.0010104166666666668 0.000126953125 0.00038020833333333336
8 0.0013557942708333334 0.0009973958333333334 0.0003873697916666667 0.00035156250000000004
8 0.0015592447916666667 0.0010989583333333335 0.0005029296875 0.00039843750000000003
8 0.0014469401041666667 0.001080729166666667 0.00037272135416666665 0.00038020833333333336