8 0.0004850260416666667 0.0009218750000000002 0.0004166666666666667 0.00022656250000000004
9 0.0001676432291666667 0.0007578125000000001 6.835937499999999e-05 0.00011197916666666668
12 0.00020833333333333335 0.0005442708333333335 4.8828125e-05 0.00011458333333333334
12 0.00020833333333333335 0.0005494791666666668 3.906250000000001e-05 0.00011718750000000002
8 0.000771484375 0.0007630208333333334 3.4179687499999996e-05 5.208333333333334e-05
8 0.0008544921875 0.0007994791666666668 2.7669270833333335e-05 8.854166666666667e-05
8 0.0009326171875 0.0008098958333333334 7.486979166666666e-05 9.375000000000002e-05
8 0.0009163411458333334 0.0008020833333333335 5.696614583333334e-05 7.291666666666667e-05
8 0.0010042317708333333 0.0008255208333333335 9.765625e-05 0.00011197916666666668
12 0.0009733072916666667 0.0005078125 3.580729166666667e-05 0.0001328125
8 0.0015576171875 0.0009114583333333335 0.0003434244791666667 0.0002916666666666667
8 0.0015494791666666669 0.0009166666666666668 0.00032389322916666667 0.0002734375
9 0.0012662760416666669 0.0007994791666666668 3.743489583333333e-05 0.00015625000000000003
9 0.0012630208333333334 0.0008020833333333334 3.092447916666667e-05 0.00015364583333333335