9 0.0015616861979166666 0.0009583333333333333 3.906250000000001e-05 0.00025911458333333336
8 0.00024658203125 0.0009062500000000002 0.00011311848958333333 0.00011328125000000002
8 0.00031901041666666666 0.0008906249999999999 7.649739583333334e-05 9.895833333333334e-05
8 0.000771484375 0.0013567708333333335 0.0005110677083333333 0.0006692708333333333
12 0.00045735677083333327 0.0004895833333333334 3.743489583333333e-05 0.00010416666666666667
12 0.0006298828125 0.0005104166666666667 3.743489583333333e-05 0.00011979166666666669
9 0.0008040364583333333 0.0008906250000000001 4.3945312500000005e-05 0.0001328125
9 0.0008349609375000001 0.0008723958333333334 2.9296875e-05 0.00011979166666666669
9 0.0008593750000000001 0.0008671874999999999 2.7669270833333335e-05 0.00011458333333333334
12 0.0009016927083333334 0.0007005208333333334 4.069010416666667e-05 0.00010937500000000002
9 0.0010107421875 0.0009010416666666667 4.557291666666667e-05 0.00014843750000000002
7 0.0010514322916666667 0.0008906250000000001 5.0455729166666666e-05 0.00013802083333333334
9 0.001090494791666667 0.0008880208333333334 3.4179687499999996e-05 0.00011979166666666669
9 0.0011149088541666666 0.0008854166666666667 3.092447916666667e-05 0.0001354166666666667
9 0.0011474609375 0.0008828125000000001 3.092447916666667e-05 0.0001354166666666667
9 0.0012288411458333335 0.0008854166666666668 4.2317708333333335e-05 0.00013802083333333334
9 0.0012841796875000002 0.0008828125000000001 5.371093750000001e-05 0.0001328125
9 0.0012858072916666667 0.0008802083333333334 4.720052083333334e-05 0.000125