8 0.0002750651041666667 0.0011432291666666667 0.0002750651041666667 0.0004895833333333334
8 0.0004280598958333333 0.0007734375000000001 5.0455729166666666e-05 5.9895833333333344e-05
12 0.0004850260416666667 0.0006875000000000002 2.604166666666667e-05 3.906250000000001e-05
8 0.0005273437499999999 0.0007890625 6.835937499999999e-05 0.00011197916666666668
8 0.0005273437499999999 0.0007760416666666667 6.184895833333334e-05 8.854166666666667e-05
12 0.000625 0.0006666666666666668 2.2786458333333334e-05 4.947916666666667e-05
11 0.0007194010416666667 0.0005859375000000001 2.44140625e-05 5.208333333333334e-05
11 0.0007259114583333334 0.0005859375000000001 2.44140625e-05 5.9895833333333344e-05
8 0.0009033203124999998 0.000765625 6.998697916666667e-05 6.510416666666668e-05
8 0.0009098307291666666 0.000765625 7.161458333333333e-05 6.510416666666668e-05
11 0.0008854166666666667 0.0006796875000000001 1.6276041666666666e-05 5.729166666666667e-05
11 0.0009049479166666667 0.0006588541666666667 1.7903645833333333e-05 4.166666666666667e-05
14 0.001064453125 0.0007421875000000001 0.00014648437500000002 0.00013020833333333336
8 0.0010677083333333335 0.0007500000000000001 0.00013997395833333334 0.00012760416666666668
8 0.0012288411458333333 0.0009114583333333335 0.0002408854166666667 0.0002708333333333334