9 0.001107025146484375 0.00082550048828125 4.730224609375e-05 0.00013427734375
8 0.000142669677734375 0.0008697509765625 0.00012359619140625 0.00012512207031250002
12 9.231567382812501e-05 0.0007217407226562501 2.8991699218750002e-05 6.7138671875e-05
8 0.00019683837890625 0.0008438110351562501 5.4931640625e-05 8.850097656250001e-05
8 0.00026702880859375 0.0008247375488281251 5.4931640625e-05 7.781982421875001e-05
12 0.000308990478515625 0.0005844116210937501 2.8991699218750002e-05 5.7983398437500004e-05
8 0.00047531127929687503 0.000836944580078125 9.307861328125001e-05 0.00012054443359375
12 0.00041427612304687503 0.0005859375000000001 2.8991699218750002e-05 5.1879882812500005e-05
12 0.000537872314453125 0.000690460205078125 2.288818359375e-05 4.730224609375e-05
8 0.000812530517578125 0.0010162353515625001 0.00027618408203125 0.0004119873046875
8 0.0009620666503906251 0.00090179443359375 0.00017852783203125002 0.0001983642578125
12 0.0008514404296875001 0.000646209716796875 5.1879882812500005e-05 9.307861328125001e-05
8 0.001209259033203125 0.001026153564453125 0.00020904541015625002 0.00029754638671875
8 0.001558685302734375 0.0011802673339843751 0.00036468505859375003 0.00061187744140625