8 0.0015609741210937502 0.0010589599609375 0.0007385253906250001 0.0005279541015625
8 0.00013427734375 0.0007804870605468751 7.9345703125e-05 9.307861328125001e-05
8 0.000214385986328125 0.0007804870605468751 5.340576171875e-05 7.781982421875001e-05
8 0.000249481201171875 0.00077362060546875 5.0354003906250004e-05 5.7983398437500004e-05
8 0.00025482177734375 0.0007865905761718751 4.8828125e-05 6.561279296875e-05
8 0.00039825439453125 0.000797271728515625 7.9345703125e-05 7.781982421875001e-05
8 0.000396728515625 0.000797271728515625 6.7138671875e-05 7.781982421875001e-05
11 0.00038299560546875 0.000281524658203125 4.57763671875e-05 0.00014801025390625002
8 0.0004928588867187501 0.0008071899414062501 8.23974609375e-05 8.850097656250001e-05
8 0.00048675537109375003 0.000791168212890625 7.019042968750001e-05 6.561279296875e-05
11 0.0007347106933593751 0.00055694580078125 4.119873046875e-05 0.0001373291015625