8 0.0001652018229166667 0.0009843750000000002 0.00016438802083333333 0.0002981770833333334
8 0.00022460937499999998 0.0008020833333333334 0.000166015625 0.00012239583333333335
8 0.0003971354166666667 0.0008177083333333334 0.00016764322916666666 8.333333333333334e-05
11 0.0005159505208333333 0.0006822916666666668 2.9296875e-05 5.9895833333333344e-05
11 0.0005110677083333333 0.0006901041666666668 2.2786458333333334e-05 9.375000000000002e-05
8 0.0006901041666666667 0.0007942708333333334 6.0221354166666675e-05 7.812500000000002e-05
8 0.0010563151041666668 0.0010026041666666668 0.00026529947916666667 0.000390625
11 0.0008414713541666668 0.0005520833333333334 2.9296875e-05 4.947916666666667e-05
11 0.0008447265625000001 0.0005442708333333335 2.7669270833333335e-05 7.552083333333335e-05
11 0.0009847005208333335 0.0006744791666666668 2.7669270833333335e-05 6.25e-05
11 0.0010725911458333334 0.0006223958333333333 4.069010416666667e-05 0.00011718750000000002
11 0.001064453125 0.0006145833333333334 2.7669270833333335e-05 6.770833333333334e-05
8 0.0014127604166666668 0.0010338541666666666 0.0003173828125 0.0003567708333333334