7 0.001276397705078125 0.0008605957031250001 4.730224609375e-05 0.000128173828125
8 0.00026702880859375 0.00093231201171875 0.000189208984375 0.00017700195312500002
8 0.000316619873046875 0.000875091552734375 7.476806640625e-05 8.087158203125001e-05
8 0.000909423828125 0.000974273681640625 0.0004669189453125 0.00021820068359375
12 0.0006759643554687501 0.000547027587890625 3.0517578125e-05 9.613037109375001e-05
12 0.000797271728515625 0.00054931640625 3.814697265625e-05 0.00010375976562500001
8 0.0011001586914062501 0.000937652587890625 0.000335693359375 0.00019073486328125
14 0.00087738037109375 0.0008026123046875 6.7138671875e-05 0.0001068115234375
14 0.0008705139160156251 0.0007789611816406251 5.9509277343750005e-05 7.476806640625e-05
12 0.00102691650390625 0.0007003784179687501 3.96728515625e-05 0.00010986328125
8 0.0015419006347656252 0.0008697509765625 0.00016632080078125 0.000128173828125
8 0.0015571594238281252 0.0014968872070312501 0.00016937255859375002 0.0007781982421875