8 0.00013509114583333334 0.0009713541666666668 0.00013509114583333334 0.00018489583333333335
8 0.00038736979166666667 0.0010833333333333335 0.00029947916666666664 0.00032552083333333337
12 0.00042154947916666664 0.0006901041666666668 3.092447916666667e-05 7.812500000000002e-05
12 0.0004964192708333334 0.0006458333333333334 3.255208333333333e-05 8.593750000000001e-05
8 0.0005712890625 0.0008593750000000001 6.673177083333334e-05 7.031250000000001e-05
8 0.0006591796875 0.0008802083333333334 0.00010579427083333334 0.00010937500000000002
11 0.0005973307291666668 0.0005755208333333334 2.604166666666667e-05 7.291666666666667e-05
11 0.0007893880208333335 0.0007161458333333334 1.9531250000000004e-05 5.468750000000001e-05
9 0.0008072916666666668 0.0008541666666666668 2.7669270833333335e-05 9.114583333333334e-05
8 0.000947265625 0.0008463541666666667 0.00010579427083333334 7.031250000000001e-05
8 0.0010579427083333335 0.0008567708333333334 0.0001383463541666667 8.593750000000001e-05
8 0.0012792968750000003 0.0008072916666666668 0.0001318359375 6.770833333333334e-05
8 0.0014583333333333332 0.0008203125000000001 0.00017252604166666667 9.635416666666668e-05