8 0.00030273437500000005 0.0008359375000000001 0.00012613932291666668 0.00012760416666666668
8 0.00015625000000000003 0.0009973958333333334 0.00015543619791666668 0.0003333333333333334
8 0.0004557291666666666 0.0008281250000000001 0.00010742187500000001 0.00011458333333333334
10 0.0004329427083333333 0.0004505208333333334 3.743489583333333e-05 9.895833333333334e-05
10 0.00043294270833333336 0.00047135416666666663 2.9296875e-05 0.00010937500000000002
11 0.0006298828125 0.0004609375000000001 3.743489583333333e-05 9.375000000000002e-05
8 0.0008170572916666666 0.0008776041666666668 0.00011881510416666666 0.00015364583333333335
11 0.0007731119791666666 0.0004609375000000001 3.092447916666667e-05 9.114583333333334e-05
8 0.0009309895833333334 0.0007968750000000001 4.3945312500000005e-05 7.031250000000001e-05
8 0.0011279296875 0.0008072916666666668 8.789062500000001e-05 8.333333333333334e-05
8 0.0011279296875 0.0007916666666666668 6.0221354166666675e-05 6.25e-05
11 0.0011295572916666667 0.0006718750000000001 4.720052083333334e-05 0.0001328125
11 0.0011263020833333333 0.0006562500000000001 2.7669270833333335e-05 7.812500000000002e-05
8 0.0014306640624999999 0.0008151041666666668 0.00019205729166666666 0.00010156250000000001