9 2.7669270833333335e-05 0.0008880208333333334 2.604166666666667e-05 9.375000000000002e-05
9 6.510416666666667e-05 0.0008932291666666668 2.9296875e-05 0.00010677083333333335
9 6.673177083333334e-05 0.0008958333333333334 2.2786458333333334e-05 0.00011458333333333334
9 7.486979166666666e-05 0.0008932291666666667 2.604166666666667e-05 0.00013020833333333336
9 0.00011393229166666668 0.0008984375000000001 2.44140625e-05 0.00012239583333333335
8 0.0006656901041666666 0.0012942708333333335 0.0005094401041666667 0.000546875
12 0.0002685546875 0.0006536458333333333 2.2786458333333334e-05 5.9895833333333344e-05
8 0.0007063802083333334 0.0008802083333333334 7.324218750000001e-05 0.00010677083333333335
9 0.0008170572916666668 0.0010286458333333335 8.951822916666667e-05 0.0003854166666666667
12 0.0008072916666666667 0.0006223958333333334 2.604166666666667e-05 8.854166666666667e-05
9 0.0008723958333333334 0.0009947916666666668 7.975260416666667e-05 0.00032031250000000007
8 0.00130859375 0.0009140624999999999 0.0003271484375 0.00019270833333333336
9 0.0014029947916666668 0.0009635416666666668 5.208333333333334e-05 0.0002734375
9 0.0014062500000000002 0.0009427083333333335 5.533854166666667e-05 0.00024739583333333335