8 0.000286865234375 0.000920867919921875 0.0001373291015625 0.00012969970703125
8 0.00029296875000000004 0.000909423828125 0.00014038085937500002 0.0001220703125
8 0.00043487548828125 0.000875091552734375 0.00010070800781250001 0.00010223388671875
14 0.00089263916015625 0.0009185791015625 0.00046386718750000003 0.0004425048828125
8 0.000859832763671875 0.000978851318359375 0.00037994384765625003 0.00023956298828125002
12 0.00067138671875 0.000516510009765625 2.74658203125e-05 6.561279296875e-05
12 0.0008033752441406251 0.0005523681640625 4.119873046875e-05 0.0001068115234375
14 0.001352691650390625 0.000875091552734375 0.00048065185546875 0.00028839111328125003
8 0.0015579223632812501 0.0015411376953125 0.00017700195312500002 0.0008331298828125
8 0.0015594482421875 0.001395416259765625 0.00017089843750000002 0.00068817138671875
7 0.001494598388671875 0.000875091552734375 6.256103515625001e-05 0.00013580322265625