8 9.46044921875e-05 0.0008972167968750001 9.46044921875e-05 9.46044921875e-05
8 0.00018157958984375 0.000937652587890625 0.00010070800781250001 0.00012054443359375
8 0.000217437744140625 0.0008857727050781251 5.340576171875e-05 6.256103515625001e-05
8 0.000214385986328125 0.000885009765625 4.119873046875e-05 6.7138671875e-05
8 0.000374603271484375 0.000978851318359375 0.00018768310546875 0.00022430419921875002
8 0.000408935546875 0.00086212158203125 5.7983398437500004e-05 8.544921875000001e-05
8 0.00067138671875 0.0009216308593750001 0.0001068115234375 0.00014038085937500002
8 0.000820159912109375 0.000930023193359375 9.307861328125001e-05 0.00018157958984375
8 0.00098876953125 0.0009635925292968751 0.00019226074218750002 0.00022430419921875002
11 0.000920867919921875 0.00027694702148437503 5.645751953125e-05 0.00011749267578125
8 0.0013763427734375 0.00114288330078125 0.00044555664062500004 0.000439453125
11 0.001219940185546875 0.000351715087890625 4.4250488281250005e-05 0.00012054443359375
11 0.001226806640625 0.000366973876953125 4.8828125e-05 0.00011749267578125
8 0.001438140869140625 0.0009819030761718751 0.00016937255859375002 0.00025482177734375