8 0.00035705566406250003 0.00109405517578125 0.0003204345703125 0.00033874511718750004
8 0.00041809082031250003 0.000914764404296875 8.23974609375e-05 0.00013275146484375002
8 0.000505828857421875 0.00091705322265625 9.613037109375001e-05 0.00012512207031250002
8 0.000537109375 0.000907135009765625 4.8828125e-05 0.00010223388671875
8 0.000630950927734375 0.0009010314941406251 8.087158203125001e-05 9.613037109375001e-05
11 0.0005950927734375 0.00057525634765625 3.96728515625e-05 0.00010375976562500001
11 0.00069732666015625 0.0006591796875 4.2724609375000004e-05 0.0001220703125
11 0.0006889343261718751 0.000638580322265625 2.5939941406250003e-05 7.781982421875001e-05
8 0.000753021240234375 0.0008705139160156251 2.8991699218750002e-05 8.087158203125001e-05
8 0.0007720947265625 0.0008697509765625 2.74658203125e-05 8.850097656250001e-05
8 0.00088653564453125 0.00093231201171875 0.000128173828125 0.00016174316406250002
8 0.000872802734375 0.00087738037109375 3.0517578125e-05 0.0001068115234375
8 0.000907135009765625 0.0008934020996093751 4.4250488281250005e-05 0.00011138916015625001
11 0.0009521484375000001 0.000562286376953125 4.8828125e-05 0.00015106201171875
8 0.0013206481933593752 0.001122283935546875 0.00038299560546875 0.00036773681640625
8 0.000995635986328125 0.0008934020996093751 5.645751953125e-05 9.918212890625e-05
9 0.001291656494140625 0.000882720947265625 3.5095214843750004e-05 0.00010223388671875
11 0.0013137817382812501 0.0007446289062500001 3.35693359375e-05 0.0001068115234375
11 0.0013710021972656251 0.000720977783203125 1.678466796875e-05 7.476806640625e-05