8 0.000126953125 0.0010651041666666667 0.00012613932291666668 0.0003281250000000001
9 0.0015315755208333334 0.0012721354166666669 0.00018798828125 0.0007317708333333334
8 0.0002587890625 0.0009947916666666668 0.00018391927083333335 0.0002369791666666667
8 0.0004996744791666667 0.0008958333333333334 0.00018229166666666667 0.00011718750000000002
8 0.0005647786458333334 0.0008776041666666668 0.00011230468749999999 0.00011197916666666668
8 0.00064453125 0.0008828125000000001 0.00015950520833333333 0.00012239583333333335
14 0.0007405598958333333 0.0008723958333333334 9.114583333333334e-05 0.0002135416666666667
8 0.00083984375 0.0008880208333333334 6.998697916666667e-05 9.114583333333334e-05
14 0.0008642578125000002 0.0008645833333333334 8.30078125e-05 0.0001979166666666667
9 0.0009244791666666668 0.000953125 5.696614583333334e-05 0.0002864583333333334
9 0.0009179687500000001 0.0009375000000000002 2.2786458333333334e-05 0.0002447916666666667