9 4.3945312500000005e-05 0.0009375 4.3945312500000005e-05 0.0001744791666666667
9 4.2317708333333335e-05 0.0009479166666666668 4.2317708333333335e-05 0.00017968750000000002
8 0.0006917317708333335 0.0014479166666666668 0.0006770833333333334 0.0007239583333333334
9 0.0002099609375 0.0006744791666666667 2.2786458333333334e-05 4.947916666666667e-05
10 0.000244140625 0.0006640625000000002 2.604166666666667e-05 8.333333333333334e-05
8 0.000654296875 0.0008281250000000001 2.44140625e-05 2.8645833333333336e-05
8 0.0007210286458333333 0.0008515625000000001 4.069010416666667e-05 5.208333333333334e-05
10 0.00083984375 0.0006354166666666667 3.092447916666667e-05 0.00010677083333333335
9 0.0009033203125 0.0008385416666666668 2.9296875e-05 6.510416666666668e-05
9 0.0010319010416666666 0.0008828125000000001 2.604166666666667e-05 0.00011718750000000002
9 0.0010709635416666667 0.0009088541666666668 4.069010416666667e-05 0.00014843750000000002
9 0.0013313802083333333 0.0010130208333333334 8.138020833333334e-05 0.0003697916666666667
9 0.0014241536458333333 0.0010104166666666668 7.486979166666666e-05 0.00037500000000000006
9 0.0015299479166666667 0.0010182291666666668 6.34765625e-05 0.0003359375000000001