9 0.0008772786458333333 0.0008541666666666667 4.557291666666667e-05 9.244791666666668e-05
9 0.0007731119791666666 0.0008671874999999999 6.266276041666666e-05 0.00011458333333333334
9 4.557291666666667e-05 0.0009192708333333335 3.255208333333333e-05 0.00011458333333333334
9 4.557291666666667e-05 0.0009166666666666668 2.7669270833333335e-05 0.00011979166666666669
9 7.161458333333335e-05 0.0009088541666666668 2.9296875e-05 0.00011718750000000002
9 6.998697916666667e-05 0.0009114583333333335 2.44140625e-05 0.00010937500000000002
8 0.0003597005208333334 0.0009296875 0.0003043619791666667 0.00019270833333333336
8 0.000771484375 0.0013411458333333335 0.0005110677083333333 0.0006432291666666667
12 0.00045410156249999997 0.00047916666666666675 3.092447916666667e-05 9.635416666666668e-05
12 0.0006233723958333333 0.0005026041666666667 2.7669270833333335e-05 0.00010937500000000002
9 0.0008121744791666669 0.0008802083333333335 2.7669270833333335e-05 9.635416666666668e-05
12 0.0008951822916666666 0.0006875000000000002 3.255208333333333e-05 9.895833333333334e-05
9 0.0010009765625000001 0.0010989583333333335 0.00011393229166666668 0.0004088541666666667
7 0.0010579427083333335 0.0008984374999999999 4.720052083333334e-05 0.00014583333333333335
8 0.0012679036458333336 0.0009036458333333334 0.0002408854166666667 0.00015625000000000003
8 0.0015218098958333333 0.0008932291666666668 0.00026529947916666667 0.00013802083333333334