8 0.000567626953125 0.001436614990234375 0.000567626953125 0.00094757080078125
12 0.000556182861328125 0.0007293701171875001 2.8991699218750002e-05 0.00010986328125
8 0.0007179260253906251 0.001116180419921875 0.00015106201171875 0.00037689208984375004
12 0.0007537841796875001 0.0005889892578125 2.44140625e-05 7.324218750000001e-05
8 0.0008224487304687501 0.0008705139160156251 4.8828125e-05 6.256103515625001e-05
12 0.00083465576171875 0.000716400146484375 2.74658203125e-05 8.392333984375e-05
12 0.001128387451171875 0.000569915771484375 5.0354003906250004e-05 0.00016937255859375002
9 0.001129150390625 0.0008720397949218751 2.1362304687500002e-05 0.00010223388671875
9 0.0011833190917968752 0.0008819580078125001 2.5939941406250003e-05 0.0001220703125
8 0.0013916015625 0.0009201049804687501 6.7138671875e-05 0.00010986328125
8 0.001499176025390625 0.000926971435546875 0.00010223388671875 0.00013275146484375002
8 0.001560211181640625 0.0009277343750000001 7.171630859375e-05 0.0001800537109375