8 0.00026367187499999996 0.0009583333333333333 0.00016764322916666666 0.00019010416666666668
8 0.00025553385416666666 0.0009557291666666668 0.00014485677083333334 0.00017968750000000002
8 0.00029296875000000004 0.0009479166666666668 4.8828125e-05 0.00014062500000000002
8 0.0003564453125 0.0009088541666666668 7.161458333333333e-05 0.00011979166666666669
8 0.0003841145833333333 0.0009218750000000002 5.0455729166666666e-05 0.00012760416666666668
8 0.00056640625 0.0008776041666666668 7.324218750000001e-05 7.812500000000002e-05
14 0.0006526692708333334 0.0008880208333333334 6.673177083333334e-05 0.00014062500000000002
8 0.0006673177083333335 0.0009088541666666668 5.0455729166666666e-05 0.00011458333333333334
8 0.0007470703125000001 0.0009166666666666668 0.00011881510416666666 0.00019270833333333336
8 0.0007210286458333333 0.0009296875 8.30078125e-05 0.00020312500000000002
8 0.0008170572916666668 0.0009557291666666668 0.0001416015625 0.00017708333333333335
8 0.0012939453125000002 0.0011796875000000002 0.0004736328125 0.0004661458333333334