8 0.000164031982421875 0.00091705322265625 9.613037109375001e-05 0.00010986328125
8 0.00024337768554687502 0.0009086608886718751 8.392333984375e-05 0.00010223388671875
8 0.0002899169921875 0.0008934020996093751 6.7138671875e-05 8.087158203125001e-05
8 0.00032730102539062504 0.0008880615234375 5.9509277343750005e-05 7.324218750000001e-05
8 0.000408172607421875 0.0008697509765625 5.645751953125e-05 5.4931640625e-05
8 0.0007293701171875001 0.00098419189453125 0.000189208984375 0.0002471923828125
8 0.000754547119140625 0.00090179443359375 6.561279296875e-05 0.000128173828125
8 0.0008636474609375 0.000881195068359375 7.324218750000001e-05 0.00010223388671875
8 0.00106048583984375 0.0008392333984375 8.850097656250001e-05 8.850097656250001e-05
9 0.00104522705078125 0.000882720947265625 3.0517578125e-05 0.00012969970703125
8 0.001560211181640625 0.00087738037109375 0.00014495849609375 0.0001739501953125