14 0.00035324096679687503 0.0008949279785156251 0.00014495849609375 0.00016632080078125
8 0.000390625 0.0009033203125 0.0001434326171875 0.00010375976562500001
8 0.000389862060546875 0.0008934020996093751 0.00014190673828125 7.781982421875001e-05
9 0.00037841796875 0.0008934020996093751 1.8310546875000003e-05 0.00011444091796875
8 0.00051116943359375 0.0009330749511718751 0.0001312255859375 0.00015411376953125002
8 0.000540924072265625 0.0008514404296875001 3.5095214843750004e-05 4.8828125e-05
8 0.00054168701171875 0.000852203369140625 3.35693359375e-05 4.4250488281250005e-05
12 0.000591278076171875 0.0005538940429687501 2.288818359375e-05 7.019042968750001e-05
8 0.000690460205078125 0.0009368896484375001 0.00011749267578125 0.00015563964843750002
12 0.000726318359375 0.0005958557128906251 2.44140625e-05 7.476806640625e-05
12 0.0007217407226562501 0.0005882263183593751 1.8310546875000003e-05 6.561279296875e-05
14 0.001009368896484375 0.000846099853515625 0.00030059814453125004 0.00015106201171875
9 0.0007751464843750001 0.0008949279785156251 2.44140625e-05 0.00014801025390625002
9 0.0007965087890625 0.000897979736328125 3.96728515625e-05 0.00015106201171875
9 0.0007995605468750001 0.000896453857421875 3.0517578125e-05 0.00013275146484375002
8 0.0009735107421875001 0.000945281982421875 0.00017700195312500002 0.00023956298828125002
8 0.0008972167968750001 0.00095367431640625 9.1552734375e-05 0.00023193359375000002
8 0.001129913330078125 0.001030731201171875 0.00025177001953125 0.00029144287109375
12 0.0009048461914062501 0.0006851196289062501 1.8310546875000003e-05 3.96728515625e-05
12 0.000907135009765625 0.00068206787109375 1.678466796875e-05 3.6621093750000005e-05
12 0.0011573791503906251 0.000567626953125 2.5939941406250003e-05 9.1552734375e-05
12 0.001160430908203125 0.00057525634765625 2.8991699218750002e-05 8.850097656250001e-05
9 0.001334381103515625 0.0008819580078125001 5.340576171875e-05 0.0001739501953125
9 0.0013282775878906252 0.0008934020996093751 4.730224609375e-05 0.00018157958984375
7 0.0014579772949218752 0.0008018493652343751 4.730224609375e-05 7.476806640625e-05