8 0.0005897521972656251 0.00130462646484375 0.00054168701171875 0.0007476806640625
12 0.0005577087402343751 0.0006721496582031251 3.204345703125e-05 6.256103515625001e-05
12 0.0005577087402343751 0.000708770751953125 2.288818359375e-05 9.613037109375001e-05
8 0.000714874267578125 0.001044464111328125 0.00012969970703125 0.00031280517578125
12 0.00075531005859375 0.000601959228515625 3.96728515625e-05 9.613037109375001e-05
12 0.00074920654296875 0.0005859375000000001 2.44140625e-05 7.324218750000001e-05
8 0.000823211669921875 0.000867462158203125 8.392333984375e-05 9.613037109375001e-05
8 0.00081634521484375 0.000852203369140625 5.4931640625e-05 6.561279296875e-05
12 0.0008224487304687501 0.00071258544921875 2.44140625e-05 8.544921875000001e-05
12 0.001082611083984375 0.0005828857421875 4.4250488281250005e-05 0.00015563964843750002
8 0.0013366699218750001 0.000890350341796875 7.019042968750001e-05 9.613037109375001e-05
8 0.0014251708984375 0.00089569091796875 0.0001068115234375 0.00010375976562500001
8 0.00152587890625 0.0008934020996093751 0.0001312255859375 0.00014801025390625002