9 0.001513671875 0.001111979166666667 8.30078125e-05 0.0004114583333333334
8 0.0001953125 0.0009270833333333333 8.463541666666667e-05 0.00012760416666666668
8 0.0002897135416666667 0.0009192708333333335 0.00011393229166666668 0.0001328125
8 0.00046875 0.0009869791666666668 0.00018391927083333335 0.0002421875
10 0.0004443359375 0.00048697916666666676 3.906250000000001e-05 0.00010416666666666667
8 0.0007373046875000001 0.0010807291666666667 0.00026692708333333337 0.0003281250000000001
10 0.000625 0.0005052083333333334 3.743489583333333e-05 0.00011718750000000002
9 0.0007698567708333333 0.0008880208333333334 3.743489583333333e-05 0.00010416666666666667
10 0.0009082031250000002 0.0007135416666666667 4.2317708333333335e-05 0.000125
9 0.0009619140625 0.0009140625000000002 2.9296875e-05 0.00014062500000000002
9 0.000986328125 0.0009088541666666668 3.092447916666667e-05 0.00014843750000000002
9 0.0010302734375 0.0009140625000000002 5.0455729166666666e-05 0.00015625000000000003
7 0.0010725911458333334 0.0009166666666666669 5.208333333333334e-05 0.00016927083333333334
7 0.0011442057291666666 0.0009322916666666668 5.859375e-05 0.00020833333333333335
9 0.0012109375000000002 0.0009114583333333335 4.8828125e-05 0.00015625000000000003
9 0.0013232421875 0.0008958333333333334 4.557291666666667e-05 0.00015364583333333335