8 0.0012174479166666668 0.0007747395833333334 0.000166015625 0.00018229166666666667
12 0.0004117838541666667 0.0005989583333333334 4.2317708333333335e-05 4.4270833333333337e-05
12 0.0004117838541666667 0.0006562500000000001 2.7669270833333335e-05 9.895833333333334e-05
8 0.0005273437499999999 0.0007864583333333335 4.720052083333334e-05 6.770833333333334e-05
8 0.0005615234375000001 0.0007890625 4.8828125e-05 6.770833333333334e-05
8 0.0005647786458333334 0.0007942708333333335 4.069010416666667e-05 5.9895833333333344e-05
8 0.0006835937500000001 0.0007786458333333334 6.184895833333334e-05 5.729166666666667e-05
8 0.0006803385416666668 0.0007838541666666667 5.859375e-05 5.729166666666667e-05
12 0.0006949869791666668 0.0004401041666666667 2.9296875e-05 4.687500000000001e-05
12 0.0006998697916666668 0.0004895833333333334 2.9296875e-05 9.375000000000002e-05
8 0.0007470703125 0.0007708333333333334 6.184895833333334e-05 5.9895833333333344e-05
12 0.0008984374999999999 0.0005677083333333334 3.580729166666667e-05 3.6458333333333336e-05
12 0.0008968098958333334 0.0006250000000000001 2.7669270833333335e-05 9.375000000000002e-05
12 0.0011149088541666666 0.0004401041666666667 7.324218750000001e-05 0.00019270833333333336
12 0.0010953776041666668 0.0003177083333333334 5.208333333333334e-05 5.729166666666667e-05