8 0.00015869140625 0.0009179687500000001 8.544921875000001e-05 8.072916666666668e-05
8 0.0003743489583333333 0.0008802083333333334 5.533854166666667e-05 7.552083333333335e-05
8 0.00037272135416666665 0.0008906250000000001 5.0455729166666666e-05 8.854166666666667e-05
12 0.00046712239583333344 0.0006536458333333334 2.604166666666667e-05 8.593750000000001e-05
12 0.0004703776041666667 0.0006458333333333334 2.2786458333333334e-05 6.770833333333334e-05
8 0.0005843098958333334 0.0008776041666666667 5.371093750000001e-05 7.031250000000001e-05
11 0.000576171875 0.00065625 3.092447916666667e-05 8.072916666666668e-05
11 0.0005745442708333333 0.0006614583333333333 2.2786458333333334e-05 5.729166666666667e-05
8 0.000654296875 0.0008593750000000001 5.696614583333334e-05 6.510416666666668e-05
11 0.0006689453125 0.0006744791666666668 2.7669270833333335e-05 7.552083333333335e-05
11 0.0006705729166666668 0.0006718750000000002 2.9296875e-05 6.25e-05
8 0.0007731119791666667 0.0008802083333333334 6.673177083333334e-05 9.114583333333334e-05
8 0.0009049479166666667 0.0009375 0.00015625000000000003 0.00016145833333333336
8 0.0008561197916666666 0.0007682291666666667 3.255208333333333e-05 7.291666666666667e-05
11 0.0008528645833333335 0.000765625 2.2786458333333334e-05 5.729166666666667e-05
8 0.0010856119791666668 0.0009036458333333334 0.00013346354166666669 0.00011718750000000002
11 0.0010595703125 0.0007135416666666667 3.255208333333333e-05 0.00010156250000000001
8 0.0015087890625000001 0.0009973958333333334 0.00031575520833333336 0.00021093750000000002