8 0.0006774902343750001 0.000797271728515625 0.00010375976562500001 8.087158203125001e-05
8 0.0006660461425781251 0.00078887939453125 7.476806640625e-05 6.7138671875e-05
8 0.00074005126953125 0.000739288330078125 7.62939453125e-05 4.730224609375e-05
8 0.0009010314941406251 0.0008026123046875 7.171630859375e-05 8.850097656250001e-05
8 0.000911712646484375 0.00081024169921875 7.781982421875001e-05 9.1552734375e-05
12 0.0008941650390625 0.00038833618164062504 2.74658203125e-05 8.392333984375e-05
12 0.0009010314941406251 0.00042190551757812503 3.5095214843750004e-05 9.613037109375001e-05
11 0.0010734558105468751 0.00043182373046875 3.204345703125e-05 0.00010375976562500001
11 0.001071929931640625 0.00043792724609375004 2.5939941406250003e-05 6.7138671875e-05
8 0.00136871337890625 0.000791168212890625 6.40869140625e-05 7.781982421875001e-05
11 0.00153350830078125 0.0006240844726562501 3.35693359375e-05 4.8828125e-05
11 0.0015342712402343752 0.0006301879882812501 2.8991699218750002e-05 0.00010375976562500001