9 0.0011214192708333332 0.0009322916666666668 5.696614583333334e-05 0.00017317708333333334
9 0.00153076171875 0.0010052083333333334 0.0001171875 0.0002578125
9 0.00138916015625 0.0009153645833333334 6.673177083333334e-05 0.0001953125
9 9.765625e-05 0.0009114583333333335 3.580729166666667e-05 0.0001354166666666667
9 0.0001676432291666667 0.0008932291666666667 2.2786458333333334e-05 9.895833333333334e-05
9 0.00019694010416666666 0.0008958333333333334 2.604166666666667e-05 0.00010156250000000001
9 0.0002197265625 0.0008854166666666667 2.44140625e-05 8.854166666666667e-05
9 0.0002620442708333333 0.0008802083333333334 3.092447916666667e-05 8.593750000000001e-05
9 0.0002897135416666667 0.0008671875000000001 2.44140625e-05 7.552083333333335e-05
8 0.00048339843749999994 0.0008984375000000001 0.00018391927083333335 0.0001328125
8 0.00048665364583333335 0.0008880208333333334 0.000185546875 0.00013020833333333336
9 0.0004899088541666667 0.0008984375000000001 2.7669270833333335e-05 0.00014062500000000002
8 0.0006575520833333333 0.0009687500000000002 0.00017252604166666667 0.00020312500000000002
9 0.0006559244791666667 0.0008723958333333334 3.255208333333333e-05 0.000125
9 0.0006559244791666667 0.0008802083333333334 2.7669270833333335e-05 0.00013802083333333334
8 0.0009065755208333333 0.0008489583333333334 0.00020670572916666667 0.00010156250000000001
12 0.0007307942708333333 0.0006822916666666668 2.2786458333333334e-05 7.291666666666667e-05