9 6.347656249999999e-05 0.0009674479166666668 2.6855468750000004e-05 0.000125
9 0.00012532552083333333 0.0009583333333333335 5.371093750000001e-05 0.00012239583333333335
9 0.00012369791666666668 0.00096875 4.8828125e-05 0.00013020833333333336
8 0.0004931640625 0.0009244791666666669 0.00013671874999999999 0.00015625000000000003
8 0.0005094401041666667 0.0009375 0.00015136718750000003 0.00016406250000000004
8 0.0008414713541666666 0.0008750000000000001 9.928385416666667e-05 8.593750000000001e-05
9 0.0009195963541666667 0.0008880208333333334 2.9296875e-05 0.0001510416666666667
9 0.0009244791666666668 0.0008776041666666667 3.255208333333333e-05 0.00013020833333333336
9 0.0009781901041666667 0.0008802083333333334 3.743489583333333e-05 0.0001510416666666667
9 0.0010286458333333335 0.0009062500000000002 4.3945312500000005e-05 0.00016927083333333334
9 0.0011702473958333335 0.0010364583333333335 7.649739583333334e-05 0.00036458333333333335
9 0.0012727864583333335 0.0010260416666666666 8.463541666666667e-05 0.0003567708333333334
8 0.0015315755208333334 0.0008385416666666668 0.0001171875 0.00010677083333333335