8 0.00014322916666666667 0.0009557291666666668 0.00014322916666666667 0.00019010416666666668
8 0.0001399739583333333 0.0009479166666666669 9.928385416666667e-05 0.00015625000000000003
8 0.000244140625 0.0009375 0.00012044270833333335 0.00015885416666666668
8 0.00030273437500000005 0.0008958333333333334 6.998697916666667e-05 0.00010156250000000001
8 0.0003629557291666667 0.0008880208333333335 0.00011067708333333334 0.00011197916666666668
9 0.0003141276041666667 0.0008984374999999999 3.743489583333333e-05 0.00013020833333333336
9 0.00031087239583333336 0.0008984374999999999 3.255208333333333e-05 0.00011458333333333334
8 0.0004606119791666667 0.0008697916666666668 0.00010579427083333334 7.812500000000002e-05
8 0.0006803385416666668 0.0010416666666666669 0.00022460937499999998 0.0003619791666666667
8 0.0008186848958333334 0.0008463541666666667 6.184895833333334e-05 7.291666666666667e-05
8 0.0013264973958333334 0.0010078125 0.000283203125 0.00026302083333333337
8 0.0015592447916666667 0.0011640625 0.00033203125 0.0004322916666666667