13 0.00023956298828125002 0.0002685546875 3.35693359375e-05 0.00012512207031250002
8 0.00045242309570312503 0.000835418701171875 0.00011749267578125 0.00014801025390625002
13 0.00045166015625 0.00033111572265625004 4.2724609375000004e-05 0.00015563964843750002
8 0.000505828857421875 0.0007781982421875 5.9509277343750005e-05 7.324218750000001e-05
8 0.000574493408203125 0.000782012939453125 5.9509277343750005e-05 8.087158203125001e-05
14 0.0006835937500000001 0.0007637023925781251 7.62939453125e-05 0.00011749267578125
14 0.000675201416015625 0.0007751464843750001 5.9509277343750005e-05 0.0001220703125
13 0.00087738037109375 0.000551605224609375 4.57763671875e-05 0.00012969970703125
13 0.0008636474609375 0.000554656982421875 3.0517578125e-05 0.00012054443359375
8 0.001140594482421875 0.00086517333984375 0.00027618408203125 0.00015869140625
8 0.001558685302734375 0.0008666992187500001 0.00023040771484375002 0.00019226074218750002