8 0.0015617370605468751 0.0013130187988281252 0.00028228759765625 0.00061187744140625
9 9.3841552734375e-05 0.0011001586914062501 9.307861328125001e-05 0.00043334960937500003
8 0.0002471923828125 0.000904083251953125 0.00015563964843750002 0.00012969970703125
8 0.00022735595703125 0.000897979736328125 0.00012512207031250002 0.00011749267578125
9 0.000162506103515625 0.000919342041015625 4.730224609375e-05 0.00020294189453125
8 0.000286102294921875 0.0008796691894531251 8.392333984375e-05 9.918212890625e-05
8 0.00028228759765625 0.000885009765625 4.8828125e-05 0.00010986328125
8 0.000525665283203125 0.000975799560546875 8.697509765625e-05 0.00034332275390625
9 0.00053558349609375 0.00098876953125 9.46044921875e-05 0.00035400390625000004
8 0.00084991455078125 0.000919342041015625 0.0003143310546875 0.00017242431640625
8 0.000872802734375 0.0009002685546875 2.44140625e-05 0.00010375976562500001
8 0.0009658813476562501 0.0009086608886718751 9.765625e-05 0.00011138916015625001
8 0.0010887145996093751 0.00093231201171875 0.00013885498046875 0.00014648437500000002
8 0.00112457275390625 0.001003265380859375 8.850097656250001e-05 0.00020904541015625002
8 0.0015609741210937502 0.001076507568359375 0.00047607421875000004 0.00037689208984375004