8 7.5531005859375e-05 0.0009201049804687501 7.476806640625e-05 0.00010986328125
8 0.00012893676757812502 0.00088043212890625 7.171630859375e-05 9.1552734375e-05
8 0.000142669677734375 0.0008880615234375 8.392333984375e-05 0.00010375976562500001
8 0.000237274169921875 0.000909423828125 0.00012969970703125 0.0001220703125
8 0.00023040771484375002 0.000904083251953125 0.0001129150390625 0.00011138916015625001
8 0.0002716064453125 0.000823211669921875 5.7983398437500004e-05 5.9509277343750005e-05
14 0.00038452148437500004 0.000909423828125 0.0001220703125 0.00017700195312500002
8 0.00038757324218750003 0.00091094970703125 0.0001220703125 0.0001800537109375
12 0.000470733642578125 0.000707244873046875 3.5095214843750004e-05 9.307861328125001e-05
11 0.000470733642578125 0.0007102966308593751 3.204345703125e-05 0.00011138916015625001
8 0.0006195068359375 0.000859832763671875 8.23974609375e-05 0.00013275146484375002
8 0.00062713623046875 0.00077056884765625 4.2724609375000004e-05 3.35693359375e-05
8 0.00066375732421875 0.000820159912109375 5.1879882812500005e-05 7.476806640625e-05
8 0.0006660461425781251 0.000760650634765625 3.5095214843750004e-05 4.4250488281250005e-05
8 0.0007995605468750001 0.0009033203125 0.0001129150390625 0.000164794921875
8 0.000815582275390625 0.0007965087890625 3.814697265625e-05 4.8828125e-05
8 0.000905609130859375 0.00081939697265625 8.392333984375e-05 8.544921875000001e-05
8 0.0008972167968750001 0.0008171081542968751 7.324218750000001e-05 8.087158203125001e-05
8 0.001009368896484375 0.000852203369140625 9.002685546875e-05 8.087158203125001e-05
11 0.00095672607421875 0.00044860839843750003 3.35693359375e-05 0.00010986328125
11 0.000957489013671875 0.000447845458984375 3.204345703125e-05 0.00011138916015625001
8 0.00115814208984375 0.00087738037109375 0.0001312255859375 0.0001068115234375
11 0.0012413024902343751 0.0006507873535156251 2.8991699218750002e-05 8.392333984375e-05
9 0.001251220703125 0.000861358642578125 3.0517578125e-05 0.00011444091796875