9 0.0015161132812500002 0.0009075520833333336 4.3131510416666667e-05 0.00025130208333333336
9 0.001513671875 0.0009127604166666668 7.649739583333334e-05 0.00025390625
9 0.0014453125 0.0009114583333333335 6.266276041666666e-05 0.0002330729166666667
8 0.0002001953125 0.0009348958333333335 0.00018229166666666667 0.0001354166666666667
8 0.0003238932291666667 0.0009088541666666668 0.00014485677083333334 9.895833333333334e-05
8 0.0003255208333333333 0.0009036458333333334 0.00012532552083333333 0.00010156250000000001
8 0.000390625 0.0008828125000000001 0.00010579427083333334 8.854166666666667e-05
8 0.0003971354166666667 0.0008932291666666667 0.00010091145833333333 8.593750000000001e-05
8 0.0005403645833333333 0.0008854166666666667 7.649739583333334e-05 0.00010416666666666667
11 0.0005013020833333334 0.0007604166666666667 1.7903645833333333e-05 4.947916666666667e-05
8 0.0007031250000000001 0.0009635416666666668 0.00014973958333333332 0.00020052083333333337
11 0.0007389322916666667 0.0007421875000000001 1.6276041666666666e-05 4.947916666666667e-05
8 0.0009879557291666667 0.0008776041666666667 0.00018391927083333335 0.00014583333333333335
8 0.0010009765625000001 0.0009010416666666667 0.0001806640625 0.00014843750000000002
8 0.0010953776041666668 0.000921875 0.00023600260416666667 0.00014583333333333335
9 0.0013720703125000002 0.0009270833333333335 6.673177083333334e-05 0.000265625