8 0.0001171875 0.0009140625000000002 0.00011637369791666667 0.00014973958333333335
8 0.0002571614583333333 0.0008906250000000001 6.184895833333334e-05 6.25e-05
8 0.0004020182291666666 0.0008593750000000001 6.673177083333334e-05 7.031250000000001e-05
8 0.00041503906250000004 0.0008723958333333334 7.975260416666667e-05 7.552083333333335e-05
12 0.00036132812500000005 0.0007734375 1.46484375e-05 4.166666666666667e-05
8 0.0004899088541666667 0.0008385416666666667 2.9296875e-05 4.166666666666667e-05
8 0.0005387369791666666 0.0008697916666666668 6.184895833333334e-05 9.114583333333334e-05
12 0.0005452473958333333 0.0006901041666666667 1.7903645833333333e-05 4.166666666666667e-05
8 0.0006217447916666667 0.0008828125000000001 6.835937499999999e-05 0.00010156250000000001
8 0.0006363932291666667 0.0008229166666666668 4.069010416666667e-05 5.208333333333334e-05
11 0.0006201171875000001 0.0006822916666666667 1.46484375e-05 4.166666666666667e-05
8 0.0007177734375 0.0008958333333333334 9.765625e-05 0.0001328125
11 0.0007438151041666667 0.0007552083333333334 1.3020833333333334e-05 4.947916666666667e-05
8 0.0008772786458333333 0.0008203125000000003 6.835937499999999e-05 6.770833333333334e-05
8 0.0011995442708333335 0.0007760416666666667 6.835937499999999e-05 5.208333333333334e-05