12 0.0005828857421875 0.0008148193359375001 1.8310546875000003e-05 5.7983398437500004e-05
8 0.00070343017578125 0.0009315490722656251 0.0001312255859375 0.00018463134765625002
8 0.0007255554199218751 0.0008758544921875001 3.204345703125e-05 0.00010986328125
8 0.0007354736328125 0.0008415222167968751 3.35693359375e-05 5.9509277343750005e-05
8 0.0007766723632812501 0.000861358642578125 6.7138671875e-05 8.087158203125001e-05
8 0.000827789306640625 0.000846099853515625 5.645751953125e-05 6.256103515625001e-05
8 0.00081939697265625 0.00084686279296875 3.96728515625e-05 5.4931640625e-05
11 0.0008285522460937501 0.000676727294921875 2.1362304687500002e-05 4.730224609375e-05
11 0.0008285522460937501 0.00068817138671875 1.8310546875000003e-05 5.4931640625e-05
8 0.000937652587890625 0.0008720397949218751 8.392333984375e-05 0.00011444091796875
11 0.00106658935546875 0.0007415771484375 1.8310546875000003e-05 5.1879882812500005e-05
11 0.001068878173828125 0.0007270812988281251 1.983642578125e-05 4.4250488281250005e-05
8 0.0012565612792968751 0.000830841064453125 0.00011138916015625001 0.00010223388671875
8 0.00124664306640625 0.0008148193359375001 0.00010070800781250001 6.7138671875e-05