8 7.161458333333333e-05 0.000921875 7.161458333333333e-05 0.00011718750000000002
8 0.00021484375000000003 0.0009375 0.00013997395833333334 0.00010416666666666667
8 0.00031087239583333336 0.0009427083333333335 4.720052083333334e-05 0.00011718750000000002
8 0.0003662109375 0.0009348958333333335 0.00010091145833333333 0.00011979166666666669
8 0.0005094401041666667 0.0009375000000000002 0.00020670572916666667 0.0001354166666666667
8 0.0005094401041666667 0.0009635416666666668 0.00019856770833333334 0.00016927083333333334
9 0.0007763671874999999 0.0009687500000000002 4.3945312500000005e-05 0.00018750000000000003
9 0.0007731119791666666 0.0009479166666666668 2.7669270833333335e-05 0.00016406250000000004
9 0.000810546875 0.0009635416666666668 6.0221354166666675e-05 0.0001953125
9 0.0007958984375000001 0.0009661458333333335 3.906250000000001e-05 0.00019270833333333336
9 0.0008284505208333333 0.0009635416666666668 3.743489583333333e-05 0.00018489583333333335