8 0.000209808349609375 0.0009010314941406251 6.561279296875e-05 9.307861328125001e-05
8 0.000213623046875 0.000885009765625 6.7138671875e-05 6.7138671875e-05
8 0.000470733642578125 0.0008796691894531251 6.561279296875e-05 9.613037109375001e-05
8 0.0004669189453125 0.000882720947265625 5.4931640625e-05 0.00010223388671875
8 0.0006805419921875 0.001078033447265625 0.000244140625 0.00033111572265625004
8 0.000691986083984375 0.001045989990234375 0.00024871826171875 0.00030670166015625
12 0.00057220458984375 0.0005653381347656251 3.0517578125e-05 9.307861328125001e-05
12 0.00057525634765625 0.00056304931640625 3.35693359375e-05 9.1552734375e-05
12 0.000730133056640625 0.0005729675292968751 3.204345703125e-05 9.918212890625e-05
12 0.0007255554199218751 0.000569915771484375 2.5939941406250003e-05 9.307861328125001e-05
8 0.0008911132812500001 0.000890350341796875 0.00017700195312500002 0.00013580322265625
12 0.000865936279296875 0.0006088256835937501 3.204345703125e-05 8.850097656250001e-05
8 0.0010734558105468751 0.001033782958984375 0.00023651123046875 0.00034332275390625
12 0.00086517333984375 0.0006072998046875001 2.74658203125e-05 9.1552734375e-05
8 0.00102691650390625 0.001015472412109375 0.00017700195312500002 0.00031280517578125
8 0.0014694213867187502 0.0011955261230468751 0.0005157470703125001 0.00050201416015625
12 0.001026153564453125 0.000690460205078125 2.8991699218750002e-05 6.256103515625001e-05
10 0.001025390625 0.000685882568359375 2.44140625e-05 6.561279296875e-05
8 0.0015594482421875 0.00098876953125 0.0002532958984375 0.000439453125