8 0.000470733642578125 0.00093994140625 0.00015106201171875 0.00021667480468750002
8 0.0005126953125 0.000905609130859375 4.57763671875e-05 0.00012969970703125
8 0.0006126403808593751 0.000876617431640625 7.476806640625e-05 9.307861328125001e-05
8 0.00069427490234375 0.0008857727050781251 5.1879882812500005e-05 9.918212890625e-05
8 0.0007049560546875 0.0008819580078125001 5.7983398437500004e-05 0.00010375976562500001
8 0.000753021240234375 0.000911712646484375 6.256103515625001e-05 0.00015411376953125002
8 0.000766754150390625 0.00090789794921875 6.256103515625001e-05 0.00015563964843750002
8 0.0008094787597656251 0.000970458984375 6.866455078125e-05 0.000225830078125
8 0.000791168212890625 0.0009635925292968751 4.730224609375e-05 0.00021820068359375
8 0.000848388671875 0.001023101806640625 6.40869140625e-05 0.00029754638671875
8 0.0011650085449218751 0.0010894775390625 0.00033111572265625004 0.000360107421875