8 0.00018880208333333336 0.0008932291666666668 0.00010091145833333333 9.375000000000002e-05
8 0.0002783203125 0.0008697916666666667 0.00011067708333333334 8.333333333333334e-05
8 0.00035481770833333334 0.0008567708333333334 7.649739583333334e-05 8.593750000000001e-05
11 0.0005582682291666667 0.0006458333333333334 2.604166666666667e-05 7.552083333333335e-05
8 0.0007145182291666667 0.0008776041666666667 8.951822916666667e-05 0.00011458333333333334
11 0.0008235677083333334 0.0006536458333333334 2.44140625e-05 8.333333333333334e-05
9 0.0010205078125 0.0008489583333333334 3.743489583333333e-05 0.00012239583333333335
9 0.0012744140625 0.0008776041666666668 4.557291666666667e-05 0.00016927083333333334
7 0.0013688151041666668 0.0008411458333333334 6.510416666666667e-05 0.0001354166666666667
7 0.0013509114583333335 0.0007838541666666667 3.580729166666667e-05 7.552083333333335e-05
8 0.0015478515625 0.0008411458333333334 0.00023274739583333334 0.00011718750000000002