8 4.8828125e-05 0.0008645833333333334 4.557291666666667e-05 7.291666666666667e-05
12 0.00011393229166666668 0.0007291666666666667 3.255208333333333e-05 6.510416666666668e-05
12 0.00011230468749999999 0.0007604166666666667 2.604166666666667e-05 7.552083333333335e-05
8 0.00022623697916666666 0.0008489583333333334 5.371093750000001e-05 7.031250000000001e-05
8 0.00029622395833333334 0.0008411458333333335 5.533854166666667e-05 6.510416666666668e-05
8 0.000380859375 0.0008385416666666667 7.161458333333333e-05 8.333333333333334e-05
12 0.0003483072916666667 0.0006197916666666668 2.9296875e-05 8.593750000000001e-05
8 0.0009684244791666667 0.0013255208333333335 0.0005973307291666667 0.0008359375000000001
8 0.00045084635416666667 0.0008645833333333335 6.998697916666667e-05 0.00014062500000000002
10 0.0009423828125000001 0.0006223958333333334 5.208333333333334e-05 9.375000000000002e-05
8 0.0011230468750000001 0.0009140624999999999 0.00017578125000000002 0.00016145833333333336
9 0.0011962890625 0.0009635416666666668 8.951822916666667e-05 0.00029687500000000005
9 0.0011735026041666667 0.0009322916666666668 5.533854166666667e-05 0.00022656250000000004
8 0.0015608723958333334 0.0012864583333333335 0.0001953125 0.000484375