8 0.0002718098958333333 0.0009036458333333334 0.00013020833333333333 0.00012760416666666668
8 0.0002685546875 0.0008906250000000001 0.0001220703125 0.00010416666666666667
8 0.00041829427083333334 0.0008854166666666667 0.00010091145833333333 0.0001328125
8 0.0004166666666666667 0.0008828125000000001 9.440104166666668e-05 0.00011979166666666669
9 0.0005940755208333334 0.0008906249999999999 3.255208333333333e-05 0.00013020833333333336
9 0.0005989583333333334 0.0008958333333333334 3.580729166666667e-05 0.0001328125
9 0.0006217447916666667 0.0008958333333333334 3.4179687499999996e-05 0.0001328125
9 0.0006933593750000001 0.0008906250000000001 3.580729166666667e-05 0.00010677083333333335
9 0.0006917317708333335 0.0008828125000000001 3.255208333333333e-05 9.635416666666668e-05
9 0.0007259114583333334 0.0009088541666666668 4.2317708333333335e-05 0.00011718750000000002
9 0.0012711588541666667 0.0009557291666666668 7.975260416666667e-05 0.0002604166666666667
9 0.0013492838541666668 0.0009453125000000002 7.324218750000001e-05 0.0002604166666666667
9 0.0013525390625 0.0009505208333333335 6.998697916666667e-05 0.0002682291666666667