8 0.0015616861979166668 0.0009648437500000001 0.00029622395833333334 0.0003072916666666667
9 0.0003336588541666667 0.0008854166666666667 3.173828125e-05 0.00012109375
9 0.00027099609375 0.00089453125 3.173828125e-05 0.00011588541666666668
9 0.00017740885416666667 0.0008984374999999999 2.9296875e-05 0.00011458333333333334
9 0.00014241536458333334 0.00090234375 2.44140625e-05 0.00011458333333333334
9 8.544921875000001e-05 0.00090234375 2.44140625e-05 0.00011067708333333334
12 0.00010091145833333335 0.0007187500000000001 2.604166666666667e-05 7.552083333333335e-05
7 0.00022786458333333336 0.0009062499999999999 6.510416666666667e-05 0.00013020833333333336
8 0.00033691406250000003 0.0008776041666666667 0.00013671874999999999 0.00011458333333333334
9 0.0002718098958333333 0.0008619791666666667 1.7903645833333333e-05 0.00010416666666666667
8 0.00043131510416666665 0.0008515625000000001 9.765625e-05 9.114583333333334e-05
8 0.00042643229166666665 0.0008697916666666667 9.114583333333334e-05 7.031250000000001e-05
9 0.00046386718750000003 0.0008593750000000001 3.743489583333333e-05 0.00011458333333333334
14 0.0005924479166666667 0.0008619791666666668 0.00015299479166666668 0.00022395833333333336
12 0.0007177734375000001 0.0005416666666666668 3.255208333333333e-05 8.333333333333334e-05
12 0.0008300781250000001 0.0005598958333333335 3.4179687499999996e-05 0.00010677083333333335
8 0.001015625 0.0008828125000000001 0.00017089843750000002 0.00012239583333333335
12 0.0010416666666666667 0.0006848958333333334 3.092447916666667e-05 9.635416666666668e-05