9 0.001502227783203125 0.000995635986328125 8.392333984375e-05 0.00046539306640625
9 0.001413726806640625 0.000933837890625 5.645751953125e-05 0.0003021240234375
8 0.000139617919921875 0.0008705139160156251 5.340576171875e-05 6.256103515625001e-05
12 0.000164794921875 0.00066680908203125 2.74658203125e-05 6.7138671875e-05
8 0.00031280517578125 0.000897979736328125 7.62939453125e-05 0.00011749267578125
11 0.000336456298828125 0.0006774902343750001 2.8991699218750002e-05 5.1879882812500005e-05
11 0.00033493041992187504 0.0006721496582031251 2.5939941406250003e-05 5.9509277343750005e-05
8 0.000362396240234375 0.0008781433105468751 4.4250488281250005e-05 6.256103515625001e-05
14 0.000513458251953125 0.00091094970703125 0.00013885498046875 0.000262451171875
8 0.00063323974609375 0.0009712219238281251 0.00015563964843750002 0.00016632080078125
7 0.0006683349609375001 0.00090179443359375 3.0517578125e-05 0.00014648437500000002
7 0.0007064819335937501 0.0008880615234375 4.2724609375000004e-05 0.00012512207031250002
9 0.00072021484375 0.0008819580078125001 2.74658203125e-05 0.0001220703125
9 0.0015594482421875 0.00096435546875 5.4931640625e-05 0.0003753662109375