8 0.0015616861979166666 0.0011770833333333336 0.00036865234375 0.00047916666666666675
8 0.00011881510416666669 0.0008177083333333334 6.835937499999999e-05 7.031250000000001e-05
8 0.00016438802083333333 0.0008098958333333334 5.696614583333334e-05 5.729166666666667e-05
12 0.00017740885416666667 0.0006276041666666668 2.9296875e-05 7.812500000000002e-05
12 0.0001904296875 0.0006380208333333334 2.44140625e-05 5.9895833333333344e-05
11 0.00027343749999999997 0.0006328125000000001 2.604166666666667e-05 5.468750000000001e-05
11 0.0002718098958333333 0.0006380208333333333 2.2786458333333334e-05 5.729166666666667e-05
8 0.000400390625 0.0008046875000000001 9.27734375e-05 0.00010677083333333335
8 0.00039225260416666667 0.0007916666666666668 7.324218750000001e-05 7.552083333333335e-05
11 0.00040527343750000003 0.0007187500000000001 2.1158854166666667e-05 4.947916666666667e-05
8 0.0005159505208333333 0.0008281250000000001 7.975260416666667e-05 0.00010937500000000002
8 0.0005485026041666668 0.0008046875000000001 3.580729166666667e-05 6.770833333333334e-05
8 0.0008056640625000001 0.0007838541666666667 7.324218750000001e-05 5.9895833333333344e-05
11 0.0007682291666666667 0.0006770833333333334 2.9296875e-05 5.9895833333333344e-05
11 0.00076171875 0.0006692708333333333 1.6276041666666666e-05 5.729166666666667e-05
8 0.0010107421875 0.0009114583333333335 0.00019368489583333336 0.0002447916666666667