9 0.0007484436035156251 0.0008148193359375001 1.678466796875e-05 8.850097656250001e-05
8 0.0007728576660156251 0.0008285522460937501 2.288818359375e-05 8.850097656250001e-05
8 0.000829315185546875 0.000843048095703125 5.645751953125e-05 0.00013275146484375002
8 0.000861358642578125 0.0008415222167968751 6.256103515625001e-05 0.00011444091796875
9 0.0013099670410156251 0.000882720947265625 4.730224609375e-05 0.00020294189453125
9 0.001268768310546875 0.000876617431640625 4.119873046875e-05 0.00019989013671875002
8 0.000273895263671875 0.000905609130859375 0.00019683837890625 0.00015106201171875
8 0.00045166015625 0.000922393798828125 0.0001800537109375 0.00018463134765625002
8 0.000569915771484375 0.0008361816406250001 7.781982421875001e-05 8.544921875000001e-05
9 0.0006660461425781251 0.0013359069824218752 0.00010528564453125 0.0007156372070312501
9 0.000797271728515625 0.00138702392578125 0.00018463134765625002 0.000848388671875
9 0.0011199951171875 0.000760650634765625 4.2724609375000004e-05 8.392333984375e-05
9 0.0011497497558593751 0.000888824462890625 6.866455078125e-05 0.00015411376953125002
9 0.001184844970703125 0.0009201049804687501 7.171630859375e-05 0.00025024414062500003
9 0.0012252807617187502 0.00089569091796875 4.8828125e-05 0.00023193359375000002
9 0.0014320373535156251 0.000815582275390625 6.256103515625001e-05 0.00016021728515625
9 0.0014320373535156251 0.0009162902832031251 3.814697265625e-05 0.00019378662109375002
9 0.00150146484375 0.0009216308593750001 7.9345703125e-05 0.00025024414062500003