9 0.00069732666015625 0.0008544921875 2.74658203125e-05 7.324218750000001e-05
9 0.00074920654296875 0.0008552551269531251 2.44140625e-05 9.307861328125001e-05
9 0.00027618408203125 0.000905609130859375 4.57763671875e-05 0.00015106201171875
9 0.000313568115234375 0.000904083251953125 3.814697265625e-05 0.00015106201171875
9 0.00031509399414062503 0.0009063720703125001 3.814697265625e-05 0.00016174316406250002
9 0.000402069091796875 0.000977325439453125 6.256103515625001e-05 0.00020904541015625002
9 0.00041046142578125003 0.000966644287109375 3.35693359375e-05 0.00020294189453125
8 0.000417327880859375 0.0009483337402343751 3.814697265625e-05 0.00018768310546875
7 0.00047149658203125003 0.0008720397949218751 4.2724609375000004e-05 0.00011138916015625001
8 0.0006607055664062501 0.000861358642578125 0.00017089843750000002 9.307861328125001e-05
8 0.00066680908203125 0.0008697509765625 0.0001739501953125 0.0001068115234375
8 0.00098419189453125 0.000872802734375 0.00022277832031250002 0.0001434326171875
9 0.0008285522460937501 0.000949859619140625 4.57763671875e-05 0.00018157958984375
9 0.000907135009765625 0.000945281982421875 5.340576171875e-05 0.00022125244140625
8 0.0010406494140625 0.000846099853515625 0.00015563964843750002 0.00011749267578125
8 0.001113128662109375 0.0008438110351562501 0.00016326904296875002 0.0001220703125
8 0.001113128662109375 0.000836944580078125 8.087158203125001e-05 0.00012054443359375
9 0.00149078369140625 0.001284027099609375 8.23974609375e-05 0.0007156372070312501