8 0.00018391927083333335 0.0009635416666666668 0.00018310546875 0.00017968750000000002
10 0.00025553385416666666 0.0006848958333333334 2.44140625e-05 8.072916666666668e-05
8 0.00043457031250000006 0.0009947916666666668 0.000166015625 0.00021614583333333335
8 0.0004654947916666667 0.0008776041666666667 4.8828125e-05 8.593750000000001e-05
8 0.0004801432291666667 0.0008593750000000001 2.7669270833333335e-05 7.031250000000001e-05
10 0.0005240885416666666 0.00046875 1.9531250000000004e-05 8.854166666666667e-05
8 0.0006363932291666667 0.0008411458333333334 6.0221354166666675e-05 7.552083333333335e-05
11 0.0006461588541666666 0.0004817708333333334 2.1158854166666667e-05 8.333333333333334e-05
8 0.0006689453125 0.0008307291666666668 3.906250000000001e-05 6.510416666666668e-05
8 0.0008170572916666668 0.0008489583333333334 0.00012532552083333333 7.552083333333335e-05
8 0.0015608723958333334 0.0008515625000000001 0.00020345052083333337 0.00013020833333333336