8 0.00014485677083333334 0.0009817708333333334 0.00014485677083333334 0.00026302083333333337
8 0.00045410156249999997 0.0010130208333333334 0.00030924479166666665 0.00035937500000000005
12 0.0004036458333333334 0.0005651041666666668 2.604166666666667e-05 7.291666666666667e-05
12 0.0004117838541666667 0.0005416666666666668 2.9296875e-05 4.687500000000001e-05
8 0.0010693359375 0.0013854166666666667 0.0006233723958333333 0.0007395833333333334
12 0.0004964192708333333 0.0005598958333333334 3.092447916666667e-05 8.072916666666668e-05
8 0.0005273437499999999 0.0008072916666666668 6.184895833333334e-05 6.510416666666668e-05
12 0.0004996744791666667 0.00053125 2.9296875e-05 4.687500000000001e-05
12 0.0006201171875 0.0005598958333333335 2.2786458333333334e-05 7.031250000000001e-05
12 0.0007161458333333334 0.0005625 3.255208333333333e-05 7.291666666666667e-05
12 0.0009049479166666667 0.0006406250000000001 2.9296875e-05 5.468750000000001e-05
8 0.001533203125 0.0010859375 0.000380859375 0.0004687500000000001
8 0.0015250651041666668 0.0010026041666666668 0.0003629557291666667 0.00035156250000000004