8 7.324218750000001e-05 0.0009559631347656251 7.324218750000001e-05 0.00024261474609375
14 0.00020370483398437502 0.000852203369140625 0.00016937255859375002 0.00013580322265625
8 0.000244140625 0.001043701171875 0.0002105712890625 0.00028076171875000003
8 0.000699615478515625 0.001255035400390625 0.00051116943359375 0.0006607055664062501
10 0.00051116943359375 0.000554656982421875 2.74658203125e-05 8.087158203125001e-05
12 0.0006607055664062501 0.00054168701171875 2.74658203125e-05 6.7138671875e-05
12 0.0007804870605468751 0.0005500793457031251 2.5939941406250003e-05 8.087158203125001e-05
8 0.0008285522460937501 0.00086517333984375 5.7983398437500004e-05 9.1552734375e-05
8 0.000838470458984375 0.0008491516113281251 2.288818359375e-05 6.561279296875e-05
8 0.001216888427734375 0.001021575927734375 0.00025787353515625003 0.00027618408203125
9 0.0010047912597656251 0.0008590698242187501 2.8991699218750002e-05 8.850097656250001e-05
9 0.001003265380859375 0.0008338928222656251 2.288818359375e-05 6.256103515625001e-05
12 0.00107421875 0.0006851196289062501 2.44140625e-05 7.019042968750001e-05
14 0.001558685302734375 0.0008697509765625 0.00029144287109375 0.00023193359375000002
12 0.00148773193359375 0.000513458251953125 7.62939453125e-05 0.00023956298828125002
9 0.00152130126953125 0.0009407043457031251 4.57763671875e-05 0.00018768310546875