12 0.0002593994140625 0.0002471923828125 0.0002593994140625 0.0002471923828125
8 0.00016632080078125 0.0008567810058593751 5.7983398437500004e-05 8.392333984375e-05
8 0.000179290771484375 0.00080413818359375 6.561279296875e-05 4.8828125e-05
8 0.000347137451171875 0.000835418701171875 0.00016021728515625 9.918212890625e-05
8 0.00039138793945312503 0.000859832763671875 9.002685546875e-05 0.00011444091796875
8 0.000502777099609375 0.0008796691894531251 0.00015716552734375 0.00013275146484375002
8 0.0005920410156250001 0.0008705139160156251 0.0001129150390625 0.00011749267578125
8 0.000655364990234375 0.0007995605468750001 4.4250488281250005e-05 5.4931640625e-05
8 0.00069732666015625 0.000820159912109375 3.96728515625e-05 7.476806640625e-05
8 0.0007637023925781251 0.000807952880859375 5.0354003906250004e-05 6.561279296875e-05
8 0.000844573974609375 0.000798797607421875 2.5939941406250003e-05 6.256103515625001e-05
8 0.00088043212890625 0.0007965087890625 4.2724609375000004e-05 7.324218750000001e-05
10 0.000907135009765625 0.0006111145019531251 3.814697265625e-05 9.613037109375001e-05
12 0.0012901306152343752 0.00021133422851562502 7.781982421875001e-05 0.00018157958984375
8 0.0013580322265625 0.00081024169921875 0.0001129150390625 9.1552734375e-05
8 0.001444244384765625 0.00081024169921875 0.00013275146484375002 8.544921875000001e-05
9 0.001517486572265625 0.0008544921875 3.5095214843750004e-05 0.00015563964843750002