9 1.7903645833333333e-05 0.0009114583333333335 1.7089843749999998e-05 0.00019921875000000001
9 5.533854166666667e-05 0.0008984374999999999 3.0110677083333337e-05 0.00010156250000000001
9 0.0003434244791666667 0.0008697916666666667 3.906250000000001e-05 0.0001328125
9 0.000341796875 0.0008593750000000001 3.580729166666667e-05 0.00011718750000000002
9 0.0003662109375 0.0008802083333333335 3.092447916666667e-05 0.0001432291666666667
14 0.0005533854166666667 0.0008828125000000001 0.0001806640625 0.0002291666666666667
14 0.0007031250000000001 0.0008593750000000001 0.00011881510416666666 0.00021875000000000003
8 0.0008121744791666667 0.0008489583333333335 8.789062500000001e-05 0.00011197916666666668
7 0.0008707682291666666 0.0008723958333333334 4.557291666666667e-05 0.0001354166666666667
9 0.0011344401041666668 0.0008046875000000001 3.743489583333333e-05 0.00010677083333333335
9 0.0011360677083333333 0.0007942708333333335 3.743489583333333e-05 8.854166666666667e-05
9 0.001162109375 0.0008098958333333334 3.255208333333333e-05 0.00011458333333333334
9 0.0011800130208333333 0.0007890625 3.255208333333333e-05 9.375000000000002e-05
9 0.0011979166666666666 0.0007760416666666667 3.092447916666667e-05 9.114583333333334e-05
9 0.00123046875 0.0008020833333333334 3.906250000000001e-05 0.00011458333333333334
8 0.0015576171875 0.0008359375000000001 0.00010253906250000001 8.072916666666668e-05