8 0.000270843505859375 0.001023101806640625 0.00027008056640625 0.00054473876953125
8 0.00013580322265625 0.00086517333984375 9.765625e-05 0.00016174316406250002
12 0.000255584716796875 0.000455474853515625 3.5095214843750004e-05 9.918212890625e-05
8 0.000435638427734375 0.0008438110351562501 0.00011138916015625001 0.0001220703125
10 0.00037231445312500003 0.0004730224609375 3.0517578125e-05 0.00010375976562500001
8 0.0006187438964843751 0.000920867919921875 0.00022735595703125 0.00028839111328125003
11 0.0005653381347656251 0.0004974365234375 2.8991699218750002e-05 8.850097656250001e-05
8 0.000691986083984375 0.000804901123046875 5.340576171875e-05 6.561279296875e-05
11 0.00071258544921875 0.000528717041015625 5.1879882812500005e-05 0.00012054443359375
8 0.0008361816406250001 0.0008781433105468751 0.000128173828125 0.00016632080078125
11 0.00098876953125 0.0006645202636718751 2.74658203125e-05 9.918212890625e-05