8 0.0015617370605468751 0.0009796142578125 0.00024566650390625 0.0002532958984375
8 0.00044708251953125 0.00093994140625 9.46044921875e-05 0.0001373291015625
8 0.00046234130859375 0.0009330749511718751 0.0001068115234375 0.00012054443359375
14 0.000585174560546875 0.0009010314941406251 0.00011138916015625001 0.00020294189453125
14 0.0006126403808593751 0.0008743286132812501 0.00013885498046875 0.0001739501953125
8 0.000598907470703125 0.000872802734375 2.288818359375e-05 7.019042968750001e-05
8 0.000624847412109375 0.000859832763671875 2.5939941406250003e-05 4.730224609375e-05
8 0.00079498291015625 0.0008872985839843751 3.0517578125e-05 7.781982421875001e-05
8 0.000821685791015625 0.00090179443359375 4.119873046875e-05 9.1552734375e-05
8 0.00096435546875 0.000952911376953125 0.00015563964843750002 0.00018157958984375
8 0.0009620666503906251 0.000937652587890625 0.00014495849609375 0.00016937255859375002