8 0.0015079752604166667 0.0009466145833333336 0.00035725911458333334 0.00025390625
8 0.0015616861979166668 0.0009440104166666668 0.000244140625 0.00021614583333333335
8 6.510416666666668e-05 0.0009270833333333335 5.371093750000001e-05 8.854166666666667e-05
8 0.0002864583333333334 0.001072916666666667 0.00024251302083333335 0.00033072916666666667
8 0.0005729166666666668 0.0008932291666666667 6.673177083333334e-05 0.00011458333333333334
8 0.0006201171875000001 0.0008984375000000001 5.696614583333334e-05 0.00010677083333333335
8 0.0006803385416666668 0.0008958333333333334 9.114583333333334e-05 0.00011458333333333334
8 0.0008805338541666666 0.0009036458333333334 0.00022135416666666668 0.00014583333333333335
8 0.0010237630208333336 0.0008723958333333334 0.00010742187500000001 0.00010937500000000002
8 0.001162109375 0.0009218750000000002 0.00022298177083333333 0.00016927083333333334
8 0.0011979166666666668 0.0009062500000000002 0.0001318359375 0.00016927083333333334