9 4.119873046875e-05 0.00093994140625 3.96728515625e-05 0.000164794921875
8 0.000726318359375 0.001318359375 0.0005035400390625 0.0005859375000000001
8 0.00036773681640625 0.0009185791015625 9.46044921875e-05 0.00014038085937500002
11 0.000402069091796875 0.0007102966308593751 2.5939941406250003e-05 7.781982421875001e-05
8 0.0007980346679687501 0.00098419189453125 0.0001739501953125 0.00028076171875000003
8 0.0008705139160156251 0.000875091552734375 9.918212890625e-05 0.00013275146484375002
8 0.00087127685546875 0.0008636474609375 9.1552734375e-05 0.00010375976562500001
11 0.000821685791015625 0.0006805419921875 2.8991699218750002e-05 9.1552734375e-05
9 0.0009033203125 0.0009216308593750001 4.57763671875e-05 0.0001953125
9 0.0009101867675781251 0.0009239196777343751 2.288818359375e-05 0.00019989013671875002
9 0.0009277343750000001 0.00084991455078125 3.35693359375e-05 0.00010986328125
9 0.0009521484375000001 0.0008987426757812501 4.57763671875e-05 0.00017700195312500002
9 0.000968170166015625 0.000844573974609375 2.5939941406250003e-05 0.00012054443359375
9 0.00101318359375 0.000896453857421875 3.96728515625e-05 0.00016937255859375002
9 0.0011260986328125 0.000823211669921875 2.44140625e-05 0.00010223388671875
9 0.0011993408203125001 0.0008415222167968751 7.019042968750001e-05 0.00011444091796875
8 0.0015609741210937502 0.0013519287109375001 0.00032653808593750003 0.0008209228515625001