8 0.0015594482421875 0.0013885498046875 0.00037841796875 0.0007415771484375
8 0.000478363037109375 0.0008544921875 0.00012359619140625 0.0001434326171875
8 0.000563812255859375 0.00081939697265625 6.256103515625001e-05 8.544921875000001e-05
12 0.00071258544921875 0.00068206787109375 2.44140625e-05 5.7983398437500004e-05
8 0.0008270263671875 0.000868988037109375 0.000128173828125 0.00018463134765625002
11 0.0007766723632812501 0.0006645202636718751 2.1362304687500002e-05 8.087158203125001e-05
8 0.00086212158203125 0.0008018493652343751 4.57763671875e-05 8.392333984375e-05
8 0.0008987426757812501 0.0008338928222656251 4.2724609375000004e-05 0.00012054443359375
8 0.00098114013671875 0.0008644104003906251 9.1552734375e-05 0.00018463134765625002
8 0.00106353759765625 0.00093994140625 0.0001068115234375 0.00023193359375000002
8 0.0011795043945312502 0.0010345458984375 0.0001312255859375 0.000360107421875