9 0.001436614990234375 0.00095672607421875 6.866455078125e-05 0.0002471923828125
9 0.001361846923828125 0.00095672607421875 5.645751953125e-05 0.0002777099609375
8 0.00016174316406250002 0.000875091552734375 0.0001068115234375 8.087158203125001e-05
8 0.000170135498046875 0.000896453857421875 9.307861328125001e-05 9.918212890625e-05
8 0.000270843505859375 0.00088043212890625 9.307861328125001e-05 0.0001434326171875
8 0.0002838134765625 0.000859832763671875 9.765625e-05 0.00011444091796875
8 0.0007194519042968751 0.0009765625 0.00018463134765625002 0.000262451171875
12 0.0006278991699218751 0.0007446289062500001 2.5939941406250003e-05 3.0517578125e-05
8 0.0007537841796875001 0.00089569091796875 8.850097656250001e-05 0.0001373291015625
12 0.00079498291015625 0.0007499694824218751 2.1362304687500002e-05 4.4250488281250005e-05
8 0.000838470458984375 0.000853729248046875 4.730224609375e-05 7.781982421875001e-05
8 0.00084991455078125 0.000861358642578125 4.2724609375000004e-05 7.781982421875001e-05
8 0.0009063720703125001 0.000905609130859375 5.1879882812500005e-05 0.00011444091796875
8 0.00091094970703125 0.000896453857421875 5.1879882812500005e-05 0.00012054443359375
8 0.000980377197265625 0.000934600830078125 9.918212890625e-05 0.00018463134765625002
8 0.000983428955078125 0.00092620849609375 9.613037109375001e-05 0.00019226074218750002
8 0.001200103759765625 0.0009918212890625 0.00026702880859375 0.00028076171875000003
8 0.00120391845703125 0.000991058349609375 0.0002685546875 0.00027008056640625