8 0.00014038085937500002 0.000988006591796875 0.00014038085937500002 0.00019989013671875002
8 0.000266265869140625 0.0009307861328125 0.00015411376953125002 0.000128173828125
9 0.0015350341796875001 0.000907135009765625 3.35693359375e-05 0.00019989013671875002
12 0.000301361083984375 0.00074005126953125 3.814697265625e-05 0.00010375976562500001
12 0.00028839111328125003 0.0007102966308593751 2.1362304687500002e-05 5.9509277343750005e-05
8 0.0005004882812500001 0.000858306884765625 0.00010070800781250001 7.476806640625e-05
8 0.0006378173828125001 0.0008758544921875001 8.850097656250001e-05 9.1552734375e-05
8 0.0006393432617187501 0.00087738037109375 8.23974609375e-05 9.1552734375e-05
8 0.0007446289062500001 0.0008697509765625 7.9345703125e-05 9.1552734375e-05
8 0.00078125 0.0008590698242187501 6.7138671875e-05 8.544921875000001e-05
8 0.000775909423828125 0.000859832763671875 5.340576171875e-05 8.392333984375e-05
12 0.000777435302734375 0.0005386352539062501 2.5939941406250003e-05 7.324218750000001e-05
12 0.000775909423828125 0.0005386352539062501 1.983642578125e-05 5.1879882812500005e-05
14 0.0008834838867187501 0.0008834838867187501 0.00010070800781250001 0.0001983642578125
8 0.000890350341796875 0.0008796691894531251 0.00010528564453125 0.00018768310546875
8 0.0009239196777343751 0.00084686279296875 5.340576171875e-05 8.850097656250001e-05
11 0.000913238525390625 0.0005523681640625 2.8991699218750002e-05 9.1552734375e-05
11 0.0009086608886718751 0.000536346435546875 2.288818359375e-05 7.476806640625e-05
8 0.001043701171875 0.0008300781250000001 5.7983398437500004e-05 7.019042968750001e-05
7 0.00106353759765625 0.00084686279296875 3.0517578125e-05 8.544921875000001e-05
11 0.0011230468750000001 0.000724029541015625 3.35693359375e-05 0.00011138916015625001
11 0.001116180419921875 0.000690460205078125 1.983642578125e-05 5.9509277343750005e-05
8 0.001338958740234375 0.0008567810058593751 0.00018463134765625002 0.00011444091796875
11 0.001361846923828125 0.0005920410156250001 5.9509277343750005e-05 0.000164794921875
11 0.001354217529296875 0.0005805969238281251 3.814697265625e-05 0.00011444091796875