8 0.00035858154296875 0.0008026123046875 0.00010375976562500001 7.324218750000001e-05
8 0.000389862060546875 0.000768280029296875 3.5095214843750004e-05 4.4250488281250005e-05
8 0.000386810302734375 0.00077362060546875 2.8991699218750002e-05 5.7983398437500004e-05
14 0.0005233764648437501 0.00091705322265625 0.0001495361328125 0.0002838134765625
8 0.0005706787109375 0.0007865905761718751 3.0517578125e-05 7.476806640625e-05
8 0.000640106201171875 0.0008575439453125 7.171630859375e-05 0.000128173828125
8 0.0006492614746093751 0.0007080078125000001 2.8991699218750002e-05 3.6621093750000005e-05
8 0.0007575988769531251 0.000907135009765625 0.00012969970703125 0.00019073486328125
8 0.000682830810546875 0.000720977783203125 3.5095214843750004e-05 4.119873046875e-05
11 0.000698089599609375 0.0005935668945312501 2.288818359375e-05 5.7983398437500004e-05
8 0.000782012939453125 0.000762939453125 4.4250488281250005e-05 5.7983398437500004e-05
8 0.00101470947265625 0.000783538818359375 0.00010375976562500001 8.087158203125001e-05