7 0.00057373046875 0.0007786458333333334 1.6276041666666666e-05 6.380208333333334e-05
8 0.00025065104166666665 0.0008020833333333334 0.00015462239583333333 9.375000000000002e-05
12 0.0004524739583333333 0.0006744791666666668 2.44140625e-05 6.770833333333334e-05
8 0.0006461588541666666 0.0007786458333333334 6.184895833333334e-05 8.072916666666668e-05
8 0.0006852213541666667 0.0007760416666666667 3.580729166666667e-05 6.510416666666668e-05
8 0.0007454427083333334 0.0007838541666666667 6.0221354166666675e-05 8.854166666666667e-05
12 0.0007877604166666666 0.0005572916666666668 1.9531250000000004e-05 6.25e-05
12 0.0007893880208333332 0.0005572916666666668 1.7903645833333333e-05 4.947916666666667e-05
12 0.0008707682291666668 0.0005546875000000001 2.2786458333333334e-05 5.9895833333333344e-05
12 0.0008772786458333333 0.0005625 2.44140625e-05 6.510416666666668e-05
12 0.0009602864583333333 0.0005703125000000001 2.604166666666667e-05 5.9895833333333344e-05
12 0.0009602864583333334 0.0005729166666666668 2.2786458333333334e-05 6.25e-05
12 0.0011181640625 0.0006692708333333333 2.604166666666667e-05 6.510416666666668e-05
12 0.0011165364583333333 0.0006640625000000002 2.1158854166666667e-05 5.9895833333333344e-05
8 0.0013020833333333335 0.00078125 0.0001383463541666667 8.333333333333334e-05
12 0.0012500000000000002 0.0006119791666666668 2.44140625e-05 8.593750000000001e-05
12 0.0012483723958333333 0.0006145833333333334 2.2786458333333334e-05 8.593750000000001e-05
8 0.0015608723958333334 0.0007760416666666667 0.00012858072916666668 0.00010156250000000001