8 0.0015616861979166668 0.0015208333333333335 0.00013997395833333334 0.0005572916666666668
8 0.00017496744791666667 0.0010338541666666669 0.00017415364583333334 0.0002708333333333334
8 0.0002897135416666667 0.0009713541666666668 0.00014811197916666667 0.00020052083333333337
9 0.00029622395833333334 0.0008593750000000001 2.1158854166666667e-05 4.947916666666667e-05
8 0.0006477864583333333 0.0009296875 0.00012044270833333335 0.0001432291666666667
8 0.0008235677083333334 0.0008880208333333335 9.602864583333333e-05 0.00011197916666666668
9 0.00091796875 0.0008489583333333335 3.255208333333333e-05 5.208333333333334e-05
8 0.0013444010416666667 0.00109375 0.000390625 0.0003619791666666667
9 0.0009944661458333333 0.0007786458333333334 2.44140625e-05 4.687500000000001e-05
9 0.0011328125 0.0007473958333333334 2.2786458333333334e-05 2.8645833333333336e-05
9 0.0011914062500000002 0.0007552083333333334 3.4179687499999996e-05 7.812500000000002e-05
9 0.00126953125 0.0007630208333333334 4.8828125e-05 8.854166666666667e-05