8 0.000215911865234375 0.0010101318359375 0.00021514892578125002 0.000244140625
8 0.000421142578125 0.00091705322265625 0.0001312255859375 0.00012512207031250002
8 0.00051116943359375 0.0008796691894531251 6.7138671875e-05 7.781982421875001e-05
8 0.00057830810546875 0.00086212158203125 5.1879882812500005e-05 7.019042968750001e-05
8 0.0006126403808593751 0.0008514404296875001 3.5095214843750004e-05 5.4931640625e-05
8 0.00071258544921875 0.0009315490722656251 0.00011901855468750001 0.00015106201171875
11 0.0006546020507812501 0.0007369995117187501 1.52587890625e-05 3.96728515625e-05
11 0.000701141357421875 0.00073394775390625 1.0681152343750001e-05 3.35693359375e-05
8 0.0008796691894531251 0.00089263916015625 8.392333984375e-05 0.0001068115234375
8 0.0009696960449218751 0.000867462158203125 9.307861328125001e-05 8.392333984375e-05
8 0.001250457763671875 0.00090179443359375 0.00021820068359375 0.000128173828125