9 0.00137939453125 0.000881195068359375 7.324218750000001e-05 0.00030670166015625
14 0.00046463012695312504 0.0009819030761718751 0.00034027099609375 0.0005081176757812501
8 0.000628662109375 0.0008720397949218751 8.850097656250001e-05 0.00012054443359375
7 0.0006607055664062501 0.0008872985839843751 5.1879882812500005e-05 0.00014801025390625002
9 0.0011268615722656251 0.0008392333984375 4.730224609375e-05 0.00016174316406250002
9 0.001161956787109375 0.000820159912109375 5.340576171875e-05 0.00016632080078125
9 0.001166534423828125 0.000800323486328125 4.4250488281250005e-05 0.00013580322265625
9 0.00115814208984375 0.0008567810058593751 3.0517578125e-05 0.00018157958984375
9 0.001216888427734375 0.000838470458984375 5.0354003906250004e-05 0.00018768310546875
9 0.0012115478515625 0.000827789306640625 3.96728515625e-05 0.00019073486328125
9 0.0012489318847656251 0.0008544921875 4.119873046875e-05 0.0002105712890625
9 0.001253509521484375 0.000853729248046875 4.4250488281250005e-05 0.00022125244140625