8 0.0015594482421875 0.0011810302734375 0.0003662109375 0.0004852294921875
8 0.000118255615234375 0.00081787109375 6.866455078125e-05 7.019042968750001e-05
8 0.000164031982421875 0.00081024169921875 5.645751953125e-05 5.7983398437500004e-05
12 0.000177764892578125 0.0006278991699218751 2.8991699218750002e-05 7.781982421875001e-05
12 0.00019073486328125 0.000638580322265625 2.44140625e-05 5.9509277343750005e-05
11 0.000273895263671875 0.00063323974609375 2.5939941406250003e-05 5.4931640625e-05
11 0.000272369384765625 0.0006378173828125001 2.288818359375e-05 5.7983398437500004e-05
8 0.000400543212890625 0.00080413818359375 9.307861328125001e-05 0.0001068115234375
8 0.00039215087890625004 0.000791168212890625 7.324218750000001e-05 7.476806640625e-05
11 0.0004058837890625 0.00071868896484375 2.1362304687500002e-05 4.8828125e-05
8 0.0005157470703125001 0.0008285522460937501 7.9345703125e-05 0.00010986328125
8 0.000548553466796875 0.00080413818359375 3.5095214843750004e-05 6.7138671875e-05
8 0.0008056640625000001 0.000783538818359375 7.324218750000001e-05 5.9509277343750005e-05
11 0.000768280029296875 0.000676727294921875 2.8991699218750002e-05 5.9509277343750005e-05
11 0.000762176513671875 0.0006698608398437501 1.678466796875e-05 5.7983398437500004e-05
8 0.001010894775390625 0.00091094970703125 0.00019378662109375002 0.000244140625