9 0.0009830729166666666 0.0008138020833333335 1.7089843749999998e-05 6.510416666666668e-05
9 0.0009082031250000002 0.0008203125000000001 1.7089843749999998e-05 6.640625e-05
9 0.0008048502604166667 0.0008333333333333334 1.7903645833333333e-05 7.031250000000001e-05
8 0.00020263671875000002 0.0009713541666666668 0.00020182291666666667 0.0002734375
12 0.00018880208333333333 0.0007682291666666667 3.092447916666667e-05 6.770833333333334e-05
12 0.00018391927083333335 0.0007552083333333334 1.9531250000000004e-05 4.687500000000001e-05
8 0.00030110677083333335 0.0009140624999999999 9.928385416666667e-05 0.0001432291666666667
8 0.00040690104166666663 0.0008906250000000001 0.00010091145833333333 0.00012239583333333335
12 0.0005354817708333332 0.0005963541666666668 2.2786458333333334e-05 6.25e-05
12 0.0005419921875 0.0005989583333333334 2.1158854166666667e-05 5.468750000000001e-05
8 0.0006917317708333334 0.0008723958333333334 8.626302083333333e-05 0.00010937500000000002
12 0.0006396484375 0.0005937500000000001 1.7903645833333333e-05 5.208333333333334e-05
8 0.0007731119791666666 0.0008411458333333334 8.30078125e-05 7.552083333333335e-05
12 0.0008040364583333333 0.0007187500000000001 2.1158854166666667e-05 6.25e-05
12 0.0009000651041666667 0.0006197916666666668 3.743489583333333e-05 0.00010156250000000001
12 0.000888671875 0.0006302083333333334 2.2786458333333334e-05 9.895833333333334e-05
8 0.0010530598958333334 0.0008203125000000001 9.114583333333334e-05 6.25e-05