8 0.0002823893229166667 0.0008776041666666668 8.626302083333333e-05 6.901041666666667e-05
8 5.940755208333334e-05 0.0009296875 5.859375e-05 0.00016145833333333336
8 0.00013753255208333334 0.0009348958333333335 0.00013671874999999999 0.00016406250000000004
8 0.00018066406250000002 0.0008984374999999999 0.00012044270833333335 8.593750000000001e-05
8 0.0005208333333333333 0.0008854166666666668 7.649739583333334e-05 9.375000000000002e-05
8 0.0005159505208333333 0.0008906250000000001 6.998697916666667e-05 9.375000000000002e-05
8 0.000537109375 0.0008776041666666668 3.906250000000001e-05 9.114583333333334e-05
8 0.0005843098958333334 0.0008515625000000001 4.8828125e-05 6.25e-05
12 0.0005924479166666667 0.0006796875000000002 1.46484375e-05 4.687500000000001e-05
8 0.0007763671875 0.0009192708333333335 0.00012532552083333333 0.0001666666666666667
11 0.0006803385416666667 0.0006614583333333333 1.6276041666666666e-05 4.4270833333333337e-05
11 0.0007552083333333334 0.0006718750000000002 1.46484375e-05 4.687500000000001e-05
11 0.0008968098958333332 0.0007526041666666667 1.46484375e-05 5.208333333333334e-05