8 0.000122833251953125 0.000830841064453125 8.697509765625e-05 0.00012969970703125
8 0.000481414794921875 0.00099029541015625 0.00031585693359375004 0.0002349853515625
8 0.0005043029785156251 0.000835418701171875 8.392333984375e-05 0.00011138916015625001
8 0.000592803955078125 0.0008438110351562501 9.613037109375001e-05 0.00010986328125
8 0.0006965637207031251 0.0008438110351562501 9.918212890625e-05 0.0001068115234375
8 0.000791168212890625 0.00084075927734375 0.00010528564453125 0.00010986328125
8 0.000888824462890625 0.0008544921875 0.00011138916015625001 0.00010986328125
8 0.0009033203125 0.00081787109375 5.1879882812500005e-05 6.7138671875e-05
8 0.0009353637695312501 0.000812530517578125 4.2724609375000004e-05 7.476806640625e-05
8 0.0012680053710937501 0.000830841064453125 0.00011901855468750001 8.087158203125001e-05
9 0.0014541625976562502 0.0008857727050781251 3.96728515625e-05 0.00015106201171875