8 0.0001434326171875 0.001318359375 0.0001434326171875 0.000408935546875
8 0.000274658203125 0.001009368896484375 9.46044921875e-05 0.00011138916015625001
8 0.00035018920898437504 0.00099945068359375 8.087158203125001e-05 0.00010375976562500001
8 0.000440216064453125 0.001000213623046875 0.00010223388671875 0.00010223388671875
8 0.000440216064453125 0.0010124206542968751 8.697509765625e-05 0.00011138916015625001
8 0.00050506591796875 0.0009895324707031251 7.9345703125e-05 9.307861328125001e-05
8 0.000661468505859375 0.001190185546875 0.00022125244140625 0.00030517578125
8 0.0004966735839843751 0.001003265380859375 5.0354003906250004e-05 0.00010223388671875
8 0.0006950378417968751 0.001000213623046875 0.00010223388671875 9.613037109375001e-05
8 0.000698089599609375 0.0009918212890625 7.476806640625e-05 9.1552734375e-05
8 0.0007461547851562501 0.000934600830078125 4.2724609375000004e-05 5.9509277343750005e-05
8 0.0010391235351562501 0.000942230224609375 0.0001129150390625 8.087158203125001e-05
8 0.00104522705078125 0.000949859619140625 9.765625e-05 7.781982421875001e-05