10 0.000170135498046875 0.000222015380859375 0.00015106201171875 0.00022125244140625
8 0.000731658935546875 0.0008300781250000001 0.00018768310546875 0.0001068115234375
8 0.0007194519042968751 0.0008209228515625001 3.204345703125e-05 7.324218750000001e-05
8 0.000768280029296875 0.000820159912109375 5.340576171875e-05 7.476806640625e-05
12 0.0008949279785156251 0.000606536865234375 2.5939941406250003e-05 7.476806640625e-05
10 0.00091552734375 8.23974609375e-05 4.57763671875e-05 8.23974609375e-05
12 0.001033782958984375 0.000604248046875 2.5939941406250003e-05 8.850097656250001e-05
12 0.001151275634765625 0.0006874084472656251 2.5939941406250003e-05 8.087158203125001e-05
8 0.001377105712890625 0.00082550048828125 0.00019378662109375002 0.0001434326171875
12 0.00127410888671875 0.00020523071289062502 4.57763671875e-05 0.00016632080078125
8 0.0015197753906250001 0.00080413818359375 0.00016174316406250002 8.850097656250001e-05
8 0.001499176025390625 0.000797271728515625 0.00013580322265625 7.781982421875001e-05