8 0.0015464782714843751 0.000920867919921875 0.00041351318359375 0.00025482177734375
8 0.0002532958984375 0.0009216308593750001 0.00025024414062500003 0.0001800537109375
9 0.00032958984375 0.0011039733886718751 0.0001495361328125 0.00050506591796875
8 0.000400543212890625 0.00086212158203125 9.918212890625e-05 0.0001220703125
14 0.000638580322265625 0.00084686279296875 0.00014495849609375 0.0002288818359375
8 0.0006546020507812501 0.0007080078125000001 0.0001495361328125 0.0002288818359375
9 0.0006698608398437501 0.0008377075195312501 3.0517578125e-05 0.0001220703125
9 0.0006774902343750001 0.00084075927734375 2.74658203125e-05 0.0001068115234375
9 0.0006851196289062501 0.00083160400390625 2.1362304687500002e-05 0.00010986328125
9 0.0007110595703125 0.0008285522460937501 2.74658203125e-05 0.0001068115234375
12 0.00075836181640625 0.00054473876953125 2.74658203125e-05 8.544921875000001e-05
12 0.00086212158203125 0.00054168701171875 2.74658203125e-05 8.850097656250001e-05
8 0.00111083984375 0.000830841064453125 0.000164794921875 9.613037109375001e-05
9 0.001099395751953125 0.00112457275390625 0.00012054443359375 0.0004974365234375
12 0.0010711669921875 0.0006736755371093751 3.0517578125e-05 9.613037109375001e-05