7 4.57763671875e-05 0.0008697509765625 4.57763671875e-05 0.00015563964843750002
12 0.000266265869140625 0.00068817138671875 2.5939941406250003e-05 7.324218750000001e-05
12 0.000264739990234375 0.00066680908203125 2.288818359375e-05 5.1879882812500005e-05
8 0.00041961669921875 0.0008705139160156251 0.00010375976562500001 0.00013275146484375002
8 0.000499725341796875 0.0008644104003906251 0.00016632080078125 0.00017242431640625
14 0.0004890441894531251 0.0008338928222656251 6.866455078125e-05 0.00012054443359375
12 0.000533294677734375 0.00057220458984375 2.8991699218750002e-05 6.7138671875e-05
12 0.0005310058593750001 0.000567626953125 2.44140625e-05 7.019042968750001e-05
8 0.0005920410156250001 0.0007843017578125001 7.62939453125e-05 9.1552734375e-05
8 0.0005920410156250001 0.0007865905761718751 7.324218750000001e-05 7.476806640625e-05
12 0.000646209716796875 0.000554656982421875 2.5939941406250003e-05 7.781982421875001e-05
12 0.0006393432617187501 0.00054931640625 1.52587890625e-05 7.019042968750001e-05
8 0.000943756103515625 0.0007942199707031251 0.00021514892578125002 0.00011444091796875
8 0.0009292602539062501 0.000789642333984375 0.00019226074218750002 0.00010223388671875
12 0.000821685791015625 0.0006698608398437501 2.5939941406250003e-05 7.019042968750001e-05
12 0.000820159912109375 0.000661468505859375 1.983642578125e-05 6.561279296875e-05
12 0.000890350341796875 0.0005500793457031251 3.814697265625e-05 9.613037109375001e-05
8 0.001190185546875 0.0007843017578125001 0.00022277832031250002 0.00014038085937500002
9 0.001184844970703125 0.000919342041015625 8.087158203125001e-05 0.00029144287109375
8 0.00137176513671875 0.000775909423828125 6.40869140625e-05 7.781982421875001e-05