10 0.00010452270507812501 0.0006561279296875 2.8991699218750002e-05 7.019042968750001e-05
7 0.00022811889648437502 0.0008171081542968751 6.561279296875e-05 8.087158203125001e-05
7 0.00021514892578125002 0.000859832763671875 3.96728515625e-05 0.00011444091796875
12 0.000608062744140625 0.0006584167480468751 2.8991699218750002e-05 9.613037109375001e-05
12 0.0006072998046875001 0.000617218017578125 2.44140625e-05 7.476806640625e-05
8 0.000678253173828125 0.000812530517578125 3.204345703125e-05 4.4250488281250005e-05
8 0.000905609130859375 0.000852203369140625 6.866455078125e-05 0.00010223388671875
8 0.0009101867675781251 0.00085601806640625 5.9509277343750005e-05 0.00010375976562500001
8 0.001322174072265625 0.000977325439453125 0.00045013427734375 0.00027618408203125
12 0.00103607177734375 0.000653839111328125 2.74658203125e-05 9.613037109375001e-05
8 0.0015617370605468751 0.0008705139160156251 0.00024871826171875 0.00017242431640625