8 0.0015617370605468751 0.0015617370605468751 0.00016021728515625 0.00069427490234375
14 0.000299072265625 0.00090179443359375 0.0002288818359375 0.0002349853515625
14 0.000279998779296875 0.0008132934570312501 0.00020294189453125 0.0001434326171875
8 0.00037689208984375004 0.0010314941406250001 0.00029296875000000004 0.0002838134765625
8 0.0005004882812500001 0.000897979736328125 0.00014038085937500002 0.00013275146484375002
8 0.00047760009765625 0.00089569091796875 0.00010375976562500001 0.0001220703125
8 0.000699615478515625 0.0010498046875 0.00024261474609375 0.00032348632812500004
12 0.0005577087402343751 0.00046844482421875004 2.288818359375e-05 8.850097656250001e-05
12 0.000737762451171875 0.000518035888671875 2.8991699218750002e-05 9.613037109375001e-05
12 0.0007354736328125 0.00050506591796875 2.74658203125e-05 7.324218750000001e-05
14 0.0008758544921875001 0.0008590698242187501 0.000164794921875 0.0001953125
8 0.0015426635742187501 0.001163482666015625 0.0006256103515625 0.0005935668945312501
8 0.0015274047851562501 0.0011566162109375 0.0005950927734375 0.000604248046875
12 0.000970458984375 0.0006607055664062501 2.44140625e-05 8.544921875000001e-05
12 0.000966644287109375 0.00066680908203125 1.983642578125e-05 8.544921875000001e-05