10 0.00017089843750000002 0.00021896362304687502 0.0001495361328125 0.00021820068359375
8 0.00018081665039062502 0.00089569091796875 0.00012054443359375 0.00015563964843750002
8 0.000185394287109375 0.000888824462890625 8.087158203125001e-05 0.00015411376953125002
8 0.000499725341796875 0.0008300781250000001 0.00019378662109375002 0.0001434326171875
8 0.0007194519042968751 0.0008132934570312501 3.204345703125e-05 7.324218750000001e-05
8 0.0009101867675781251 0.00084991455078125 0.00021820068359375 0.00010986328125
10 0.00091552734375 8.23974609375e-05 4.57763671875e-05 8.23974609375e-05
12 0.00089569091796875 0.000606536865234375 2.44140625e-05 7.476806640625e-05
12 0.001033782958984375 0.0006011962890625001 2.5939941406250003e-05 8.544921875000001e-05
12 0.001151275634765625 0.000690460205078125 2.5939941406250003e-05 8.087158203125001e-05
12 0.00127410888671875 0.00020141601562500002 4.57763671875e-05 0.00016174316406250002
8 0.0013595581054687501 0.0008094787597656251 9.1552734375e-05 9.307861328125001e-05
8 0.00140380859375 0.0008071899414062501 0.0001129150390625 8.544921875000001e-05
8 0.0014282226562500001 0.000798797607421875 6.40869140625e-05 8.087158203125001e-05