10 0.00010416666666666667 0.0006562500000000001 2.9296875e-05 7.031250000000001e-05
7 0.00022786458333333336 0.0008177083333333335 6.510416666666667e-05 8.072916666666668e-05
7 0.00021484375000000003 0.0008593750000000001 3.906250000000001e-05 0.00011458333333333334
12 0.0006087239583333334 0.0006588541666666667 2.9296875e-05 9.635416666666668e-05
12 0.0006070963541666667 0.0006171875000000001 2.44140625e-05 7.552083333333335e-05
8 0.0006787109375000001 0.0008125000000000001 3.255208333333333e-05 4.4270833333333337e-05
8 0.0009049479166666666 0.0008515625000000001 6.835937499999999e-05 0.00010156250000000001
8 0.0009098307291666666 0.0008567708333333334 6.0221354166666675e-05 0.00010416666666666667
8 0.0013232421875000002 0.0009765625000000002 0.00045084635416666667 0.0002760416666666667
12 0.0010367838541666668 0.0006536458333333333 2.7669270833333335e-05 9.635416666666668e-05
8 0.0015616861979166668 0.0008697916666666668 0.00024820963541666665 0.00017187500000000002