8 0.0014078776041666667 0.0008932291666666667 0.00011800130208333333 8.593750000000001e-05
9 0.0013883463541666666 0.0008893229166666667 2.0345052083333336e-05 8.203125000000002e-05
8 0.00019287109375 0.0008515625000000001 9.358723958333334e-05 6.119791666666668e-05
10 7.486979166666666e-05 0.0004401041666666667 3.4179687499999996e-05 0.00011979166666666669
8 0.000419921875 0.000921875 0.00017252604166666667 0.0001328125
8 0.000390625 0.0009010416666666669 0.00013671874999999999 0.00011197916666666668
8 0.0003678385416666667 0.0008645833333333335 4.069010416666667e-05 6.510416666666668e-05
8 0.0007063802083333334 0.0011953125000000002 0.00035970052083333335 0.0004401041666666667
10 0.000400390625 0.0005963541666666668 3.092447916666667e-05 8.593750000000001e-05
10 0.00052734375 0.0005026041666666667 3.580729166666667e-05 9.375000000000002e-05
10 0.0006136067708333334 0.0006796875000000002 2.1158854166666667e-05 5.468750000000001e-05
11 0.0006201171875 0.0006848958333333334 2.7669270833333335e-05 5.208333333333334e-05
11 0.0006754557291666668 0.0007239583333333334 2.604166666666667e-05 4.947916666666667e-05
8 0.0007226562500000001 0.0008541666666666668 3.906250000000001e-05 6.510416666666668e-05
8 0.0007747395833333334 0.0008489583333333335 4.2317708333333335e-05 4.947916666666667e-05
8 0.0008626302083333334 0.0009322916666666668 0.00011393229166666668 0.00014843750000000002
11 0.000810546875 0.0006588541666666667 1.9531250000000004e-05 5.208333333333334e-05
11 0.0008203125000000001 0.0006692708333333335 2.7669270833333335e-05 7.031250000000001e-05
8 0.0010546874999999999 0.0010286458333333335 0.00022786458333333336 0.00028906250000000004
8 0.0008854166666666667 0.0008828124999999999 5.696614583333334e-05 9.895833333333334e-05
8 0.0010335286458333333 0.0008880208333333334 6.998697916666667e-05 0.00011979166666666669
11 0.001025390625 0.000765625 1.9531250000000004e-05 4.947916666666667e-05
8 0.0012972005208333334 0.0010130208333333334 0.00022786458333333336 0.000265625
11 0.001337890625 0.0006770833333333334 2.44140625e-05 9.114583333333334e-05
10 0.0013623046875 0.0005859375000000001 3.092447916666667e-05 6.510416666666668e-05
10 0.0014436848958333335 0.000578125 3.255208333333333e-05 9.635416666666668e-05