12 0.00047851562500000005 0.0006171875000000001 2.1158854166666667e-05 4.687500000000001e-05
12 0.0004915364583333333 0.0006380208333333334 2.9296875e-05 7.552083333333335e-05
8 0.0005908203125 0.0007838541666666667 4.2317708333333335e-05 6.25e-05
8 0.0007080078125000001 0.0007682291666666667 6.184895833333334e-05 5.729166666666667e-05
8 0.0007145182291666667 0.0007682291666666667 5.859375e-05 5.729166666666667e-05
12 0.0007340494791666667 0.0005078125 3.092447916666667e-05 7.552083333333335e-05
12 0.0007275390625 0.00048697916666666676 2.2786458333333334e-05 4.687500000000001e-05
8 0.00076171875 0.0007604166666666667 4.720052083333334e-05 4.687500000000001e-05
8 0.000986328125 0.0007656250000000001 0.00017089843750000002 0.00011979166666666669
12 0.0008902994791666667 0.0005937500000000001 2.2786458333333334e-05 4.166666666666667e-05
12 0.0008951822916666666 0.0006250000000000001 2.44140625e-05 7.031250000000001e-05
12 0.0010286458333333335 0.0005416666666666668 5.208333333333334e-05 0.0001432291666666667
12 0.0010188802083333334 0.0004609375000000001 2.9296875e-05 6.25e-05