8 7.731119791666668e-05 0.0013333333333333335 7.649739583333334e-05 0.0006822916666666668
8 6.266276041666666e-05 0.0013020833333333337 6.184895833333334e-05 0.0005963541666666668
8 0.00021809895833333336 0.0008489583333333335 9.440104166666668e-05 0.00010937500000000002
8 0.00020507812499999997 0.0008333333333333334 7.324218750000001e-05 7.552083333333335e-05
12 0.00017089843750000002 0.0005494791666666668 2.9296875e-05 7.812500000000002e-05
12 0.00017252604166666667 0.00053125 2.44140625e-05 5.9895833333333344e-05
8 0.00033365885416666673 0.0008385416666666667 8.463541666666667e-05 0.00011458333333333334
11 0.0003141276041666667 0.0005494791666666668 2.44140625e-05 6.770833333333334e-05
11 0.00031250000000000006 0.0005625 2.2786458333333334e-05 5.729166666666667e-05
8 0.0003841145833333333 0.0008359375000000001 5.859375e-05 8.593750000000001e-05
8 0.00043457031250000006 0.0008385416666666667 5.696614583333334e-05 9.895833333333334e-05
11 0.0005159505208333333 0.0006927083333333334 2.1158854166666667e-05 4.947916666666667e-05
11 0.0005240885416666666 0.0007161458333333334 2.2786458333333334e-05 6.25e-05
8 0.0011686197916666668 0.0007968750000000001 0.00015787760416666668 0.00011979166666666669
8 0.0011686197916666668 0.0007942708333333334 0.00015462239583333333 9.895833333333334e-05
11 0.0011783854166666668 0.0004973958333333334 3.4179687499999996e-05 0.00013802083333333334
11 0.0011800130208333335 0.0005078125 2.9296875e-05 5.729166666666667e-05
8 0.0013118489583333335 0.0007786458333333334 0.00015299479166666668 8.854166666666667e-05
8 0.0013118489583333335 0.0007994791666666668 0.000126953125 0.00011718750000000002