8 0.0002115885416666667 0.0009270833333333335 0.00015950520833333333 0.00013802083333333334
8 0.0002360026041666667 0.0008958333333333334 6.34765625e-05 0.00014062500000000002
8 0.0002864583333333334 0.0008776041666666667 6.673177083333334e-05 8.854166666666667e-05
8 0.0008854166666666667 0.0014375000000000002 0.0005777994791666667 0.0007968750000000001
8 0.0009016927083333334 0.0008619791666666668 0.00012532552083333333 0.00010937500000000002
9 0.0012044270833333334 0.0007838541666666667 3.092447916666667e-05 6.510416666666668e-05
9 0.0012320963541666667 0.0008203125000000001 3.4179687499999996e-05 5.9895833333333344e-05
9 0.0012858072916666667 0.0008151041666666668 2.9296875e-05 0.00012239583333333335
9 0.0013248697916666667 0.0008984375000000001 3.255208333333333e-05 0.0002135416666666667
9 0.0013655598958333334 0.0008671875000000001 3.580729166666667e-05 0.00018750000000000003
8 0.0015608723958333334 0.0009322916666666668 5.533854166666667e-05 0.00015885416666666668