8 0.000202178955078125 0.0009552001953125 0.00011444091796875 0.00015869140625
14 0.00026550292968750003 0.0008781433105468751 8.23974609375e-05 8.392333984375e-05
14 0.00026550292968750003 0.0008743286132812501 7.019042968750001e-05 8.544921875000001e-05
8 0.000582122802734375 0.00086212158203125 6.256103515625001e-05 7.324218750000001e-05
8 0.000659942626953125 0.0008567810058593751 5.645751953125e-05 6.561279296875e-05
8 0.0007827758789062501 0.0008934020996093751 5.4931640625e-05 0.00012054443359375
8 0.000934600830078125 0.000974273681640625 0.00017242431640625 0.00020599365234375
8 0.001114654541015625 0.0009086608886718751 0.00013580322265625 0.00020294189453125
8 0.001306915283203125 0.0009559631347656251 0.00023345947265625 0.00018768310546875
8 0.001375579833984375 0.0008781433105468751 6.561279296875e-05 7.781982421875001e-05
8 0.0014541625976562502 0.0008705139160156251 7.9345703125e-05 8.087158203125001e-05