9 0.00019856770833333334 0.0008515625000000001 3.580729166666667e-05 8.072916666666668e-05
9 0.00021321614583333338 0.0008828124999999999 3.906250000000001e-05 0.00013020833333333336
9 0.0003531901041666667 0.0008723958333333334 2.604166666666667e-05 0.00010416666666666667
9 0.00045572916666666673 0.0011875000000000002 0.000126953125 0.0005026041666666667
9 0.0004166666666666667 0.0011223958333333335 6.998697916666667e-05 0.00038281250000000007
9 0.0005891927083333334 0.0011588541666666668 0.00011881510416666666 0.0005104166666666667
8 0.0007877604166666666 0.0010104166666666668 0.00026041666666666666 0.0002708333333333334
9 0.0007454427083333333 0.0011119791666666667 9.27734375e-05 0.00040104166666666673
8 0.0009814453125 0.0008463541666666668 0.0001904296875 0.00014583333333333335
8 0.0010465494791666668 0.0008437500000000001 0.00015625000000000003 0.00011718750000000002
8 0.0011181640625000002 0.0008333333333333334 0.00016276041666666668 0.00012239583333333335