8 0.00016708374023437502 0.0011116027832031251 0.00016632080078125 0.00032196044921875
8 0.000316619873046875 0.001033782958984375 0.00020294189453125 0.00024261474609375
8 0.000308990478515625 0.0010238647460937501 0.00019073486328125 0.00023193359375000002
8 0.00047988891601562504 0.00092620849609375 0.00014190673828125 0.0001739501953125
8 0.00048980712890625 0.00093994140625 0.0001495361328125 0.00021667480468750002
8 0.000551605224609375 0.0008644104003906251 4.730224609375e-05 5.9509277343750005e-05
8 0.000739288330078125 0.000853729248046875 5.0354003906250004e-05 6.256103515625001e-05
8 0.000876617431640625 0.0009429931640625001 0.00012969970703125 0.0001800537109375
8 0.00080108642578125 0.000919342041015625 5.1879882812500005e-05 0.00012969970703125
8 0.000859832763671875 0.000934600830078125 9.918212890625e-05 0.00015411376953125002
8 0.001041412353515625 0.00103607177734375 0.00023345947265625 0.00026550292968750003
8 0.001190185546875 0.0008438110351562501 0.0001129150390625 8.544921875000001e-05