8 0.000396728515625 0.000821685791015625 6.7138671875e-05 7.476806640625e-05
8 0.000124359130859375 0.00087738037109375 0.00012359619140625 0.000164794921875
14 0.000164794921875 0.00074005126953125 0.000164794921875 8.850097656250001e-05
14 0.00016174316406250002 0.00078887939453125 0.00016174316406250002 0.0001220703125
8 0.000209808349609375 0.00086212158203125 0.00011138916015625001 0.0001220703125
8 0.00020904541015625002 0.000852203369140625 8.850097656250001e-05 0.00011444091796875
8 0.000273895263671875 0.0008438110351562501 9.002685546875e-05 0.00010375976562500001
8 0.0002716064453125 0.0008247375488281251 6.40869140625e-05 9.307861328125001e-05
8 0.00033798217773437503 0.0008300781250000001 6.866455078125e-05 0.00010375976562500001
8 0.000333404541015625 0.0008186340332031251 6.256103515625001e-05 0.00010223388671875
8 0.000592803955078125 0.00078887939453125 3.204345703125e-05 4.8828125e-05
8 0.000698089599609375 0.0007652282714843751 3.204345703125e-05 4.4250488281250005e-05
12 0.000731658935546875 0.0006950378417968751 2.8991699218750002e-05 6.256103515625001e-05
10 0.0008415222167968751 0.000621795654296875 2.5939941406250003e-05 5.9509277343750005e-05
13 0.0008834838867187501 0.0006759643554687501 2.44140625e-05 3.0517578125e-05
12 0.000888824462890625 0.0007003784179687501 2.288818359375e-05 5.7983398437500004e-05
13 0.00097198486328125 0.000640106201171875 2.74658203125e-05 4.4250488281250005e-05
12 0.000974273681640625 0.0006591796875 2.288818359375e-05 6.7138671875e-05