9 0.00132293701171875 0.000836944580078125 9.765625e-05 9.307861328125001e-05
9 0.00127716064453125 0.000806427001953125 3.35693359375e-05 0.00013885498046875
9 0.0012359619140625 0.0007919311523437501 2.44140625e-05 9.46044921875e-05
8 0.0015617370605468751 0.0009971618652343751 0.00019073486328125 0.00031585693359375004
8 0.00012969970703125 0.0009483337402343751 0.000128173828125 0.00014801025390625002
8 0.000168609619140625 0.0009216308593750001 6.561279296875e-05 0.00015563964843750002
8 0.00023040771484375002 0.0008880615234375 6.7138671875e-05 8.850097656250001e-05
8 0.00035552978515625 0.0008575439453125 6.7138671875e-05 9.1552734375e-05
8 0.00043487548828125 0.0008415222167968751 4.8828125e-05 6.256103515625001e-05
8 0.000768280029296875 0.0011138916015625 0.00031280517578125 0.000457763671875
8 0.0008949279785156251 0.000890350341796875 0.00016326904296875002 0.00015411376953125002