8 0.00022135416666666668 0.0011276041666666667 0.00022135416666666668 0.0003151041666666667
8 0.0004964192708333333 0.0009505208333333335 0.0001220703125 0.00016406250000000004
8 0.0005452473958333335 0.0009036458333333334 6.0221354166666675e-05 0.00010416666666666667
8 0.0005517578125000001 0.0008932291666666667 6.673177083333334e-05 9.114583333333334e-05
8 0.0006005859375000001 0.0008776041666666667 5.696614583333334e-05 8.593750000000001e-05
8 0.0006315104166666666 0.0008619791666666668 4.3945312500000005e-05 6.25e-05
8 0.0006608072916666667 0.0008515625000000001 2.7669270833333335e-05 3.385416666666667e-05
8 0.0006770833333333334 0.0008515625000000001 2.604166666666667e-05 4.166666666666667e-05
8 0.0007861328125000002 0.0008697916666666668 6.510416666666667e-05 9.375000000000002e-05
8 0.0011555989583333333 0.0008489583333333334 0.00020833333333333335 0.0001354166666666667
8 0.0015250651041666665 0.0009244791666666668 0.00037923177083333336 0.0001979166666666667