8 0.00035705566406250003 0.001068115234375 0.00035705566406250003 0.00034179687500000003
8 0.000528717041015625 0.0009407043457031251 0.00016021728515625 0.00018768310546875
8 0.000577545166015625 0.0008911132812500001 4.730224609375e-05 8.544921875000001e-05
8 0.0006759643554687501 0.000867462158203125 7.019042968750001e-05 9.918212890625e-05
14 0.0006744384765625 0.000798797607421875 5.1879882812500005e-05 6.256103515625001e-05
8 0.000722503662109375 0.0008415222167968751 5.0354003906250004e-05 8.087158203125001e-05
8 0.00080413818359375 0.0008819580078125001 7.62939453125e-05 0.00015563964843750002
14 0.0008071899414062501 0.0008514404296875001 7.324218750000001e-05 0.00010986328125
8 0.0008758544921875001 0.000846099853515625 5.1879882812500005e-05 8.392333984375e-05
8 0.0009918212890625 0.0009185791015625 0.00010070800781250001 0.00015563964843750002
9 0.0010986328125 0.0013778686523437502 0.00014038085937500002 0.0007965087890625
9 0.001145172119140625 0.0012947082519531251 0.00010833740234375001 0.00077362060546875