8 0.0003987630208333333 0.0008828125000000001 0.00018717447916666668 0.00011979166666666669
8 0.0004524739583333333 0.0008463541666666667 5.208333333333334e-05 0.00010156250000000001
8 0.0007242838541666667 0.0009479166666666668 0.0001611328125 0.00021875000000000003
8 0.0007405598958333333 0.0008281250000000001 4.720052083333334e-05 7.812500000000002e-05
8 0.0008251953125 0.0008567708333333334 6.184895833333334e-05 0.00011458333333333334
9 0.0008821614583333333 0.0008750000000000001 2.44140625e-05 0.00013802083333333334
9 0.0009326171875 0.0008906250000000001 3.092447916666667e-05 0.00013802083333333334
9 0.0009847005208333335 0.0008437500000000001 2.9296875e-05 8.854166666666667e-05
9 0.0010139973958333333 0.0008880208333333334 2.2786458333333334e-05 0.00016145833333333336
9 0.0010432942708333334 0.0008880208333333334 1.6276041666666666e-05 0.0001510416666666667
9 0.0011116536458333334 0.0008645833333333334 2.2786458333333334e-05 0.00013020833333333336