8 0.0002410888671875 0.0008438110351562501 7.019042968750001e-05 5.1879882812500005e-05
8 0.000223541259765625 0.0008544921875 4.730224609375e-05 6.7138671875e-05
8 0.00048751831054687504 0.0009696960449218751 0.00027923583984375 0.00024261474609375
11 0.00033721923828125 0.00029602050781250003 6.40869140625e-05 0.0001739501953125
11 0.000560760498046875 0.00029754638671875 4.4250488281250005e-05 0.0001800537109375
8 0.00069732666015625 0.000838470458984375 0.0001068115234375 0.00013275146484375002
8 0.0007293701171875001 0.000838470458984375 4.8828125e-05 0.00011138916015625001
8 0.0008575439453125 0.00084686279296875 7.62939453125e-05 0.0001068115234375
7 0.00109405517578125 0.0009277343750000001 7.019042968750001e-05 0.0002471923828125
11 0.00116424560546875 0.000554656982421875 4.2724609375000004e-05 0.00012969970703125
8 0.0011749267578125 0.00081024169921875 4.2724609375000004e-05 0.00012512207031250002
8 0.0013099670410156251 0.000815582275390625 0.00014190673828125 9.918212890625e-05