8 0.0015617370605468751 0.0012023925781250002 0.00035552978515625 0.0005096435546875
8 0.00020294189453125 0.001093292236328125 0.00020141601562500002 0.00034942626953125003
8 0.000450897216796875 0.0009185791015625 0.00021514892578125002 0.00012512207031250002
8 0.000506591796875 0.00089263916015625 7.62939453125e-05 8.850097656250001e-05
8 0.000536346435546875 0.0008911132812500001 9.002685546875e-05 0.00010375976562500001
8 0.000661468505859375 0.0008987426757812501 0.00011749267578125 0.00014038085937500002
8 0.0008636474609375 0.000919342041015625 0.0001739501953125 0.00015411376953125002
8 0.000909423828125 0.00088043212890625 5.4931640625e-05 9.1552734375e-05
8 0.00101318359375 0.000926971435546875 0.0001068115234375 0.00016632080078125
8 0.0010963439941406251 0.0010238647460937501 0.00012664794921875 0.00033874511718750004
8 0.0014373779296875 0.00107574462890625 0.0004058837890625 0.000408935546875