14 9.1552734375e-05 0.0008392333984375 9.1552734375e-05 0.0002288818359375
8 0.00037078857421875 0.00081787109375 4.2724609375000004e-05 8.544921875000001e-05
8 0.000531768798828125 0.0008567810058593751 0.00019378662109375002 0.00016632080078125
8 0.0005691528320312501 0.00079345703125 4.2724609375000004e-05 6.7138671875e-05
10 0.000623321533203125 0.000476837158203125 4.119873046875e-05 9.918212890625e-05
8 0.0006645202636718751 0.000787353515625 4.730224609375e-05 5.7983398437500004e-05
8 0.000789642333984375 0.0007881164550781251 5.0354003906250004e-05 5.9509277343750005e-05
11 0.00086517333984375 0.00050506591796875 3.35693359375e-05 7.324218750000001e-05
8 0.000920867919921875 0.000820159912109375 9.002685546875e-05 8.392333984375e-05
11 0.0008636474609375 0.00048751831054687504 2.74658203125e-05 9.613037109375001e-05
11 0.001038360595703125 0.000629425048828125 2.8991699218750002e-05 7.781982421875001e-05
11 0.0010345458984375 0.0006355285644531251 2.44140625e-05 4.4250488281250005e-05
8 0.0015609741210937502 0.001171112060546875 0.0004974365234375 0.00050201416015625
8 0.0015609741210937502 0.000850677490234375 0.0001129150390625 0.00019989013671875002
11 0.0015609741210937502 0.000435638427734375 4.2724609375000004e-05 0.00015411376953125002