8 0.0015616861979166666 0.0009479166666666668 0.00012939453125 0.00019661458333333336
8 0.00016276041666666666 0.0007656250000000001 0.00012369791666666668 9.114583333333334e-05
8 0.00018880208333333333 0.0007552083333333334 4.2317708333333335e-05 7.812500000000002e-05
8 0.00023274739583333334 0.0007604166666666667 5.533854166666667e-05 7.031250000000001e-05
8 0.00031412760416666666 0.00078125 7.812500000000002e-05 9.114583333333334e-05
8 0.00035481770833333334 0.0007656250000000001 4.8828125e-05 8.333333333333334e-05
8 0.0004280598958333333 0.0007838541666666667 6.835937499999999e-05 9.895833333333334e-05
8 0.0004817708333333334 0.0007864583333333335 5.533854166666667e-05 7.031250000000001e-05
8 0.0005078125 0.0007942708333333334 7.975260416666667e-05 7.552083333333335e-05
8 0.0005436197916666666 0.0007734375000000001 5.208333333333334e-05 7.812500000000002e-05
11 0.0006819661458333333 0.0007265625000000001 1.9531250000000004e-05 3.6458333333333336e-05
8 0.0008268229166666667 0.0009140625000000002 0.00015462239583333333 0.00023958333333333337
11 0.0007779947916666667 0.0006875000000000002 1.7903645833333333e-05 4.687500000000001e-05
8 0.0009798177083333334 0.0008255208333333334 6.835937499999999e-05 8.333333333333334e-05
8 0.0011897786458333333 0.0008776041666666668 0.00010579427083333334 0.00012760416666666668
8 0.0011979166666666668 0.0008645833333333334 9.114583333333334e-05 0.00011979166666666669
8 0.0014485677083333334 0.0009505208333333335 0.00022460937499999998 0.00023958333333333337