9 0.0008512369791666666 0.0009583333333333335 6.34765625e-05 0.0002421875
9 0.0008772786458333334 0.0009713541666666668 5.208333333333334e-05 0.00024739583333333335
9 0.0008854166666666667 0.0009296875 5.533854166666667e-05 0.0002369791666666667
9 0.0008658854166666667 0.0009401041666666668 2.9296875e-05 0.00025
9 0.0009456380208333334 0.000953125 6.510416666666667e-05 0.0002708333333333334
8 0.0011344401041666668 0.0009062500000000002 0.00019856770833333334 0.0001979166666666667
8 0.0013688151041666668 0.0008020833333333335 0.00020670572916666667 0.00010416666666666667
9 0.0012955729166666669 0.0008749999999999999 4.069010416666667e-05 0.0001744791666666667
8 0.0014339192708333335 0.0007916666666666668 0.00015136718750000003 0.00010416666666666667
8 0.0015022786458333333 0.0007916666666666668 0.00014973958333333332 0.00010937500000000002
8 0.0014860026041666665 0.0008072916666666668 8.138020833333334e-05 0.00011979166666666669