8 0.0005273437499999999 0.0009713541666666668 0.00017740885416666667 0.0001953125
8 0.0007063802083333333 0.0009348958333333335 0.00011393229166666668 0.0001510416666666667
11 0.000634765625 0.0006718750000000002 1.6276041666666666e-05 3.906250000000001e-05
11 0.0006429036458333333 0.0006692708333333333 1.6276041666666666e-05 4.947916666666667e-05
11 0.0007063802083333333 0.0006875000000000001 1.6276041666666666e-05 4.166666666666667e-05
11 0.0007063802083333334 0.0006848958333333334 1.46484375e-05 3.6458333333333336e-05
11 0.0007845052083333333 0.0007682291666666667 1.9531250000000004e-05 4.687500000000001e-05
11 0.0007991536458333332 0.0007526041666666667 1.46484375e-05 5.468750000000001e-05
11 0.0007991536458333332 0.0007526041666666667 1.46484375e-05 5.208333333333334e-05
9 0.0008235677083333334 0.0008880208333333334 1.6276041666666666e-05 0.00010156250000000001
9 0.0008268229166666667 0.0008854166666666667 1.9531250000000004e-05 9.895833333333334e-05
9 0.00083984375 0.0008906250000000001 1.9531250000000004e-05 0.00010156250000000001
9 0.0008414713541666666 0.0008828125000000001 1.46484375e-05 0.00010156250000000001
9 0.0008675130208333333 0.0008854166666666667 2.2786458333333334e-05 0.00010156250000000001
9 0.0008675130208333333 0.0008828125000000001 1.9531250000000004e-05 0.00010416666666666667
9 0.0008854166666666667 0.0008854166666666667 2.1158854166666667e-05 0.00011979166666666669
9 0.0008870442708333334 0.0008828125000000001 1.7903645833333333e-05 0.00010416666666666667
8 0.0014290364583333334 0.0008515625000000001 0.00011881510416666666 0.00010156250000000001