8 0.0005340576171875 0.0012420654296875 0.0005340576171875 0.0005340576171875
9 0.00057525634765625 0.00093231201171875 4.2724609375000004e-05 0.000225830078125
9 0.0005706787109375 0.0009277343750000001 3.35693359375e-05 0.0001983642578125
9 0.0006050109863281251 0.000945281982421875 2.8991699218750002e-05 0.00023651123046875
8 0.000720977783203125 0.0008644104003906251 8.392333984375e-05 0.00010223388671875
9 0.000853729248046875 0.0008720397949218751 3.5095214843750004e-05 0.00014801025390625002
9 0.0008476257324218751 0.0008514404296875001 2.8991699218750002e-05 0.0001220703125
9 0.0009010314941406251 0.0008697509765625 3.5095214843750004e-05 0.000164794921875
10 0.0009315490722656251 0.0005523681640625 4.4250488281250005e-05 0.0001434326171875
9 0.000983428955078125 0.00089263916015625 4.4250488281250005e-05 0.0001953125
8 0.001558685302734375 0.001560211181640625 0.00036468505859375003 0.0006454467773437501
9 0.0013427734375 0.0008720397949218751 4.2724609375000004e-05 0.00020294189453125
9 0.001383209228515625 0.0008644104003906251 3.814697265625e-05 0.00021820068359375
9 0.0013900756835937501 0.00084686279296875 3.96728515625e-05 0.000213623046875
9 0.0014350891113281252 0.0008666992187500001 4.119873046875e-05 0.000213623046875
9 0.0014358520507812501 0.000872802734375 3.96728515625e-05 0.00023193359375000002
9 0.0014892578125000001 0.000882720947265625 5.1879882812500005e-05 0.00026092529296875
9 0.0015007019042968751 0.0008491516113281251 2.5939941406250003e-05 0.00021820068359375