9 0.00144775390625 0.0009557291666666668 5.0455729166666666e-05 0.00025
8 0.0003434244791666667 0.00096875 0.0003369140625 0.000265625
8 0.00047526041666666664 0.0008723958333333334 0.00015299479166666668 0.0001744791666666667
8 0.000498046875 0.0008828125000000001 0.00017415364583333334 0.00018489583333333335
8 0.0005924479166666667 0.0008333333333333334 7.975260416666667e-05 0.000125
8 0.0006005859375 0.0008229166666666668 8.30078125e-05 9.895833333333334e-05
8 0.0006168619791666667 0.0008281250000000001 3.906250000000001e-05 0.00011458333333333334
8 0.0007552083333333334 0.0008046875000000001 5.208333333333334e-05 8.333333333333334e-05
8 0.0007991536458333334 0.0008020833333333334 4.8828125e-05 7.031250000000001e-05
8 0.0009554036458333334 0.0008229166666666668 7.812500000000002e-05 0.00010416666666666667
8 0.0009261067708333333 0.0008177083333333334 4.2317708333333335e-05 0.00010937500000000002
8 0.0009635416666666666 0.0008437500000000001 4.557291666666667e-05 0.00012239583333333335
8 0.0010872395833333333 0.0008958333333333334 0.00013509114583333334 0.00017708333333333335
8 0.0014013671875 0.001015625 0.00031250000000000006 0.0003776041666666667