8 0.0015616861979166668 0.0008606770833333333 0.0001383463541666667 0.00010546875000000001
8 0.0003955078125 0.0008958333333333334 7.975260416666667e-05 9.635416666666668e-05
8 0.0003955078125 0.0008932291666666667 7.812500000000002e-05 9.114583333333334e-05
8 0.0005159505208333333 0.0008802083333333334 8.30078125e-05 8.593750000000001e-05
8 0.0005094401041666667 0.0008776041666666668 6.34765625e-05 7.552083333333335e-05
8 0.0005517578125 0.0008619791666666668 4.720052083333334e-05 6.510416666666668e-05
8 0.0005452473958333335 0.0008515625000000001 3.580729166666667e-05 4.687500000000001e-05
12 0.0006119791666666667 0.0007213541666666668 1.46484375e-05 4.687500000000001e-05
8 0.0007014973958333334 0.0008359375000000001 5.0455729166666666e-05 5.468750000000001e-05
12 0.0006689453125 0.0007343750000000001 1.6276041666666666e-05 5.468750000000001e-05
12 0.0007731119791666667 0.0007604166666666667 2.9296875e-05 5.729166666666667e-05
8 0.00126953125 0.0008281250000000001 0.00011230468749999999 7.291666666666667e-05