8 0.000244140625 0.0009307861328125 0.0001739501953125 0.0001373291015625
8 0.0004966735839843751 0.00087738037109375 9.918212890625e-05 5.1879882812500005e-05
14 0.00074005126953125 0.000867462158203125 0.00014038085937500002 9.613037109375001e-05
14 0.000731658935546875 0.000875091552734375 0.00012664794921875 0.00011138916015625001
12 0.0008224487304687501 0.00078582763671875 2.1362304687500002e-05 7.019042968750001e-05
8 0.00093231201171875 0.00084991455078125 7.324218750000001e-05 9.1552734375e-05
8 0.000966644287109375 0.00084686279296875 5.0354003906250004e-05 5.7983398437500004e-05
14 0.001029205322265625 0.00084686279296875 7.171630859375e-05 0.0001220703125
8 0.0010505676269531251 0.0008438110351562501 8.697509765625e-05 0.00012512207031250002
9 0.001245880126953125 0.0008575439453125 5.340576171875e-05 0.0001800537109375
9 0.0013031005859375 0.000868988037109375 6.40869140625e-05 0.00018463134765625002