8 0.00055694580078125 0.000844573974609375 5.1879882812500005e-05 5.9509277343750005e-05
8 0.0005035400390625 0.000861358642578125 5.7983398437500004e-05 7.171630859375e-05
8 0.00047225952148437504 0.0008796691894531251 5.9509277343750005e-05 8.087158203125001e-05
8 0.00042724609375 0.0008934020996093751 0.00010070800781250001 9.918212890625e-05
8 0.00034637451171875004 0.00093994140625 0.000128173828125 0.00014038085937500002
8 0.000170135498046875 0.001015472412109375 0.00016937255859375002 0.00030670166015625
10 4.9591064453125e-05 0.0006378173828125001 4.730224609375e-05 0.00015869140625
9 0.00087738037109375 0.000937652587890625 0.00011596679687500001 0.00018463134765625002
10 0.0008415222167968751 0.00057830810546875 5.645751953125e-05 0.000164794921875
9 0.0008262634277343751 0.0008857727050781251 3.5095214843750004e-05 0.00017242431640625
9 0.0009033203125 0.00090179443359375 5.4931640625e-05 0.0001800537109375
9 0.00104522705078125 0.000909423828125 0.0001373291015625 0.000213623046875
9 0.00138702392578125 0.000872802734375 6.7138671875e-05 0.0002471923828125