9 0.0015609741210937502 0.00112152099609375 0.0001312255859375 0.0005859375000000001
9 0.000287628173828125 0.00093231201171875 2.8991699218750002e-05 0.00017700195312500002
9 0.00031509399414062503 0.000937652587890625 3.204345703125e-05 0.00016632080078125
9 0.00031509399414062503 0.0009162902832031251 3.204345703125e-05 0.00013580322265625
8 0.00060272216796875 0.000904083251953125 7.324218750000001e-05 8.392333984375e-05
9 0.00059661865234375 0.00091705322265625 6.7138671875e-05 8.544921875000001e-05
9 0.00088653564453125 0.00091705322265625 4.2724609375000004e-05 0.00017700195312500002
9 0.000881195068359375 0.000914764404296875 3.204345703125e-05 0.00016937255859375002
9 0.00105743408203125 0.000945281982421875 4.2724609375000004e-05 0.00023956298828125002
9 0.0011199951171875 0.00098724365234375 6.7138671875e-05 0.0003021240234375
9 0.0011230468750000001 0.000978851318359375 6.7138671875e-05 0.00032501220703125
9 0.0011947631835937502 0.0009582519531250001 7.324218750000001e-05 0.000335693359375
9 0.0011955261230468751 0.000968170166015625 6.561279296875e-05 0.00034332275390625