8 0.00020141601562500002 0.001155853271484375 0.00020141601562500002 0.00047454833984375
14 0.00018234252929687502 0.000911712646484375 0.00018157958984375 0.00028839111328125003
8 0.00026550292968750003 0.000966644287109375 0.000164794921875 0.00017242431640625
8 0.00036544799804687504 0.000827789306640625 0.00018463134765625002 0.00019073486328125
14 0.000389862060546875 0.000896453857421875 0.00020294189453125 0.00023956298828125002
8 0.0006584167480468751 0.0012336730957031251 0.00041046142578125003 0.00052032470703125
14 0.0007308959960937501 0.0009765625 0.00020141601562500002 0.000299072265625
8 0.000737762451171875 0.00101470947265625 0.00012054443359375 0.0004058837890625
8 0.0008392333984375 0.00090179443359375 8.850097656250001e-05 0.00012512207031250002
8 0.0008529663085937501 0.000919342041015625 4.57763671875e-05 0.00017242431640625
8 0.00099945068359375 0.000945281982421875 0.0001678466796875 0.00023651123046875
8 0.00115814208984375 0.001010894775390625 0.0002716064453125 0.00027618408203125
14 0.001261138916015625 0.000905609130859375 0.00016632080078125 0.00029449462890625