8 0.0006803385416666668 0.0015000000000000002 0.0006803385416666668 0.0007786458333333334
8 0.00021321614583333338 0.0010182291666666668 0.0002099609375 0.0002291666666666667
9 0.0002099609375 0.0006744791666666667 2.2786458333333334e-05 4.947916666666667e-05
12 0.00025227864583333336 0.0006640625000000002 2.604166666666667e-05 8.333333333333334e-05
8 0.0007014973958333334 0.0009479166666666668 0.00012532552083333333 0.00018489583333333335
12 0.0008365885416666667 0.0006328125000000001 3.092447916666667e-05 0.00010677083333333335
9 0.0009586588541666669 0.0008802083333333334 2.7669270833333335e-05 0.00011979166666666669
9 0.0009928385416666666 0.0008802083333333334 3.255208333333333e-05 0.00011718750000000002
9 0.0010660807291666668 0.0009062500000000002 4.069010416666667e-05 0.00014843750000000002
8 0.0013818359375 0.0009427083333333335 0.00032389322916666667 0.00021093750000000002
9 0.0013362630208333334 0.0010208333333333334 6.835937499999999e-05 0.00037500000000000006
9 0.0014322916666666668 0.0010130208333333334 8.789062500000001e-05 0.00038020833333333336
9 0.0015608723958333336 0.0010104166666666668 4.720052083333334e-05 0.0003385416666666667