8 0.000102996826171875 0.00103759765625 0.00010223388671875 0.0002197265625
8 0.0015617370605468751 0.0011932373046875 0.00029754638671875 0.00041809082031250003
8 0.000260162353515625 0.0009765625 0.00017547607421875 0.00019226074218750002
8 0.0002593994140625 0.000995635986328125 0.000164794921875 0.00020904541015625002
8 0.00035705566406250003 0.000942230224609375 0.00011596679687500001 0.00016632080078125
8 0.00036849975585937503 0.000945281982421875 0.00011138916015625001 0.00017242431640625
8 0.00041351318359375 0.000914764404296875 7.62939453125e-05 0.00010223388671875
8 0.00050506591796875 0.00087738037109375 6.7138671875e-05 8.850097656250001e-05
8 0.0008491516113281251 0.000876617431640625 5.645751953125e-05 7.476806640625e-05
8 0.001154327392578125 0.00096893310546875 0.00018768310546875 0.00017700195312500002
8 0.0011306762695312501 0.0009819030761718751 0.000164794921875 0.00018157958984375
8 0.001349639892578125 0.0010543823242187501 0.00028839111328125003 0.00026550292968750003
8 0.001361083984375 0.001059722900390625 0.0002899169921875 0.00029754638671875