8 0.00023600260416666667 0.0010286458333333335 0.00023600260416666667 0.0005364583333333334
14 0.0004475911458333333 0.0008567708333333334 0.0003499348958333334 0.00042187500000000005
8 0.0005582682291666667 0.0008723958333333334 0.00013020833333333333 0.00020052083333333337
12 0.0005517578125000001 0.0006380208333333334 2.9296875e-05 5.208333333333334e-05
12 0.0005501302083333334 0.000640625 2.2786458333333334e-05 4.166666666666667e-05
8 0.0005859375000000001 0.0008281250000000001 3.255208333333333e-05 9.375000000000002e-05
8 0.000615234375 0.0008203125000000001 3.743489583333333e-05 9.375000000000002e-05
12 0.0006070963541666666 0.0006250000000000001 2.2786458333333334e-05 4.166666666666667e-05
12 0.0006038411458333333 0.0006354166666666667 1.9531250000000004e-05 4.4270833333333337e-05
8 0.0006868489583333334 0.0008333333333333335 8.626302083333333e-05 0.00011197916666666668
12 0.0006868489583333334 0.0006223958333333334 2.2786458333333334e-05 4.687500000000001e-05
12 0.0006884765625000001 0.0006302083333333334 2.2786458333333334e-05 4.4270833333333337e-05
12 0.0007470703125 0.0006276041666666668 3.092447916666667e-05 5.468750000000001e-05
8 0.0008138020833333335 0.0008385416666666668 9.27734375e-05 0.00010937500000000002
12 0.0007438151041666667 0.0006328125000000001 2.1158854166666667e-05 4.687500000000001e-05
12 0.0008675130208333333 0.0006822916666666667 1.9531250000000004e-05 4.166666666666667e-05
12 0.0010904947916666667 0.0006223958333333333 3.580729166666667e-05 5.729166666666667e-05
8 0.0013248697916666667 0.0007942708333333335 0.000126953125 0.00010937500000000002