8 0.00010375976562500001 0.0008338928222656251 9.46044921875e-05 7.476806640625e-05
11 0.00027923583984375 0.00036773681640625 4.8828125e-05 0.0001434326171875
11 0.00027923583984375 0.00036163330078125004 4.2724609375000004e-05 0.0001220703125
8 0.000382232666015625 0.00082550048828125 7.476806640625e-05 6.7138671875e-05
8 0.00052490234375 0.0008590698242187501 0.00010375976562500001 0.0001373291015625
11 0.000505828857421875 0.00036926269531250004 4.4250488281250005e-05 0.0001373291015625
11 0.0005081176757812501 0.000351715087890625 3.35693359375e-05 0.00011444091796875
8 0.00069732666015625 0.0007942199707031251 7.9345703125e-05 5.9509277343750005e-05
11 0.00070343017578125 0.00039901733398437503 3.96728515625e-05 0.00013580322265625
11 0.00069580078125 0.000385284423828125 3.0517578125e-05 0.00012969970703125
11 0.00109710693359375 0.000606536865234375 4.57763671875e-05 0.00011138916015625001
11 0.001090240478515625 0.0006050109863281251 3.204345703125e-05 0.00010223388671875