14 0.000156402587890625 0.000905609130859375 0.00015411376953125002 0.00016632080078125
8 0.000232696533203125 0.001062774658203125 0.00019683837890625 0.00028839111328125003
8 0.000705718994140625 0.0012756347656250001 0.00048675537109375003 0.0006744384765625
10 0.000510406494140625 0.0005706787109375 3.204345703125e-05 8.544921875000001e-05
10 0.000665283203125 0.000555419921875 3.96728515625e-05 8.850097656250001e-05
10 0.000662994384765625 0.00057220458984375 2.5939941406250003e-05 8.544921875000001e-05
8 0.0007728576660156251 0.0008438110351562501 3.204345703125e-05 6.7138671875e-05
8 0.0007598876953125001 0.000823211669921875 1.52587890625e-05 4.730224609375e-05
10 0.000789642333984375 0.0005706787109375 4.119873046875e-05 0.00010986328125
10 0.000783538818359375 0.0005523681640625 2.5939941406250003e-05 7.324218750000001e-05
8 0.000873565673828125 0.000875091552734375 0.00010833740234375001 9.307861328125001e-05
8 0.001016998291015625 0.0009391784667968751 7.171630859375e-05 0.00018157958984375
8 0.00153656005859375 0.00124664306640625 0.0005828857421875 0.00054931640625
10 0.0010772705078125001 0.0007156372070312501 3.0517578125e-05 8.544921875000001e-05
8 0.0015350341796875001 0.000858306884765625 0.00012512207031250002 9.307861328125001e-05
10 0.00150299072265625 0.000518798828125 7.9345703125e-05 0.0002288818359375
8 0.001535797119140625 0.0008705139160156251 0.00011138916015625001 0.00011749267578125