14 0.0001904296875 0.0008359375000000001 0.0001904296875 7.552083333333335e-05
9 7.486979166666667e-05 0.0009531250000000002 4.069010416666667e-05 0.00014062500000000002
9 7.161458333333333e-05 0.0009583333333333335 3.255208333333333e-05 0.0001510416666666667
8 0.0003483072916666667 0.0009973958333333334 0.00021809895833333336 0.00020052083333333337
12 0.0005794270833333334 0.0003541666666666667 5.533854166666667e-05 0.0001328125
8 0.0009228515625 0.0008958333333333334 0.00018229166666666667 0.00011458333333333334
12 0.0009635416666666666 0.0006171875000000001 4.3945312500000005e-05 0.00013802083333333334
12 0.0009602864583333334 0.0006015625000000001 2.7669270833333335e-05 0.00011458333333333334
8 0.0010791015625000002 0.0008697916666666667 0.00010253906250000001 0.00011458333333333334
9 0.0011067708333333335 0.0009479166666666668 5.859375e-05 0.00022656250000000004
9 0.0012109375 0.0009505208333333335 4.557291666666667e-05 0.00022656250000000004
9 0.0012613932291666667 0.0009505208333333335 4.8828125e-05 0.0002291666666666667
9 0.0013297526041666668 0.0009583333333333335 5.859375e-05 0.00025520833333333336
9 0.0013248697916666667 0.0009531250000000002 5.0455729166666666e-05 0.00024739583333333335
9 0.0014225260416666668 0.0009505208333333335 7.324218750000001e-05 0.0002942708333333334