8 0.0002490234375 0.0009036458333333334 0.00011230468749999999 0.00011718750000000002
8 0.0007698567708333333 0.0013359375 0.0005078125 0.0006406250000000001
12 0.0004541015625000001 0.0004739583333333334 2.9296875e-05 8.333333333333334e-05
12 0.00045898437500000003 0.0004765625000000001 3.092447916666667e-05 9.375000000000002e-05
12 0.0006233723958333333 0.0004947916666666667 2.2786458333333334e-05 9.114583333333334e-05
9 0.0009082031250000002 0.0008671875000000001 4.2317708333333335e-05 0.00011718750000000002
12 0.0008935546875 0.0006796875000000002 2.44140625e-05 8.333333333333334e-05
9 0.0008968098958333334 0.0008802083333333335 2.604166666666667e-05 0.00012760416666666668
9 0.0009065755208333333 0.0008645833333333334 2.1158854166666667e-05 0.00010937500000000002
9 0.0009342447916666667 0.0008489583333333334 3.092447916666667e-05 9.895833333333334e-05
7 0.0010774739583333333 0.0008932291666666667 6.184895833333334e-05 0.00016145833333333336
8 0.0014388020833333336 0.0008906250000000001 0.00027832031250000003 0.00013802083333333334
7 0.001259765625 0.0008307291666666667 7.649739583333334e-05 8.333333333333334e-05
8 0.0015576171875 0.0008697916666666668 0.00011555989583333335 0.0001354166666666667