8 0.000222015380859375 0.00102081298828125 0.00021209716796875 0.00026550292968750003
8 0.00023803710937500002 0.0009201049804687501 3.0517578125e-05 9.1552734375e-05
9 0.000283050537109375 0.0008567810058593751 3.204345703125e-05 6.561279296875e-05
9 0.000279998779296875 0.000859832763671875 2.5939941406250003e-05 5.9509277343750005e-05
8 0.000646209716796875 0.0009246826171875 0.00012054443359375 0.0001434326171875
8 0.000823974609375 0.000885009765625 9.1552734375e-05 0.00010986328125
9 0.000986480712890625 0.000867462158203125 4.4250488281250005e-05 7.476806640625e-05
9 0.000991058349609375 0.000882720947265625 4.119873046875e-05 7.781982421875001e-05
9 0.001003265380859375 0.0008331298828125 3.814697265625e-05 5.4931640625e-05
9 0.001045989990234375 0.000789642333984375 2.8991699218750002e-05 6.256103515625001e-05
9 0.001087188720703125 0.00078125 3.204345703125e-05 5.7983398437500004e-05
9 0.001090240478515625 0.0007766723632812501 3.204345703125e-05 7.019042968750001e-05
8 0.0015609741210937502 0.001273345947265625 0.0004913330078125 0.0006149291992187501
9 0.001280975341796875 0.0007171630859375 3.204345703125e-05 5.7983398437500004e-05