9 0.0015197753906250001 0.0009506225585937501 6.7138671875e-05 0.00029296875000000004
8 0.0001983642578125 0.00091705322265625 0.0001739501953125 0.00014648437500000002
8 0.000424957275390625 0.000836944580078125 5.340576171875e-05 6.561279296875e-05
8 0.000428009033203125 0.0008392333984375 5.340576171875e-05 5.7983398437500004e-05
8 0.000543975830078125 0.0008071899414062501 7.476806640625e-05 5.1879882812500005e-05
8 0.000621795654296875 0.0008338928222656251 5.340576171875e-05 6.561279296875e-05
14 0.00064239501953125 0.00081024169921875 7.019042968750001e-05 0.0001068115234375
12 0.0006622314453125001 0.0006774902343750001 2.1362304687500002e-05 5.4931640625e-05
8 0.000713348388671875 0.00081787109375 5.645751953125e-05 7.019042968750001e-05
14 0.0008056640625000001 0.0008110046386718751 7.324218750000001e-05 0.00012054443359375
8 0.000858306884765625 0.000859832763671875 9.918212890625e-05 0.00010223388671875
8 0.0012115478515625 0.0010086059570312501 0.0003204345703125 0.00035705566406250003
9 0.001558685302734375 0.001013946533203125 5.0354003906250004e-05 0.00038604736328125