8 0.0002799479166666667 0.0010351562500000003 0.00027913411458333333 0.0002955729166666667
8 0.0015616861979166666 0.0011289062500000001 0.00022054036458333333 0.0005885416666666668
8 0.0004248046875 0.0009583333333333335 0.0002099609375 0.0002682291666666667
8 0.0004443359375 0.0009635416666666668 0.00017740885416666667 0.00026302083333333337
8 0.0005143229166666667 0.0008906250000000001 0.00011230468749999999 0.0001953125
8 0.0005305989583333333 0.0008984375000000001 0.00010904947916666668 0.00018489583333333335
8 0.0005810546875000001 0.0008619791666666668 7.812500000000002e-05 0.0001354166666666667
8 0.0005875651041666667 0.0008593750000000001 8.138020833333334e-05 0.00014062500000000002
8 0.0006184895833333333 0.0008515625000000001 5.859375e-05 0.00011979166666666669
8 0.0010351562500000003 0.0008072916666666668 0.0001318359375 0.0001953125
8 0.0010856119791666666 0.0008802083333333334 0.00014322916666666667 0.00017708333333333335
8 0.0010709635416666667 0.0009114583333333335 0.00012044270833333335 0.00020052083333333337
8 0.0011409505208333334 0.0009348958333333335 9.27734375e-05 0.00021614583333333335
8 0.0013574218750000001 0.0009635416666666668 0.00024251302083333335 0.0002916666666666667