8 6.40869140625e-05 0.000815582275390625 6.40869140625e-05 9.613037109375001e-05
8 7.019042968750001e-05 0.0008247375488281251 7.019042968750001e-05 9.613037109375001e-05
8 0.000225830078125 0.0008148193359375001 0.0001312255859375 0.0001220703125
8 0.00034179687500000003 0.0007942199707031251 0.00010375976562500001 9.307861328125001e-05
12 0.000630950927734375 0.0005126953125 3.814697265625e-05 0.000128173828125
12 0.00062103271484375 0.0004890441894531251 2.74658203125e-05 9.613037109375001e-05
8 0.0009544372558593751 0.001067352294921875 0.00031890869140625003 0.00039520263671875003
12 0.00081024169921875 0.000476837158203125 3.35693359375e-05 9.613037109375001e-05
12 0.0010086059570312501 0.000518035888671875 3.0517578125e-05 9.613037109375001e-05
8 0.001560211181640625 0.0010810852050781251 0.00046844482421875004 0.00048370361328125004
12 0.001177215576171875 0.00065155029296875 3.814697265625e-05 0.00010986328125
12 0.001168060302734375 0.000632476806640625 2.5939941406250003e-05 7.781982421875001e-05