8 0.000249481201171875 0.000820159912109375 0.00010528564453125 7.781982421875001e-05
8 0.0002838134765625 0.000812530517578125 4.57763671875e-05 8.392333984375e-05
8 0.0005386352539062501 0.0008857727050781251 0.0002105712890625 0.00023651123046875
12 0.0005004882812500001 0.0006195068359375 3.35693359375e-05 8.544921875000001e-05
12 0.000505828857421875 0.0005935668945312501 3.204345703125e-05 5.1879882812500005e-05
8 0.0005889892578125 0.000848388671875 6.40869140625e-05 0.0001434326171875
8 0.0005859375000000001 0.00086517333984375 5.4931640625e-05 0.000164794921875
11 0.0005935668945312501 0.00060577392578125 2.74658203125e-05 6.7138671875e-05
11 0.0005920410156250001 0.0005996704101562501 2.44140625e-05 5.4931640625e-05
11 0.00066375732421875 0.0006164550781250001 2.74658203125e-05 7.019042968750001e-05
8 0.0007881164550781251 0.000899505615234375 0.00014495849609375 0.00019073486328125
11 0.000667572021484375 0.0006011962890625001 2.288818359375e-05 5.7983398437500004e-05
7 0.0008529663085937501 0.000844573974609375 3.96728515625e-05 0.00011749267578125
7 0.0008544921875 0.0008331298828125 3.96728515625e-05 0.0001373291015625
11 0.0008529663085937501 0.000698089599609375 2.1362304687500002e-05 4.730224609375e-05
11 0.0008872985839843751 0.000682830810546875 2.5939941406250003e-05 6.561279296875e-05
11 0.000897979736328125 0.0007041931152343751 2.8991699218750002e-05 0.00010223388671875
8 0.001349639892578125 0.000774383544921875 7.476806640625e-05 6.561279296875e-05
8 0.0013442993164062501 0.000791168212890625 6.40869140625e-05 9.918212890625e-05