14 0.00026692708333333337 0.0010260416666666669 0.00026692708333333337 0.0005729166666666668
8 0.0002864583333333334 0.0009114583333333335 6.673177083333334e-05 0.00010677083333333335
8 0.0002864583333333334 0.0009088541666666668 6.0221354166666675e-05 9.114583333333334e-05
8 0.0004866536458333333 0.0008906250000000001 6.835937499999999e-05 7.812500000000002e-05
8 0.0005403645833333333 0.0008359375000000001 6.184895833333334e-05 4.4270833333333337e-05
8 0.0009716796875 0.0012135416666666668 0.0004573567708333334 0.0005234375
8 0.0005924479166666667 0.0008515625000000001 7.161458333333333e-05 8.072916666666668e-05
8 0.0006005859375000001 0.0008463541666666668 2.44140625e-05 5.208333333333334e-05
12 0.0007080078125000001 0.0006953125000000002 1.7903645833333333e-05 5.468750000000001e-05
8 0.0010139973958333333 0.0007942708333333335 6.835937499999999e-05 6.510416666666668e-05
9 0.0011458333333333333 0.0008723958333333334 3.743489583333333e-05 0.00015364583333333335
9 0.0011490885416666667 0.0008776041666666667 3.580729166666667e-05 0.00015885416666666668