11 0.001535797119140625 0.00069732666015625 2.5939941406250003e-05 7.019042968750001e-05
8 0.00022735595703125 0.0010986328125 0.000225830078125 0.000335693359375
8 0.00020904541015625002 0.0009033203125 0.0001312255859375 0.00010375976562500001
8 0.000281524658203125 0.0009353637695312501 0.00012359619140625 0.00012512207031250002
8 0.00033035278320312503 0.000930023193359375 5.645751953125e-05 9.613037109375001e-05
8 0.00043334960937500003 0.000926971435546875 0.0001129150390625 0.00011138916015625001
8 0.0005340576171875 0.0009162902832031251 9.46044921875e-05 0.00011138916015625001
8 0.0005233764648437501 0.000926971435546875 8.23974609375e-05 0.00013275146484375002
8 0.000623321533203125 0.0009246826171875 9.613037109375001e-05 0.00012512207031250002
8 0.000665283203125 0.000911712646484375 4.8828125e-05 0.00010223388671875
8 0.00077056884765625 0.000897979736328125 9.46044921875e-05 9.307861328125001e-05
11 0.00072479248046875 0.0005538940429687501 3.96728515625e-05 0.00010375976562500001
8 0.00078887939453125 0.0008857727050781251 5.7983398437500004e-05 9.918212890625e-05
11 0.0008377075195312501 0.0006378173828125001 4.2724609375000004e-05 0.0001220703125
11 0.00082550048828125 0.0006355285644531251 2.44140625e-05 0.00010223388671875
8 0.0008934020996093751 0.000867462158203125 2.8991699218750002e-05 8.087158203125001e-05
8 0.00090789794921875 0.0008834838867187501 2.74658203125e-05 8.850097656250001e-05
8 0.001009368896484375 0.0009033203125 9.918212890625e-05 0.0001373291015625
8 0.001001739501953125 0.000861358642578125 2.8991699218750002e-05 9.307861328125001e-05
8 0.001045989990234375 0.0008857727050781251 4.4250488281250005e-05 0.00011138916015625001
8 0.001082611083984375 0.000867462158203125 5.645751953125e-05 9.918212890625e-05
8 0.0013641357421875 0.0010963439941406251 0.0003204345703125 0.00032806396484375
11 0.00112152099609375 0.000518035888671875 4.8828125e-05 0.00015106201171875