8 0.00020370483398437502 0.0009597778320312501 0.00015411376953125002 0.0001495361328125
8 0.000339508056640625 0.0009025573730468751 8.697509765625e-05 9.307861328125001e-05
8 0.00038833618164062504 0.0008857727050781251 5.645751953125e-05 7.781982421875001e-05
8 0.00047454833984375 0.0008857727050781251 9.765625e-05 0.00010223388671875
8 0.000473785400390625 0.0008911132812500001 7.781982421875001e-05 9.1552734375e-05
8 0.000508880615234375 0.0008743286132812501 4.4250488281250005e-05 7.019042968750001e-05
8 0.00052642822265625 0.000872802734375 5.7983398437500004e-05 7.324218750000001e-05
12 0.0006011962890625001 0.000708770751953125 1.52587890625e-05 4.730224609375e-05
12 0.000661468505859375 0.00072479248046875 1.678466796875e-05 5.4931640625e-05
8 0.00069427490234375 0.0008666992187500001 4.8828125e-05 7.019042968750001e-05
12 0.000777435302734375 0.00075836181640625 2.8991699218750002e-05 5.7983398437500004e-05
8 0.00139923095703125 0.000830841064453125 0.0001434326171875 8.087158203125001e-05
8 0.0014549255371093751 0.000823211669921875 5.9509277343750005e-05 7.781982421875001e-05