8 0.0001129150390625 0.000960540771484375 0.0001129150390625 0.00018157958984375
8 0.00033493041992187504 0.0009033203125 7.781982421875001e-05 0.00010375976562500001
8 0.000339508056640625 0.000890350341796875 7.781982421875001e-05 8.087158203125001e-05
8 0.000447845458984375 0.00087738037109375 5.9509277343750005e-05 7.019042968750001e-05
12 0.00044097900390625003 0.000508880615234375 3.35693359375e-05 0.00012054443359375
12 0.000438690185546875 0.00046539306640625 2.8991699218750002e-05 6.7138671875e-05
8 0.000640106201171875 0.0008666992187500001 5.340576171875e-05 7.019042968750001e-05
11 0.000621795654296875 0.0005035400390625 2.5939941406250003e-05 5.7983398437500004e-05
11 0.0006278991699218751 0.000495147705078125 2.8991699218750002e-05 9.307861328125001e-05
8 0.0006965637207031251 0.000859832763671875 4.119873046875e-05 6.256103515625001e-05
8 0.0007843017578125001 0.0008880615234375 4.2724609375000004e-05 8.850097656250001e-05
11 0.0007995605468750001 0.000533294677734375 4.57763671875e-05 0.00011444091796875
11 0.0007881164550781251 0.000528717041015625 2.8991699218750002e-05 6.256103515625001e-05
8 0.0009048461914062501 0.0009429931640625001 0.00014648437500000002 0.00015869140625
8 0.0009315490722656251 0.00087738037109375 3.5095214843750004e-05 9.1552734375e-05
8 0.0009750366210937501 0.0008911132812500001 4.8828125e-05 0.00010375976562500001
8 0.001067352294921875 0.00089569091796875 0.00010528564453125 0.00010375976562500001
8 0.0010620117187500001 0.000888824462890625 0.00010070800781250001 8.392333984375e-05
8 0.00110931396484375 0.000713348388671875 3.0517578125e-05 0.00011138916015625001
11 0.0011116027832031251 0.0007110595703125 3.204345703125e-05 5.4931640625e-05
8 0.00129547119140625 0.0009429931640625001 0.000213623046875 0.0001800537109375