8 0.0015617370605468751 0.00114288330078125 0.00013580322265625 0.00040283203125000003
8 0.0002593994140625 0.0009765625 0.0002593994140625 0.0002532958984375
8 0.00013656616210937502 0.00109405517578125 0.00013580322265625 0.00032348632812500004
8 0.00034637451171875004 0.000914764404296875 0.00011901855468750001 0.00015411376953125002
8 0.000341033935546875 0.000919342041015625 7.781982421875001e-05 0.00014801025390625002
8 0.00041351318359375 0.000804901123046875 0.0001434326171875 0.00010223388671875
8 0.00041046142578125003 0.0007965087890625 9.46044921875e-05 8.544921875000001e-05
8 0.00039825439453125 0.0008987426757812501 7.324218750000001e-05 0.00010986328125
8 0.0004058837890625 0.00091094970703125 6.7138671875e-05 0.0001220703125
8 0.000463104248046875 0.0008819580078125001 9.002685546875e-05 0.00015563964843750002
8 0.00046844482421875004 0.0008666992187500001 5.4931640625e-05 0.00012512207031250002
8 0.00051422119140625 0.0008575439453125 5.4931640625e-05 9.1552734375e-05
8 0.000518798828125 0.0008491516113281251 5.1879882812500005e-05 9.307861328125001e-05
8 0.0005386352539062501 0.0008331298828125 4.8828125e-05 9.1552734375e-05
8 0.000569915771484375 0.000838470458984375 3.5095214843750004e-05 9.918212890625e-05
14 0.0005935668945312501 0.00083160400390625 4.8828125e-05 0.000164794921875
14 0.000823974609375 0.000820159912109375 0.00011596679687500001 0.00022125244140625
8 0.00093231201171875 0.000820159912109375 8.850097656250001e-05 0.00010223388671875
8 0.001000213623046875 0.0008514404296875001 8.392333984375e-05 0.000128173828125
8 0.001129150390625 0.00096893310546875 0.0001434326171875 0.00016174316406250002
8 0.00106658935546875 0.000859832763671875 7.019042968750001e-05 0.00015411376953125002
8 0.001151275634765625 0.000835418701171875 0.00012359619140625 9.307861328125001e-05
8 0.001255035400390625 0.000951385498046875 0.00013275146484375002 0.00022430419921875002
8 0.00144805908203125 0.00114898681640625 0.0002685546875 0.00034179687500000003
8 0.0014396667480468751 0.000930023193359375 0.00023956298828125002 0.00021820068359375