8 0.00010091145833333333 0.0007500000000000001 0.00010091145833333333 0.0001354166666666667
8 0.00015787760416666668 0.0007526041666666667 6.835937499999999e-05 0.00013020833333333336
8 0.00020182291666666667 0.0007473958333333334 7.486979166666666e-05 0.00014062500000000002
8 0.000302734375 0.0007838541666666667 0.00013509114583333334 0.00014062500000000002
8 0.00033203125 0.0007708333333333334 9.27734375e-05 9.635416666666668e-05
8 0.0004703776041666667 0.0007421875000000001 9.440104166666668e-05 9.895833333333334e-05
8 0.00048014322916666664 0.0007500000000000001 8.626302083333333e-05 9.114583333333334e-05
12 0.000673828125 0.0006718750000000001 1.9531250000000004e-05 3.6458333333333336e-05
8 0.0008528645833333335 0.0008932291666666667 0.00014648437500000002 0.0002421875
13 0.0007877604166666666 0.0006406250000000001 1.6276041666666666e-05 4.687500000000001e-05
8 0.0010237630208333336 0.0007942708333333335 7.812500000000002e-05 8.072916666666668e-05
8 0.001142578125 0.0008489583333333335 0.00011555989583333335 0.000125
8 0.0011686197916666668 0.0008046875000000001 5.208333333333334e-05 7.552083333333335e-05
8 0.0012972005208333334 0.0008333333333333335 0.00010253906250000001 0.00011197916666666668
8 0.0013004557291666668 0.0008333333333333334 9.928385416666667e-05 0.00010937500000000002
8 0.0013850911458333332 0.0008255208333333334 8.138020833333334e-05 9.895833333333334e-05
8 0.001474609375 0.0008359375000000001 8.951822916666667e-05 8.854166666666667e-05