8 5.208333333333334e-05 0.0012135416666666668 5.208333333333334e-05 0.00017968750000000002
8 9.27734375e-05 0.0011432291666666667 5.208333333333334e-05 0.00010416666666666667
8 0.00013346354166666669 0.0011666666666666668 6.998697916666667e-05 0.0001354166666666667
8 0.00027018229166666667 0.0011588541666666668 0.000126953125 0.00012239583333333335
8 0.00032226562500000007 0.0011380208333333335 6.835937499999999e-05 0.00010416666666666667
8 0.00031250000000000006 0.0011380208333333335 4.557291666666667e-05 0.00010677083333333335
8 0.0008528645833333335 0.0011119791666666667 5.371093750000001e-05 9.114583333333334e-05
8 0.0008626302083333334 0.001111979166666667 6.0221354166666675e-05 7.812500000000002e-05
8 0.0008984375000000001 0.0011276041666666667 5.208333333333334e-05 0.00010677083333333335
8 0.0009619140625 0.0011536458333333336 9.114583333333334e-05 0.00011979166666666669
8 0.0009716796875 0.0011484375000000002 9.928385416666667e-05 0.00012239583333333335
8 0.0011360677083333333 0.0012083333333333334 0.00017740885416666667 0.00017708333333333335
8 0.0013264973958333334 0.0012161458333333336 0.00017740885416666667 0.00017187500000000002
8 0.0015104166666666666 0.0012187500000000002 0.00019856770833333334 0.00016927083333333334