14 0.00019760131835937502 0.0008934020996093751 0.00019683837890625 0.00027923583984375
8 0.00026092529296875 0.0009635925292968751 0.00016174316406250002 0.00017242431640625
8 0.00038375854492187503 0.000853729248046875 0.00020599365234375 0.00020294189453125
8 0.00066680908203125 0.0012420654296875 0.00044555664062500004 0.0005340576171875
8 0.000722503662109375 0.00098114013671875 0.00024566650390625 0.000408935546875
8 0.000737762451171875 0.00101470947265625 0.00012054443359375 0.0004058837890625
8 0.00084991455078125 0.0009086608886718751 9.765625e-05 0.00012969970703125
8 0.0008529663085937501 0.000919342041015625 4.57763671875e-05 0.00017242431640625
8 0.0009712219238281251 0.000945281982421875 0.00014190673828125 0.00024261474609375
8 0.0011566162109375 0.0010101318359375 0.0002716064453125 0.00028076171875000003
14 0.0012565612792968751 0.0009010314941406251 0.00017242431640625 0.00030670166015625
8 0.001258087158203125 0.000890350341796875 0.00016326904296875002 0.00027618408203125