8 5.0455729166666666e-05 0.0010520833333333335 5.0455729166666666e-05 0.0002135416666666667
8 0.00019856770833333334 0.0010364583333333335 0.00015136718750000003 0.0002369791666666667
8 0.0006803385416666668 0.0012864583333333337 0.0004622395833333334 0.0006718750000000002
8 0.0007242838541666667 0.0009869791666666666 5.371093750000001e-05 0.00020312500000000002
8 0.000771484375 0.0008567708333333334 6.34765625e-05 9.114583333333334e-05
8 0.00076171875 0.0008671875000000001 4.8828125e-05 0.00010937500000000002
11 0.0008105468750000001 0.0007265625000000001 1.7903645833333333e-05 5.468750000000001e-05
8 0.0008740234375 0.0009817708333333334 4.8828125e-05 0.00021875000000000003
8 0.0011376953124999998 0.0010286458333333335 0.00027018229166666667 0.0003020833333333334
9 0.0015462239583333333 0.000984375 0.0001171875 0.00038802083333333337
9 0.0015445963541666668 0.000984375 0.00010579427083333334 0.0003854166666666667