14 0.00019607543945312502 0.0008575439453125 0.00019378662109375002 0.00012512207031250002
9 0.00018463134765625002 0.000890350341796875 3.35693359375e-05 0.00012969970703125
9 0.00019378662109375002 0.000881195068359375 4.2724609375000004e-05 0.00012054443359375
9 0.00030364990234375003 0.0008743286132812501 3.35693359375e-05 0.00012512207031250002
12 0.000579833984375 0.00034561157226562503 3.96728515625e-05 0.00013275146484375002
12 0.000960540771484375 0.00059814453125 4.4250488281250005e-05 0.0001373291015625
12 0.0009559631347656251 0.000576019287109375 2.5939941406250003e-05 9.918212890625e-05
8 0.0010734558105468751 0.000838470458984375 0.00013580322265625 9.307861328125001e-05
9 0.0010200500488281251 0.0008819580078125001 4.119873046875e-05 0.0001739501953125
9 0.00107574462890625 0.000843048095703125 2.74658203125e-05 0.00013275146484375002
9 0.001137542724609375 0.00088043212890625 4.4250488281250005e-05 0.00016174316406250002
9 0.0012985229492187501 0.000949859619140625 7.62939453125e-05 0.00027618408203125
9 0.001288604736328125 0.000959014892578125 5.340576171875e-05 0.00027618408203125
9 0.00147552490234375 0.00095672607421875 6.7138671875e-05 0.00030517578125