8 0.0015594482421875 0.0012237548828125 0.000482177734375 0.0005584716796875
8 8.392333984375e-05 0.000974273681640625 8.23974609375e-05 0.00016937255859375002
8 7.781982421875001e-05 0.001000213623046875 7.62939453125e-05 0.00020599365234375
8 0.00015029907226562502 0.0009483337402343751 8.697509765625e-05 0.00014801025390625002
8 0.00038070678710937504 0.00089263916015625 9.613037109375001e-05 0.0001068115234375
8 0.0006164550781250001 0.0009796142578125 0.00018615722656250002 0.0002288818359375
8 0.000746917724609375 0.000909423828125 0.00014801025390625002 0.00014038085937500002
8 0.000890350341796875 0.000949859619140625 0.00014801025390625002 0.00022125244140625
8 0.000873565673828125 0.000960540771484375 5.645751953125e-05 0.00016632080078125
8 0.000986480712890625 0.001025390625 0.00013275146484375002 0.0003204345703125
8 0.0011383056640625001 0.001078033447265625 0.0001800537109375 0.00040435791015625