12 0.00025716145833333336 0.0002447916666666667 0.00025716145833333336 0.0002447916666666667
8 0.00017252604166666667 0.0008437500000000001 8.463541666666667e-05 7.031250000000001e-05
8 0.000166015625 0.0008697916666666668 5.859375e-05 8.072916666666668e-05
8 0.00017903645833333335 0.0008046875000000001 6.510416666666667e-05 4.947916666666667e-05
8 0.0003483072916666667 0.0008359375000000001 0.00015950520833333333 9.895833333333334e-05
8 0.0005143229166666667 0.0008776041666666667 0.00014973958333333332 0.00013020833333333336
8 0.0006250000000000001 0.0008567708333333334 0.00011230468749999999 0.00011718750000000002
8 0.0007194010416666667 0.0008020833333333334 5.533854166666667e-05 6.25e-05
8 0.0007080078125 0.0008072916666666668 4.3945312500000005e-05 5.468750000000001e-05
8 0.0007649739583333334 0.0008072916666666668 5.0455729166666666e-05 6.510416666666668e-05
8 0.0008805338541666668 0.0008020833333333335 4.069010416666667e-05 6.510416666666668e-05
8 0.0008740234375 0.0007994791666666668 3.092447916666667e-05 6.770833333333334e-05
10 0.0009065755208333333 0.0006119791666666667 3.743489583333333e-05 9.635416666666668e-05
8 0.0009130859375 0.0008072916666666668 4.3945312500000005e-05 7.552083333333335e-05
8 0.000986328125 0.0008281250000000001 7.812500000000002e-05 0.00010416666666666667
8 0.0009879557291666667 0.0008098958333333334 6.510416666666667e-05 7.552083333333335e-05
8 0.0010628255208333334 0.0008385416666666668 0.00010253906250000001 0.0001328125
10 0.0010319010416666666 0.0005911458333333334 2.44140625e-05 6.770833333333334e-05
11 0.0011474609375 0.0006901041666666668 2.604166666666667e-05 7.812500000000002e-05
9 0.0012044270833333334 0.0008020833333333335 3.743489583333333e-05 0.00010156250000000001
12 0.0012906901041666668 0.00021093750000000002 7.812500000000002e-05 0.00018229166666666667
10 0.0012711588541666667 0.00019010416666666668 4.2317708333333335e-05 0.00014583333333333335
8 0.0014013671875 0.0008854166666666667 0.00011555989583333335 0.00017708333333333335
9 0.0015071614583333332 0.0008125000000000001 3.906250000000001e-05 0.0001510416666666667
9 0.0015055338541666667 0.0008203125000000001 3.580729166666667e-05 0.00012239583333333335