8 0.0002360026041666667 0.0008854166666666668 9.765625e-05 8.072916666666668e-05
8 0.00029622395833333334 0.0008750000000000001 5.208333333333334e-05 8.854166666666667e-05
8 0.00040690104166666674 0.0008880208333333334 0.00010579427083333334 0.00012760416666666668
8 0.00046875 0.0008567708333333335 6.34765625e-05 8.072916666666668e-05
8 0.0007633463541666667 0.0010052083333333334 0.0001953125 0.00028906250000000004
8 0.0012483723958333333 0.0008958333333333334 0.00015950520833333333 0.0001510416666666667
9 0.0011409505208333334 0.0009088541666666668 4.069010416666667e-05 0.00017708333333333335
9 0.0011328125 0.0009062500000000002 3.255208333333333e-05 0.0001666666666666667
9 0.0011523437500000002 0.0008932291666666668 2.44140625e-05 0.0001432291666666667
8 0.0015332031250000003 0.0009192708333333335 0.00025390625 0.00020312500000000002
8 0.0014388020833333334 0.0009062500000000002 0.00015787760416666668 0.00018750000000000003