12 0.0002593994140625 0.0002471923828125 0.0002593994140625 0.0002471923828125
8 0.000231170654296875 0.0009483337402343751 0.00023040771484375002 0.00025482177734375
8 0.00025482177734375 0.00091705322265625 0.00015563964843750002 0.00021667480468750002
8 0.00036468505859375003 0.000852203369140625 0.00011901855468750001 0.00013580322265625
8 0.000554656982421875 0.00081787109375 0.00012664794921875 0.00010375976562500001
8 0.00060272216796875 0.0008644104003906251 9.1552734375e-05 9.613037109375001e-05
8 0.0007560729980468751 0.0008026123046875 5.9509277343750005e-05 7.019042968750001e-05
10 0.000907135009765625 0.0006111145019531251 3.814697265625e-05 9.613037109375001e-05
8 0.000936126708984375 0.000800323486328125 5.0354003906250004e-05 8.392333984375e-05
8 0.00093231201171875 0.0007995605468750001 4.2724609375000004e-05 8.850097656250001e-05
8 0.0009857177734375001 0.0008148193359375001 7.62939453125e-05 8.544921875000001e-05
8 0.000980377197265625 0.0008026123046875 6.561279296875e-05 7.324218750000001e-05
8 0.001016998291015625 0.00078887939453125 3.5095214843750004e-05 5.1879882812500005e-05
8 0.00101165771484375 0.00080413818359375 2.74658203125e-05 8.850097656250001e-05
10 0.0010314941406250001 0.0005882263183593751 2.44140625e-05 6.561279296875e-05
8 0.00110931396484375 0.0008575439453125 0.00010070800781250001 0.00014648437500000002
8 0.001105499267578125 0.0008331298828125 8.697509765625e-05 0.00010375976562500001
8 0.0012420654296875 0.000904083251953125 0.00016174316406250002 0.00019073486328125
11 0.001146697998046875 0.0006874084472656251 2.5939941406250003e-05 7.781982421875001e-05
13 0.0012901306152343752 0.00021133422851562502 7.781982421875001e-05 0.00018157958984375
10 0.0012710571289062502 0.00019073486328125 4.2724609375000004e-05 0.00014648437500000002
8 0.0013931274414062502 0.0008880615234375 0.00011596679687500001 0.00017700195312500002
9 0.001415252685546875 0.0008148193359375001 3.5095214843750004e-05 0.0001220703125
9 0.0015571594238281252 0.000843048095703125 4.730224609375e-05 0.00014801025390625002
9 0.00155487060546875 0.000875091552734375 3.96728515625e-05 0.00020599365234375