8 0.00013020833333333336 0.0009427083333333333 8.463541666666667e-05 0.00012760416666666668
8 0.0002490234375 0.0009427083333333335 0.00013509114583333334 0.00013802083333333334
8 0.0003678385416666667 0.0009322916666666668 0.000126953125 0.00011718750000000002
14 0.0004280598958333334 0.0008932291666666668 0.000126953125 0.00018750000000000003
10 0.00040690104166666674 0.00045833333333333343 3.743489583333333e-05 0.00011458333333333334
11 0.00040690104166666663 0.0004635416666666666 3.092447916666667e-05 0.00011718750000000002
8 0.0005338541666666667 0.0009453125 0.00012532552083333333 0.00016406250000000004
8 0.0007177734375 0.0009921875000000002 0.00017252604166666667 0.00021614583333333335
11 0.0006119791666666667 0.0004687500000000001 4.069010416666667e-05 0.00011458333333333334
10 0.0006119791666666667 0.00047916666666666664 3.743489583333333e-05 0.00011718750000000002
9 0.0007682291666666667 0.0009010416666666667 3.580729166666667e-05 0.00011979166666666669
9 0.0007617187500000001 0.0008958333333333334 2.604166666666667e-05 8.593750000000001e-05
10 0.0009244791666666668 0.0007109375000000001 4.2317708333333335e-05 0.000125
9 0.0010172526041666667 0.0009375 3.906250000000001e-05 0.00016145833333333336
9 0.0010595703125 0.0009322916666666668 4.2317708333333335e-05 0.0001666666666666667
9 0.0010742187499999999 0.0009322916666666668 2.1158854166666667e-05 0.00016406250000000004
9 0.0011083984375 0.0009375000000000002 4.8828125e-05 0.0001666666666666667
7 0.001212565104166667 0.0009713541666666668 6.510416666666667e-05 0.00023177083333333337
7 0.0012027994791666667 0.000953125 5.533854166666667e-05 0.00021093750000000002
9 0.0012190755208333333 0.000953125 3.255208333333333e-05 0.00019010416666666668
9 0.0012679036458333333 0.0009557291666666668 4.8828125e-05 0.0002135416666666667
9 0.0014567057291666667 0.0008645833333333334 4.3945312500000005e-05 0.00010937500000000002