8 6.9427490234375e-05 0.001019287109375 6.866455078125e-05 0.000225830078125
8 0.000194549560546875 0.000986480712890625 0.00014190673828125 0.00018157958984375
8 0.00019683837890625 0.000968170166015625 0.0001373291015625 0.00014801025390625002
8 0.00034561157226562503 0.0009368896484375001 0.00013885498046875 0.0001434326171875
14 0.000559234619140625 0.0008720397949218751 9.613037109375001e-05 0.00014801025390625002
8 0.0005844116210937501 0.0008934020996093751 7.324218750000001e-05 6.561279296875e-05
8 0.000726318359375 0.0008911132812500001 9.765625e-05 0.000128173828125
8 0.0008087158203125 0.000867462158203125 4.57763671875e-05 9.918212890625e-05
8 0.00086517333984375 0.0008857727050781251 7.324218750000001e-05 0.00013275146484375002
8 0.0008872985839843751 0.00091094970703125 6.561279296875e-05 0.0001434326171875
8 0.0010086059570312501 0.000937652587890625 0.0001495361328125 0.00018157958984375