9 0.000634765625 0.00091552734375 2.1362304687500002e-05 9.1552734375e-05
9 0.0006149291992187501 0.00091094970703125 1.8310546875000003e-05 8.850097656250001e-05
9 0.0005935668945312501 0.0009124755859375001 2.1362304687500002e-05 8.23974609375e-05
8 0.000408172607421875 0.0009353637695312501 8.087158203125001e-05 8.544921875000001e-05
9 0.0004058837890625 0.0009368896484375001 6.7138671875e-05 8.544921875000001e-05
9 0.0007194519042968751 0.0009201049804687501 3.204345703125e-05 0.0001434326171875
9 0.00071868896484375 0.0009246826171875 2.74658203125e-05 0.000128173828125
9 0.000751495361328125 0.00091705322265625 3.204345703125e-05 0.0001373291015625
9 0.0007461547851562501 0.00091094970703125 2.44140625e-05 0.00014038085937500002
9 0.0007919311523437501 0.0009246826171875 4.2724609375000004e-05 0.00016174316406250002
9 0.000787353515625 0.0009216308593750001 3.35693359375e-05 0.00015869140625
8 0.0015617370605468751 0.0009979248046875 0.00035552978515625 0.0003021240234375