8 5.7983398437500004e-05 0.00100250244140625 5.7983398437500004e-05 0.0001220703125
8 0.000145721435546875 0.001007843017578125 0.00014190673828125 0.00016937255859375002
8 0.000138092041015625 0.001013946533203125 7.781982421875001e-05 0.00015411376953125002
8 0.00030975341796875 0.000926971435546875 0.0001739501953125 0.00013275146484375002
8 0.00021667480468750002 0.00100555419921875 7.324218750000001e-05 0.0001373291015625
8 0.000301361083984375 0.000905609130859375 0.00012664794921875 0.00011138916015625001
8 0.00025405883789062503 0.0009819030761718751 5.0354003906250004e-05 9.307861328125001e-05
8 0.00040130615234375 0.000909423828125 0.0001220703125 8.850097656250001e-05
8 0.00035324096679687503 0.0009819030761718751 6.561279296875e-05 0.00012969970703125
14 0.0007965087890625 0.001116180419921875 0.00038452148437500004 0.00080413818359375
9 0.0008705139160156251 0.0009895324707031251 3.814697265625e-05 0.00019073486328125
9 0.0008895874023437501 0.000994873046875 2.74658203125e-05 0.0001800537109375
9 0.00123138427734375 0.0008781433105468751 6.40869140625e-05 9.613037109375001e-05
9 0.0015594482421875 0.00099945068359375 3.96728515625e-05 0.00026550292968750003