8 0.0015616861979166666 0.0014661458333333336 9.847005208333333e-05 0.0008463541666666668
8 7.568359375e-05 0.0009557291666666668 7.486979166666666e-05 0.00017708333333333335
9 5.696614583333333e-05 0.0009713541666666668 3.906250000000001e-05 0.00020052083333333337
8 0.000263671875 0.0009322916666666668 0.0001383463541666667 0.00013802083333333334
8 0.00025390625 0.0009166666666666669 0.00012044270833333335 0.00010937500000000002
8 0.00031575520833333336 0.0008932291666666668 5.533854166666667e-05 8.072916666666668e-05
8 0.0006901041666666667 0.0011145833333333335 0.00029296875000000004 0.0003854166666666667
8 0.0009570312500000001 0.0009375 7.324218750000001e-05 0.00014843750000000002
8 0.0010725911458333334 0.0009895833333333334 0.00013020833333333333 0.00024739583333333335
8 0.0010628255208333334 0.0009765625 0.00011555989583333335 0.00020833333333333335
8 0.0012825520833333335 0.0010520833333333335 0.00023600260416666667 0.00040625000000000004
8 0.0011995442708333335 0.0010260416666666669 0.00014485677083333334 0.0003463541666666667
8 0.0014632161458333333 0.0011640625 0.000263671875 0.00040625000000000004