8 0.00040690104166666674 0.0007421875000000001 6.510416666666667e-05 5.9895833333333344e-05
8 0.00038899739583333337 0.0007604166666666667 4.2317708333333335e-05 6.510416666666668e-05
8 0.0004280598958333334 0.0007421875000000001 2.9296875e-05 5.208333333333334e-05
8 0.0004817708333333333 0.0007500000000000001 3.743489583333333e-05 5.208333333333334e-05
8 0.0004915364583333333 0.0007578125000000001 4.2317708333333335e-05 6.25e-05
8 0.0005598958333333334 0.0007578125 5.533854166666667e-05 6.510416666666668e-05
8 0.0005501302083333334 0.0007656250000000001 4.2317708333333335e-05 6.770833333333334e-05
8 0.0005794270833333334 0.0007369791666666667 2.9296875e-05 4.4270833333333337e-05
8 0.0008479817708333334 0.0007838541666666667 6.673177083333334e-05 6.770833333333334e-05
8 0.0009456380208333334 0.0007890625 7.324218750000001e-05 8.072916666666668e-05
12 0.0010400390625 0.0006432291666666667 2.1158854166666667e-05 3.6458333333333336e-05
12 0.0010367838541666668 0.0006744791666666668 1.7903645833333333e-05 6.25e-05
8 0.0010888671875 0.0007421875 4.720052083333334e-05 4.166666666666667e-05
7 0.001083984375 0.0007942708333333334 3.092447916666667e-05 7.812500000000002e-05