8 0.0005037434895833334 0.0008606770833333335 5.777994791666667e-05 7.161458333333335e-05
8 0.00047281901041666663 0.0008789062500000002 5.940755208333333e-05 8.072916666666668e-05
8 0.00042724609375 0.0008932291666666667 0.00010091145833333333 9.895833333333334e-05
8 0.00034667968750000004 0.0009401041666666669 0.00012776692708333333 0.00014062500000000002
10 4.8828125e-05 0.0006380208333333334 4.720052083333334e-05 0.00015364583333333335
9 0.00012532552083333335 0.0008177083333333335 1.9531250000000004e-05 3.125e-05
9 0.00023600260416666667 0.0009609375000000002 4.720052083333334e-05 0.00020052083333333337
9 0.0006982421875000001 0.0008333333333333334 1.7903645833333333e-05 5.729166666666667e-05
8 0.0008333333333333334 0.0008932291666666667 8.789062500000001e-05 0.00014583333333333335
10 0.00083984375 0.0005807291666666668 5.533854166666667e-05 0.00015885416666666668
9 0.0009847005208333335 0.0008828125000000001 5.208333333333334e-05 0.00017968750000000002
9 0.0009847005208333333 0.0008854166666666668 4.3945312500000005e-05 0.00018489583333333335
9 0.0010579427083333335 0.0008984375000000001 8.30078125e-05 0.00017968750000000002
9 0.0010270182291666665 0.0008776041666666667 3.743489583333333e-05 0.00014843750000000002
9 0.0011181640625000002 0.0008854166666666667 7.812500000000002e-05 0.00020833333333333335
9 0.0010953776041666666 0.0008697916666666667 4.557291666666667e-05 0.00017708333333333335
9 0.0013704427083333333 0.0008645833333333334 5.371093750000001e-05 0.0002291666666666667