10 0.0004720052083333334 0.0006901041666666668 2.9296875e-05 8.854166666666667e-05
8 0.0008333333333333334 0.0010911458333333335 0.0002718098958333333 0.00036718750000000006
11 0.0007486979166666666 0.0006979166666666668 1.9531250000000004e-05 7.812500000000002e-05
9 0.0010709635416666667 0.0008619791666666667 3.255208333333333e-05 0.00010416666666666667
9 0.0010677083333333333 0.0008828125000000001 2.1158854166666667e-05 0.00011197916666666668
9 0.0010953776041666666 0.0008776041666666668 2.1158854166666667e-05 0.00010937500000000002
9 0.0010986328125 0.0008854166666666668 2.2786458333333334e-05 0.00010937500000000002
9 0.0012792968750000003 0.0008255208333333334 2.7669270833333335e-05 0.00010677083333333335
9 0.0012809244791666665 0.0008593750000000001 2.604166666666667e-05 0.00013802083333333334
9 0.0013102213541666668 0.0008541666666666667 2.7669270833333335e-05 0.00014583333333333335
9 0.0013248697916666667 0.0008697916666666668 3.580729166666667e-05 0.0001510416666666667
9 0.0014664713541666667 0.0008906249999999999 4.8828125e-05 0.0002057291666666667
9 0.0015511067708333334 0.0008906250000000001 4.557291666666667e-05 0.00020052083333333337