8 0.000189208984375 0.00096435546875 0.000189208984375 0.0002288818359375
8 0.000344085693359375 0.0009185791015625 0.00019683837890625 0.000225830078125
8 0.00035705566406250003 0.00091094970703125 0.00017089843750000002 0.000213623046875
8 0.00039901733398437503 0.00081024169921875 4.4250488281250005e-05 0.00010375976562500001
8 0.000493621826171875 0.000859832763671875 0.00012054443359375 0.00012969970703125
8 0.00048828125 0.000838470458984375 9.765625e-05 0.00011138916015625001
8 0.000530242919921875 0.000830841064453125 4.4250488281250005e-05 9.613037109375001e-05
8 0.0005935668945312501 0.000815582275390625 6.7138671875e-05 9.918212890625e-05
8 0.0008285522460937501 0.0008377075195312501 8.850097656250001e-05 0.0001220703125
8 0.001277923583984375 0.00082550048828125 0.00017547607421875 0.00010986328125
8 0.0012794494628906251 0.0007942199707031251 0.00014495849609375 7.781982421875001e-05
8 0.0014556884765625 0.0008148193359375001 0.00018615722656250002 0.00010375976562500001