9 0.0003304036458333334 0.0010703125 0.00013346354166666669 0.0004687500000000001
8 0.00043457031250000006 0.0008489583333333335 0.0001171875 0.000125
9 0.000458984375 0.001046875 0.00011067708333333334 0.000390625
9 0.0005517578125000001 0.0010468749999999998 0.00011881510416666666 0.00044270833333333337
14 0.0006738281250000001 0.0008229166666666668 0.00014648437500000002 0.0002135416666666667
8 0.0006656901041666666 0.0008255208333333335 0.00012858072916666668 0.00021614583333333335
9 0.0005745442708333334 0.0008203125000000001 2.9296875e-05 0.00011197916666666668
9 0.0005761718750000001 0.0008333333333333335 2.604166666666667e-05 0.00011979166666666669
9 0.0006184895833333333 0.0008385416666666668 3.092447916666667e-05 0.00011979166666666669
9 0.0006722005208333335 0.0008229166666666668 3.255208333333333e-05 0.00010677083333333335
9 0.0006917317708333334 0.0008307291666666668 2.7669270833333335e-05 0.00010677083333333335
9 0.000712890625 0.0008411458333333334 3.092447916666667e-05 0.00012239583333333335
8 0.0010677083333333335 0.0008984374999999999 0.00037923177083333336 0.00022135416666666668
12 0.000791015625 0.0005390625 2.7669270833333335e-05 8.593750000000001e-05
12 0.0008935546875 0.000546875 2.7669270833333335e-05 8.854166666666667e-05
8 0.0012467447916666666 0.0008203125000000001 0.00019205729166666666 9.895833333333334e-05
12 0.0010888671875 0.0006692708333333333 3.092447916666667e-05 9.635416666666668e-05
9 0.0012711588541666667 0.0010807291666666667 0.00017089843750000002 0.0004348958333333334