8 0.00015136718750000003 0.0010585937500000003 0.00015055338541666667 0.0003229166666666667
8 0.000283203125 0.0009791666666666668 0.00013997395833333334 0.00020833333333333335
8 0.00042317708333333335 0.0009322916666666668 0.00015136718750000003 0.00017968750000000002
8 0.0005501302083333334 0.0008776041666666667 5.859375e-05 8.593750000000001e-05
11 0.0005777994791666667 0.0006380208333333334 2.604166666666667e-05 8.333333333333334e-05
12 0.0005745442708333334 0.0006223958333333334 1.7903645833333333e-05 4.687500000000001e-05
8 0.00064453125 0.0008723958333333334 6.510416666666667e-05 0.00010416666666666667
8 0.0007682291666666666 0.0009270833333333335 0.0001171875 0.00017187500000000002
11 0.0006852213541666667 0.0006250000000000001 1.9531250000000004e-05 5.468750000000001e-05
11 0.0008610026041666667 0.0007421875000000001 1.9531250000000004e-05 5.208333333333334e-05
9 0.0009375 0.0008645833333333334 2.604166666666667e-05 0.00010416666666666667
9 0.0009733072916666667 0.0008593750000000001 2.7669270833333335e-05 9.635416666666668e-05
11 0.001044921875 0.0006171875000000001 2.9296875e-05 0.00010937500000000002
14 0.00130859375 0.0008463541666666668 0.0002848307291666667 0.0001979166666666667
9 0.0011035156250000001 0.0008906250000000001 3.4179687499999996e-05 0.00015364583333333335
8 0.0012565104166666668 0.0008593750000000001 0.00015625000000000003 9.635416666666668e-05
8 0.0012516276041666667 0.0008645833333333334 0.00014648437500000002 9.114583333333334e-05