8 8.163452148437501e-05 0.0011306762695312501 8.087158203125001e-05 0.0001800537109375
8 8.23974609375e-05 0.001116943359375 8.23974609375e-05 0.00016174316406250002
8 0.000139617919921875 0.001080322265625 7.171630859375e-05 0.00010986328125
8 0.00014190673828125 0.001093292236328125 7.019042968750001e-05 0.00013580322265625
8 0.000286102294921875 0.0010833740234375 0.00012359619140625 0.00010986328125
8 0.00033798217773437503 0.00107269287109375 6.866455078125e-05 0.00010375976562500001
8 0.00033035278320312503 0.0010658264160156251 4.730224609375e-05 9.918212890625e-05
8 0.0008544921875 0.001044464111328125 5.4931640625e-05 8.087158203125001e-05
8 0.0008552551269531251 0.00105133056640625 5.340576171875e-05 8.544921875000001e-05
8 0.0008857727050781251 0.0010650634765625 3.5095214843750004e-05 0.00010375976562500001
8 0.000960540771484375 0.0010833740234375 9.307861328125001e-05 0.00010986328125
8 0.00097198486328125 0.001093292236328125 0.00010070800781250001 0.00013275146484375002
8 0.001123809814453125 0.00113372802734375 0.00017547607421875 0.000164794921875
8 0.001300811767578125 0.0011474609375 0.00016326904296875002 0.0001739501953125
8 0.001482391357421875 0.001143646240234375 0.00018463134765625002 0.00015411376953125002
8 0.001560211181640625 0.00114288330078125 7.476806640625e-05 0.0001373291015625