8 0.0015594482421875 0.0011199951171875 0.00010070800781250001 0.0003204345703125
8 0.00021514892578125002 0.000907135009765625 3.96728515625e-05 6.561279296875e-05
8 0.00046386718750000003 0.00101318359375 0.000274658203125 0.0003021240234375
8 0.0006317138671875001 0.000881195068359375 6.40869140625e-05 0.00010223388671875
8 0.000720977783203125 0.0008857727050781251 8.697509765625e-05 0.00011444091796875
8 0.000785064697265625 0.0008720397949218751 6.561279296875e-05 0.00011444091796875
8 0.00077362060546875 0.00084075927734375 4.57763671875e-05 7.324218750000001e-05
8 0.001137542724609375 0.001082611083984375 0.00031890869140625003 0.00034637451171875004
9 0.001137542724609375 0.000897979736328125 3.204345703125e-05 0.00015411376953125002
9 0.001151275634765625 0.0008934020996093751 3.5095214843750004e-05 0.00016937255859375002
9 0.001154327392578125 0.0008880615234375 2.8991699218750002e-05 0.0001434326171875
9 0.0014068603515625 0.0009292602539062501 6.7138671875e-05 0.0001739501953125