8 0.00152587890625 0.0012161458333333334 0.000517578125 0.00046744791666666674
14 0.00013427734375 0.0010611979166666667 0.00013346354166666669 0.0003580729166666667
8 0.00044921874999999997 0.0009296875000000002 0.000126953125 0.00013802083333333334
8 0.0004475911458333334 0.0009192708333333335 0.0001220703125 0.000125
8 0.0005289713541666667 0.0008802083333333334 5.371093750000001e-05 7.031250000000001e-05
8 0.0005305989583333333 0.0008802083333333334 5.371093750000001e-05 7.031250000000001e-05
8 0.0005647786458333334 0.0008489583333333334 4.069010416666667e-05 4.687500000000001e-05
8 0.0006901041666666667 0.0008307291666666668 4.2317708333333335e-05 4.947916666666667e-05
8 0.0007454427083333334 0.0008125000000000001 5.371093750000001e-05 4.947916666666667e-05
7 0.0007226562500000001 0.0008593750000000001 2.1158854166666667e-05 8.593750000000001e-05
8 0.0009130859375 0.0008489583333333334 9.928385416666667e-05 8.333333333333334e-05
8 0.0010693359375 0.001 0.00021647135416666668 0.0002369791666666667