8 0.00012512207031250002 0.000974273681640625 0.00012512207031250002 0.00020904541015625002
8 0.0015609741210937502 0.0012031555175781251 0.0001678466796875 0.00044403076171875
8 0.0002044677734375 0.0009353637695312501 9.46044921875e-05 0.00015869140625
8 0.000206756591796875 0.0009506225585937501 8.697509765625e-05 0.0001953125
8 0.000278472900390625 0.000930023193359375 8.392333984375e-05 0.00016632080078125
8 0.0006774902343750001 0.0008880615234375 8.850097656250001e-05 0.00014038085937500002
8 0.0008300781250000001 0.000942230224609375 0.00014648437500000002 0.00017242431640625
8 0.0008094787597656251 0.0009239196777343751 0.00012054443359375 0.00015106201171875
8 0.001015472412109375 0.000838470458984375 5.645751953125e-05 7.781982421875001e-05
8 0.00120086669921875 0.00084075927734375 9.1552734375e-05 8.544921875000001e-05
9 0.00120391845703125 0.000835418701171875 4.2724609375000004e-05 0.00015106201171875
9 0.0012069702148437501 0.0008247375488281251 3.35693359375e-05 9.613037109375001e-05