8 0.00023574829101562502 0.000858306884765625 3.814697265625e-05 9.307861328125001e-05
8 0.000359344482421875 0.0008781433105468751 0.00013275146484375002 0.00015411376953125002
8 0.000370025634765625 0.000875091552734375 0.00013580322265625 0.00016937255859375002
8 0.0005157470703125001 0.000882720947265625 0.0001678466796875 0.00017242431640625
12 0.0005645751953125 0.00067901611328125 2.1362304687500002e-05 6.7138671875e-05
11 0.000678253173828125 0.000576019287109375 2.288818359375e-05 6.561279296875e-05
8 0.000708770751953125 0.0008026123046875 4.4250488281250005e-05 5.4931640625e-05
11 0.000890350341796875 0.000684356689453125 2.288818359375e-05 5.9509277343750005e-05
11 0.000899505615234375 0.0006927490234375001 2.8991699218750002e-05 6.7138671875e-05
11 0.0010200500488281251 0.00064849853515625 2.8991699218750002e-05 8.544921875000001e-05
11 0.001021575927734375 0.0006431579589843751 2.288818359375e-05 5.9509277343750005e-05