9 0.0008154296875 0.0007890625 8.951822916666667e-06 4.166666666666667e-05
8 0.0014754231770833333 0.001088541666666667 0.0004085286458333334 0.0003619791666666667
8 0.00017740885416666664 0.0008229166666666668 6.835937499999999e-05 6.25e-05
8 0.00018554687500000003 0.0008177083333333334 5.696614583333334e-05 7.291666666666667e-05
8 0.00024902343750000006 0.0008229166666666668 8.789062500000001e-05 8.072916666666668e-05
8 0.0002522786458333333 0.0008229166666666668 7.975260416666667e-05 8.072916666666668e-05
8 0.0005354817708333333 0.0009869791666666668 0.0002685546875 0.0002916666666666667
10 0.0005322265624999999 0.0005885416666666668 3.743489583333333e-05 6.25e-05
8 0.0005550130208333334 0.0008229166666666667 5.696614583333334e-05 7.031250000000001e-05
11 0.0006233723958333333 0.0005937500000000001 2.44140625e-05 4.687500000000001e-05
11 0.0006266276041666667 0.0005963541666666667 2.44140625e-05 6.510416666666668e-05
11 0.0006998697916666668 0.0006015625000000001 2.1158854166666667e-05 4.947916666666667e-05
11 0.000703125 0.0006119791666666667 2.2786458333333334e-05 4.166666666666667e-05
11 0.0008577473958333334 0.0007109375000000001 1.6276041666666666e-05 4.687500000000001e-05
11 0.0008740234375 0.0006718750000000001 1.9531250000000004e-05 3.6458333333333336e-05
11 0.0008854166666666667 0.0006770833333333335 2.9296875e-05 7.031250000000001e-05
8 0.0009098307291666666 0.0007890625 5.371093750000001e-05 5.9895833333333344e-05
8 0.0010823567708333334 0.0008125000000000001 0.00013997395833333334 0.00011718750000000002