8 0.0015616861979166668 0.0012604166666666668 0.00018717447916666668 0.0004817708333333334
8 0.0001220703125 0.0008229166666666667 4.8014322916666664e-05 5.468750000000001e-05
12 0.00022135416666666668 0.0006510416666666668 2.9296875e-05 7.812500000000002e-05
12 0.00021809895833333336 0.0006536458333333333 2.44140625e-05 5.9895833333333344e-05
8 0.00026529947916666667 0.0008203125000000001 5.696614583333334e-05 5.729166666666667e-05
11 0.00029947916666666664 0.0006562500000000001 2.604166666666667e-05 5.468750000000001e-05
11 0.0002994791666666667 0.0006666666666666668 2.2786458333333334e-05 5.729166666666667e-05
8 0.00046386718750000003 0.0008255208333333335 8.30078125e-05 0.00011197916666666668
8 0.00046386718750000003 0.0008125000000000001 7.324218750000001e-05 7.552083333333335e-05
11 0.00041829427083333334 0.0007317708333333334 2.1158854166666667e-05 4.947916666666667e-05
8 0.00056640625 0.0008281250000000001 7.975260416666667e-05 0.00010937500000000002
8 0.0005940755208333334 0.0008072916666666668 3.580729166666667e-05 6.770833333333334e-05
8 0.0007958984375 0.0007838541666666667 7.324218750000001e-05 5.9895833333333344e-05
11 0.0007584635416666667 0.0007005208333333334 2.9296875e-05 5.9895833333333344e-05
11 0.0007535807291666667 0.0006796875000000001 1.7903645833333333e-05 4.4270833333333337e-05
8 0.0009586588541666667 0.0008932291666666668 0.000166015625 0.00020312500000000002
8 0.0013004557291666668 0.001046875 0.00029947916666666664 0.0003619791666666667
8 0.0012760416666666666 0.0009791666666666668 0.0002620442708333333 0.0002604166666666667