8 0.0009171549479166666 0.0009322916666666669 0.00019694010416666666 0.00017187500000000002
8 3.0110677083333337e-05 0.0009817708333333334 2.9296875e-05 0.00014062500000000002
8 9.114583333333334e-05 0.0009583333333333335 8.789062500000001e-05 0.0001666666666666667
8 0.00018717447916666665 0.0009010416666666667 7.975260416666667e-05 8.593750000000001e-05
8 0.00022135416666666668 0.0008697916666666668 3.580729166666667e-05 4.947916666666667e-05
8 0.00040527343750000003 0.0008541666666666668 4.8828125e-05 6.25e-05
8 0.0005419921875 0.0009192708333333335 0.00011230468749999999 0.0001666666666666667
8 0.0007047526041666667 0.0008906250000000001 0.00010904947916666668 0.00013802083333333334
8 0.0007568359375 0.0008619791666666667 9.440104166666668e-05 9.895833333333334e-05
9 0.0009065755208333333 0.0008463541666666668 3.4179687499999996e-05 0.000125
8 0.0015608723958333334 0.001096354166666667 0.0006591796875 0.0005