7 7.8582763671875e-05 0.0009368896484375001 7.781982421875001e-05 0.0001434326171875
8 0.000247955322265625 0.000909423828125 0.00012054443359375 0.000128173828125
8 0.00031585693359375004 0.00089569091796875 7.324218750000001e-05 0.00010375976562500001
8 0.00031585693359375004 0.000882720947265625 7.324218750000001e-05 7.781982421875001e-05
8 0.0007751464843750001 0.001348876953125 0.000518798828125 0.0006591796875
12 0.0004547119140625 0.000484466552734375 3.35693359375e-05 0.00010223388671875
12 0.0006256103515625 0.000502777099609375 3.35693359375e-05 0.00011138916015625001
8 0.000759124755859375 0.0008911132812500001 6.561279296875e-05 0.00016174316406250002
7 0.0008224487304687501 0.0008857727050781251 5.1879882812500005e-05 0.00011444091796875
9 0.000872802734375 0.000861358642578125 2.44140625e-05 0.00011138916015625001
12 0.000899505615234375 0.000693511962890625 3.814697265625e-05 0.00010223388671875
9 0.000933837890625 0.000885009765625 2.74658203125e-05 0.0001220703125
9 0.000960540771484375 0.0008987426757812501 2.8991699218750002e-05 0.0001373291015625
9 0.0009895324707031251 0.0008934020996093751 2.5939941406250003e-05 0.00012969970703125
8 0.0012756347656250001 0.000890350341796875 0.0002685546875 0.00012969970703125
7 0.0010581970214843751 0.0008590698242187501 4.730224609375e-05 0.00010986328125
7 0.001053619384765625 0.000838470458984375 3.814697265625e-05 8.087158203125001e-05
9 0.00114898681640625 0.0010284423828125 0.000128173828125 0.00034179687500000003
9 0.00114898681640625 0.001026153564453125 0.00012512207031250002 0.00034332275390625