13 0.000506591796875 0.000273895263671875 4.8828125e-05 0.00016632080078125
8 0.00015945434570312502 0.0009506225585937501 0.00012969970703125 0.0001220703125
8 0.00027008056640625 0.0009063720703125001 0.00014038085937500002 0.00010986328125
12 0.000260162353515625 0.00041656494140625 5.9509277343750005e-05 0.0001800537109375
8 0.000318145751953125 0.000919342041015625 6.866455078125e-05 8.392333984375e-05
8 0.000481414794921875 0.00099945068359375 0.00016937255859375002 0.00019226074218750002
8 0.000579833984375 0.00093231201171875 7.324218750000001e-05 0.00010375976562500001
8 0.0006774902343750001 0.0009429931640625001 0.00010070800781250001 0.0001220703125
8 0.0009613037109375 0.00089569091796875 8.23974609375e-05 8.850097656250001e-05
8 0.0009483337402343751 0.00089569091796875 5.9509277343750005e-05 8.544921875000001e-05
13 0.00099029541015625 0.00059661865234375 3.0517578125e-05 0.0001068115234375
9 0.00104522705078125 0.0009765625 7.62939453125e-05 0.00023193359375000002
8 0.0015594482421875 0.001007080078125 0.0003662109375 0.0002288818359375