8 0.00024337768554687502 0.0008331298828125 8.087158203125001e-05 5.7983398437500004e-05
8 0.000260162353515625 0.0008300781250000001 9.002685546875e-05 4.8828125e-05
8 0.000377655029296875 0.0008491516113281251 8.392333984375e-05 9.613037109375001e-05
8 0.00037689208984375004 0.0008338928222656251 7.324218750000001e-05 6.256103515625001e-05
8 0.00045242309570312503 0.000838470458984375 5.645751953125e-05 9.307861328125001e-05
8 0.00045242309570312503 0.000812530517578125 4.730224609375e-05 5.9509277343750005e-05
8 0.00049896240234375 0.00081787109375 5.4931640625e-05 5.4931640625e-05
8 0.0005386352539062501 0.0008148193359375001 4.8828125e-05 7.019042968750001e-05
11 0.0007026672363281251 0.0006530761718750001 2.8991699218750002e-05 5.1879882812500005e-05
8 0.0007499694824218751 0.0007942199707031251 5.645751953125e-05 6.256103515625001e-05
11 0.000759124755859375 0.0006584167480468751 2.288818359375e-05 4.730224609375e-05
8 0.0008705139160156251 0.0008880615234375 0.00012969970703125 0.000164794921875
11 0.000897979736328125 0.000705718994140625 2.288818359375e-05 4.730224609375e-05
8 0.001201629638671875 0.0008453369140625001 0.00018768310546875 0.0001373291015625