8 9.3841552734375e-05 0.00092620849609375 9.307861328125001e-05 0.0001129150390625
8 0.00022125244140625 0.00087738037109375 6.7138671875e-05 7.019042968750001e-05
8 0.000286102294921875 0.0009010314941406251 8.697509765625e-05 9.613037109375001e-05
8 0.0003753662109375 0.00088043212890625 5.7983398437500004e-05 9.1552734375e-05
8 0.000554656982421875 0.0008544921875 7.781982421875001e-05 6.7138671875e-05
8 0.0006988525390625001 0.00093994140625 0.00014038085937500002 0.0001953125
8 0.0007522583007812501 0.000907135009765625 6.7138671875e-05 0.00013580322265625
12 0.0007179260253906251 0.0007270812988281251 1.678466796875e-05 4.4250488281250005e-05
12 0.000754547119140625 0.0007789611816406251 1.678466796875e-05 4.4250488281250005e-05
8 0.0008529663085937501 0.00089263916015625 7.019042968750001e-05 0.0001068115234375
12 0.00080108642578125 0.0007575988769531251 1.52587890625e-05 4.730224609375e-05
8 0.00095672607421875 0.0009277343750000001 0.0001312255859375 0.00015869140625
8 0.001145172119140625 0.0010124206542968751 0.00020599365234375 0.00023956298828125002
8 0.001476287841796875 0.000896453857421875 0.00020294189453125 0.00017242431640625