8 0.0004166666666666667 0.0008619791666666667 0.000166015625 8.333333333333334e-05
8 0.0005126953125 0.0009166666666666668 0.00011067708333333334 0.00012760416666666668
14 0.0005664062500000001 0.0008958333333333334 0.000126953125 0.00022395833333333336
8 0.0007047526041666667 0.0008880208333333334 9.765625e-05 0.0001432291666666667
12 0.0007047526041666667 0.0006562500000000001 1.9531250000000004e-05 5.208333333333334e-05
14 0.0008658854166666666 0.0008802083333333334 0.00013020833333333333 0.0002291666666666667
8 0.0009554036458333334 0.0009244791666666668 0.00014811197916666667 0.0001666666666666667
12 0.0008854166666666667 0.0007421875 1.7903645833333333e-05 4.166666666666667e-05
8 0.0011083984375 0.0008333333333333334 0.00013671874999999999 0.000125
9 0.0010009765625 0.0008333333333333334 2.1158854166666667e-05 8.333333333333334e-05
9 0.0010237630208333333 0.0008255208333333335 2.44140625e-05 8.072916666666668e-05
9 0.0010432942708333331 0.0008177083333333334 2.1158854166666667e-05 7.291666666666667e-05
8 0.0015592447916666667 0.0013515625000000001 0.0005013020833333333 0.0008515625000000001