10 0.000328826904296875 0.00038604736328125 3.814697265625e-05 0.00012512207031250002
8 0.000540924072265625 0.0008224487304687501 0.00012054443359375 0.00010986328125
14 0.000624847412109375 0.0007919311523437501 0.00011444091796875 0.00014648437500000002
11 0.000548553466796875 0.00037994384765625003 3.5095214843750004e-05 0.00010986328125
8 0.0006851196289062501 0.00079498291015625 6.7138671875e-05 8.850097656250001e-05
11 0.000722503662109375 0.00041122436523437504 4.119873046875e-05 0.00011444091796875
14 0.0008110046386718751 0.0007881164550781251 0.00010223388671875 9.307861328125001e-05
8 0.0009696960449218751 0.0007843017578125001 6.256103515625001e-05 7.019042968750001e-05
8 0.0009712219238281251 0.00078125 5.645751953125e-05 5.4931640625e-05
8 0.00104827880859375 0.0007781982421875 7.9345703125e-05 7.324218750000001e-05
11 0.001053619384765625 0.000601959228515625 3.5095214843750004e-05 9.307861328125001e-05