8 7.62939453125e-05 0.000984954833984375 7.62939453125e-05 0.00027618408203125
8 0.0006851196289062501 0.000909423828125 0.000335693359375 0.00021667480468750002
8 0.000732421875 0.000797271728515625 9.1552734375e-05 0.00010223388671875
8 0.000739288330078125 0.00079498291015625 9.613037109375001e-05 0.00010986328125
8 0.0009140014648437501 0.000804901123046875 0.000128173828125 0.00015106201171875
8 0.00121307373046875 0.000775909423828125 0.00012512207031250002 9.613037109375001e-05
8 0.0012969970703125 0.0007568359375 6.7138671875e-05 6.7138671875e-05
8 0.0014205932617187501 0.000775909423828125 0.00010070800781250001 0.00010223388671875
8 0.0014091491699218751 0.00077056884765625 8.087158203125001e-05 8.850097656250001e-05
8 0.001528167724609375 0.000768280029296875 0.00012969970703125 0.00010223388671875
8 0.00152587890625 0.0007659912109375 0.00011596679687500001 0.00010375976562500001
8 0.001556396484375 0.00074310302734375 2.74658203125e-05 5.7983398437500004e-05