9 0.00046386718750000003 0.0008911132812500001 1.8310546875000003e-05 7.019042968750001e-05
9 0.00043792724609375004 0.0009162902832031251 2.1362304687500002e-05 0.00010223388671875
9 0.0009368896484375001 0.0008636474609375 1.8310546875000003e-05 9.46044921875e-05
9 0.00041503906250000004 0.0009277343750000001 2.74658203125e-05 0.00011596679687500001
9 0.00023422241210937502 0.0009239196777343751 3.814697265625e-05 9.307861328125001e-05
9 0.00030822753906250004 0.00093231201171875 3.35693359375e-05 0.000128173828125
11 0.0004058837890625 0.0007270812988281251 2.44140625e-05 6.256103515625001e-05
8 0.000555419921875 0.0009162902832031251 6.7138671875e-05 0.00010223388671875
8 0.0008148193359375001 0.00110626220703125 0.0002777099609375 0.000408935546875
8 0.000594329833984375 0.000926971435546875 5.645751953125e-05 0.00012054443359375
11 0.0009292602539062501 0.000705718994140625 3.0517578125e-05 9.307861328125001e-05
9 0.00096282958984375 0.000859832763671875 2.44140625e-05 9.613037109375001e-05
9 0.0010528564453125 0.00086517333984375 4.57763671875e-05 0.0001220703125
8 0.0015594482421875 0.001395416259765625 0.000494384765625 0.0007003784179687501