9 0.00024902343750000006 0.0008645833333333334 4.2317708333333335e-05 0.00016406250000000004
9 0.0002685546875 0.0008697916666666667 2.9296875e-05 0.00010156250000000001
9 0.0005013020833333333 0.0008411458333333334 3.743489583333333e-05 0.00010677083333333335
14 0.0006917317708333334 0.0008593750000000001 0.00016764322916666666 0.00020312500000000002
14 0.0008235677083333334 0.0008281250000000001 0.00010579427083333334 0.00019270833333333336
8 0.0009293619791666667 0.0008385416666666668 8.789062500000001e-05 0.00011197916666666668
7 0.0009879557291666665 0.0008619791666666668 4.557291666666667e-05 0.0001354166666666667
9 0.0012451171875000001 0.0007864583333333335 3.743489583333333e-05 8.854166666666667e-05
9 0.0012386067708333335 0.0007786458333333334 2.7669270833333335e-05 9.375000000000002e-05
9 0.0012809244791666668 0.0007838541666666667 3.4179687499999996e-05 9.635416666666668e-05
9 0.0012972005208333334 0.0007708333333333334 3.255208333333333e-05 8.072916666666668e-05
9 0.0013313802083333333 0.0008046875000000001 4.069010416666667e-05 0.0001328125