9 3.1738281249999994e-05 0.0009908854166666668 3.092447916666667e-05 0.00020312500000000002
8 0.0015616861979166668 0.001561197916666667 0.00036051432291666664 0.0008750000000000001
8 0.000263671875 0.0010078125 0.000185546875 0.00020312500000000002
8 0.00033691406250000003 0.0009739583333333335 0.00011067708333333334 0.00016927083333333334
8 0.00038899739583333337 0.0009401041666666668 7.324218750000001e-05 0.00011718750000000002
8 0.00046712239583333333 0.0009192708333333335 8.626302083333333e-05 0.00011197916666666668
8 0.0008105468750000001 0.0008854166666666668 8.951822916666667e-05 0.00010677083333333335
8 0.0008756510416666667 0.0009713541666666668 9.928385416666667e-05 0.00020052083333333337
8 0.0011051432291666666 0.0010755208333333335 0.00023763020833333332 0.0003333333333333334
8 0.0014518229166666668 0.0012994791666666669 0.00048828125 0.0005598958333333334
8 0.0013004557291666668 0.0012916666666666669 0.0003352864583333333 0.0005442708333333333