8 0.00022811889648437502 0.000919342041015625 0.00011444091796875 0.00011444091796875
8 0.00036087036132812503 0.0008796691894531251 7.781982421875001e-05 8.087158203125001e-05
8 0.00042572021484375003 0.0008644104003906251 6.40869140625e-05 7.781982421875001e-05
11 0.00051727294921875 0.000371551513671875 4.2724609375000004e-05 0.00012969970703125
8 0.00061798095703125 0.000830841064453125 4.57763671875e-05 5.9509277343750005e-05
8 0.000698089599609375 0.00090789794921875 0.00010223388671875 0.0001373291015625
11 0.0007637023925781251 0.0003509521484375 4.119873046875e-05 0.0001373291015625
8 0.0008872985839843751 0.000882720947265625 8.087158203125001e-05 9.307861328125001e-05
8 0.001068115234375 0.0009368896484375001 0.000164794921875 0.00016174316406250002
8 0.001311492919921875 0.001062774658203125 0.00031890869140625003 0.00030670166015625
11 0.00110321044921875 0.000646209716796875 3.35693359375e-05 0.00012969970703125