8 0.000215911865234375 0.0008781433105468751 0.00019378662109375002 0.00016632080078125
9 0.00036926269531250004 0.00082550048828125 2.74658203125e-05 8.544921875000001e-05
9 0.000377655029296875 0.0008148193359375001 2.8991699218750002e-05 0.0001068115234375
12 0.0005004882812500001 0.0006431579589843751 2.74658203125e-05 6.256103515625001e-05
9 0.000782012939453125 0.00082550048828125 3.5095214843750004e-05 0.0001373291015625
8 0.0008377075195312501 0.0008071899414062501 2.74658203125e-05 8.850097656250001e-05
8 0.0008796691894531251 0.0008018493652343751 4.4250488281250005e-05 7.781982421875001e-05
12 0.0008880615234375 0.0006431579589843751 2.74658203125e-05 7.781982421875001e-05
9 0.001194000244140625 0.000789642333984375 4.119873046875e-05 0.00011444091796875
9 0.0011962890625 0.000797271728515625 3.96728515625e-05 0.00011444091796875
8 0.0015594482421875 0.001108551025390625 0.0003173828125 0.00048675537109375003