9 0.00135986328125 0.0009440104166666668 5.0455729166666666e-05 0.00013411458333333336
8 9.765625e-05 0.0010989583333333335 9.602864583333333e-05 0.00023958333333333337
8 0.00020670572916666667 0.0010651041666666667 0.00011555989583333335 0.00016406250000000004
8 0.00021809895833333336 0.0010598958333333335 0.00011881510416666666 0.00015364583333333335
8 0.00028808593750000004 0.0009817708333333334 0.00010904947916666668 0.00011197916666666668
8 0.00033691406250000003 0.0009531250000000002 0.00014322916666666667 0.00013802083333333334
8 0.0006363932291666667 0.0010963541666666667 0.00029622395833333334 0.0003619791666666667
14 0.0008317057291666666 0.0009921875 0.00018880208333333336 0.0003697916666666667
9 0.0009977213541666665 0.0010104166666666668 6.998697916666667e-05 0.00022656250000000004
9 0.0010026041666666668 0.0009973958333333334 4.069010416666667e-05 0.00020052083333333337
9 0.0011881510416666668 0.0010546875 0.00010904947916666668 0.0002942708333333334