9 0.0013587951660156252 0.000846099853515625 9.613037109375001e-05 9.002685546875e-05
8 8.468627929687501e-05 0.000974273681640625 8.392333984375e-05 0.00016632080078125
8 0.00012893676757812502 0.0009407043457031251 8.697509765625e-05 0.00017242431640625
8 0.000209808349609375 0.0008857727050781251 8.087158203125001e-05 8.392333984375e-05
8 0.000286865234375 0.00087738037109375 6.7138671875e-05 9.1552734375e-05
8 0.00041809082031250003 0.000843048095703125 4.8828125e-05 6.256103515625001e-05
8 0.00069427490234375 0.001039886474609375 0.0002288818359375 0.00034942626953125003
8 0.0007568359375 0.0008949279785156251 9.1552734375e-05 0.00012969970703125
8 0.00091552734375 0.00090789794921875 0.0001983642578125 0.00015563964843750002
9 0.000970458984375 0.00080413818359375 2.74658203125e-05 8.850097656250001e-05
9 0.0012603759765625001 0.0008026123046875 4.57763671875e-05 0.000128173828125
9 0.001287841796875 0.000807952880859375 3.35693359375e-05 0.00013275146484375002
9 0.001352691650390625 0.000789642333984375 3.204345703125e-05 0.00012054443359375
8 0.0015609741210937502 0.001007843017578125 0.0001800537109375 0.00027923583984375