9 0.0015083312988281251 0.0007789611816406251 4.119873046875e-05 0.00015411376953125002
9 0.00124969482421875 0.00085601806640625 4.2724609375000004e-05 0.00020141601562500002
9 4.57763671875e-05 0.0009353637695312501 2.74658203125e-05 0.00015869140625
9 6.7901611328125e-05 0.0009330749511718751 2.5939941406250003e-05 8.392333984375e-05
9 0.000106048583984375 0.0009559631347656251 4.119873046875e-05 0.00019989013671875002
9 0.00011138916015625001 0.00093994140625 4.57763671875e-05 0.00017700195312500002
9 0.00014419555664062502 0.0009292602539062501 2.8991699218750002e-05 0.00014648437500000002
8 0.0002593994140625 0.00093231201171875 0.0001220703125 0.000128173828125
8 0.000420379638671875 0.0009246826171875 0.00012969970703125 0.00014648437500000002
8 0.00046539306640625 0.0008781433105468751 4.8828125e-05 0.00010223388671875
8 0.000507354736328125 0.0008628845214843751 4.730224609375e-05 0.00010223388671875
8 0.001296234130859375 0.001145172119140625 0.00074920654296875 0.00046539306640625
8 0.00071868896484375 0.0008590698242187501 7.9345703125e-05 9.1552734375e-05
10 0.000930023193359375 0.0005653381347656251 4.119873046875e-05 0.00015106201171875
9 0.0012100219726562502 0.0008567810058593751 3.0517578125e-05 0.00018768310546875
8 0.0015617370605468751 0.0009353637695312501 0.00022430419921875002 0.00025024414062500003
9 0.0015594482421875 0.00087738037109375 3.96728515625e-05 0.0002532958984375