9 0.000209808349609375 0.00084075927734375 3.814697265625e-05 8.544921875000001e-05
9 0.000209808349609375 0.000838470458984375 3.5095214843750004e-05 8.087158203125001e-05
9 0.000370025634765625 0.001125335693359375 0.00010223388671875 0.00041961669921875
9 0.00045013427734375 0.001082611083984375 8.850097656250001e-05 0.00037689208984375004
9 0.00044479370117187503 0.001078033447265625 7.171630859375e-05 0.00036773681640625
9 0.0005653381347656251 0.001085662841796875 0.00010223388671875 0.00041351318359375
9 0.0006088256835937501 0.0010772705078125001 7.019042968750001e-05 0.0003509521484375
8 0.0007789611816406251 0.000986480712890625 0.00021209716796875 0.00025787353515625003
8 0.000804901123046875 0.0008415222167968751 5.9509277343750005e-05 0.00010223388671875
9 0.0007980346679687501 0.0009201049804687501 4.2724609375000004e-05 0.0001983642578125
8 0.001000213623046875 0.000843048095703125 0.00021514892578125002 0.00012969970703125
8 0.00107574462890625 0.000835418701171875 0.00015563964843750002 0.00011749267578125
8 0.0011497497558593751 0.0008331298828125 0.00016326904296875002 0.0001220703125
8 0.001146697998046875 0.0008262634277343751 8.087158203125001e-05 0.00012054443359375