9 0.0008514404296875001 0.000959014892578125 6.40869140625e-05 0.00024261474609375
9 0.00087738037109375 0.00097198486328125 5.1879882812500005e-05 0.0002471923828125
9 0.000885009765625 0.000930023193359375 5.4931640625e-05 0.00023651123046875
9 0.000865936279296875 0.00093994140625 2.8991699218750002e-05 0.00025024414062500003
9 0.000945281982421875 0.000952911376953125 6.561279296875e-05 0.00027008056640625
8 0.00113372802734375 0.0009063720703125001 0.0001983642578125 0.0001983642578125
8 0.001367950439453125 0.0008026123046875 0.00020599365234375 0.00010375976562500001
9 0.001296234130859375 0.0008743286132812501 4.119873046875e-05 0.0001739501953125
8 0.001433563232421875 0.0007919311523437501 0.00015106201171875 0.00010375976562500001
8 0.00150146484375 0.0007919311523437501 0.0001495361328125 0.00010986328125
8 0.0014854431152343751 0.000807952880859375 8.087158203125001e-05 0.00012054443359375