8 0.0002360026041666667 0.0009401041666666669 0.00023274739583333334 0.00023177083333333337
8 0.000234375 0.0009375000000000002 0.00022623697916666666 0.00023177083333333337
8 0.00037272135416666665 0.0008828125000000001 0.00015787760416666668 0.00015625000000000003
8 0.0003678385416666667 0.0008906250000000001 0.00014973958333333332 0.00017968750000000002
8 0.0004443359375 0.0008619791666666668 0.00011393229166666668 0.00015625000000000003
8 0.00044270833333333337 0.0008437500000000001 0.00010091145833333333 0.00012760416666666668
8 0.0005810546875 0.0008255208333333334 8.951822916666667e-05 9.114583333333334e-05
8 0.0005843098958333334 0.0008333333333333334 8.30078125e-05 0.00010677083333333335
8 0.0008382161458333333 0.0008645833333333334 0.0001220703125 0.0001666666666666667
8 0.0009293619791666668 0.0008125000000000001 5.859375e-05 0.00010416666666666667
8 0.0010091145833333334 0.0008411458333333334 0.00010742187500000001 0.00013020833333333336