8 0.00010742187500000001 0.0008359375000000001 0.00010416666666666667 4.4270833333333337e-05
14 0.0003401692708333334 0.0008307291666666668 0.00025716145833333336 0.00012239583333333335
8 0.00028157552083333333 0.0008593750000000001 0.0001220703125 5.729166666666667e-05
8 0.0004622395833333334 0.0008463541666666667 4.8828125e-05 5.468750000000001e-05
8 0.00047851562500000005 0.0008437500000000001 6.34765625e-05 5.729166666666667e-05
8 0.0005208333333333334 0.0008203125000000001 3.255208333333333e-05 4.166666666666667e-05
8 0.0005729166666666668 0.0008854166666666667 6.673177083333334e-05 0.00010156250000000001
8 0.0005647786458333334 0.0008802083333333334 5.371093750000001e-05 9.375000000000002e-05
8 0.0008333333333333334 0.0011119791666666667 0.00029947916666666664 0.000390625
12 0.0006787109375000001 0.0006458333333333333 2.7669270833333335e-05 5.9895833333333344e-05
10 0.000673828125 0.0006276041666666667 1.6276041666666666e-05 4.166666666666667e-05
8 0.0008235677083333334 0.0008723958333333334 5.208333333333334e-05 0.0001432291666666667
8 0.0008382161458333333 0.0008723958333333334 2.1158854166666667e-05 7.291666666666667e-05
9 0.00123046875 0.0009791666666666668 6.34765625e-05 0.0002942708333333334