8 0.0005989583333333334 0.0008958333333333334 8.138020833333334e-05 0.00011979166666666669
11 0.0006087239583333334 0.0005963541666666667 1.6276041666666666e-05 4.947916666666667e-05
11 0.0006087239583333334 0.0005937500000000001 1.46484375e-05 4.947916666666667e-05
8 0.0007259114583333333 0.0009010416666666667 9.27734375e-05 0.0001354166666666667
11 0.0007063802083333333 0.0006093750000000001 1.6276041666666666e-05 4.166666666666667e-05
11 0.0007047526041666667 0.0006041666666666667 1.3020833333333334e-05 4.4270833333333337e-05
7 0.0007763671875 0.0008671875000000001 2.44140625e-05 9.635416666666668e-05
11 0.0008121744791666667 0.0007187500000000001 1.9531250000000004e-05 4.687500000000001e-05
11 0.0008121744791666667 0.0007317708333333334 1.7903645833333333e-05 6.510416666666668e-05
11 0.0008528645833333333 0.0006822916666666668 1.7903645833333333e-05 6.25e-05
11 0.0008561197916666666 0.0006927083333333334 1.9531250000000004e-05 7.291666666666667e-05
9 0.0009521484375000001 0.0009244791666666669 3.906250000000001e-05 0.00018750000000000003
9 0.0009472656250000002 0.0009348958333333335 2.9296875e-05 0.00021093750000000002
9 0.0009733072916666667 0.0009114583333333335 2.44140625e-05 0.0001953125
9 0.00099609375 0.000921875 3.255208333333333e-05 0.00019010416666666668
9 0.000986328125 0.0009296875000000002 1.9531250000000004e-05 0.0001979166666666667
9 0.0010270182291666667 0.0008984375000000001 3.580729166666667e-05 0.00017968750000000002
9 0.001025390625 0.000921875 3.255208333333333e-05 0.00020833333333333335