8 0.00010904947916666668 0.0011796875000000002 0.00010904947916666668 0.00037239583333333336
8 0.000322265625 0.0009010416666666667 0.00011067708333333334 0.00011718750000000002
8 0.0003629557291666667 0.0008697916666666667 5.0455729166666666e-05 5.729166666666667e-05
8 0.0005566406250000001 0.0009375 0.000185546875 0.0002057291666666667
8 0.0004003906250000001 0.0008723958333333334 2.7669270833333335e-05 6.25e-05
8 0.0006494140625 0.0008723958333333334 6.0221354166666675e-05 9.375000000000002e-05
8 0.0007405598958333333 0.0008697916666666668 7.324218750000001e-05 9.635416666666668e-05
8 0.0007942708333333334 0.0008619791666666667 6.510416666666667e-05 0.00011458333333333334
8 0.0007877604166666666 0.0008333333333333334 4.557291666666667e-05 7.291666666666667e-05
8 0.0009505208333333333 0.0009557291666666668 0.00017740885416666667 0.00020052083333333337
9 0.00119140625 0.0009270833333333335 3.906250000000001e-05 0.00017968750000000002
9 0.0011832682291666669 0.0009140624999999999 2.44140625e-05 0.00015885416666666668
9 0.0012337239583333334 0.0009348958333333335 4.8828125e-05 0.0002135416666666667
9 0.001220703125 0.0009166666666666668 3.092447916666667e-05 0.00018229166666666667
14 0.001328125 0.0008437500000000001 0.0001318359375 8.333333333333334e-05
8 0.0013590494791666666 0.0008958333333333334 0.00011555989583333335 0.00010937500000000002
8 0.001533203125 0.0009192708333333335 0.0002311197916666667 0.00015885416666666668