8 0.00050201416015625 0.0008590698242187501 9.1552734375e-05 0.00012512207031250002
8 0.000494384765625 0.0008415222167968751 7.62939453125e-05 9.918212890625e-05
8 0.0005386352539062501 0.0008392333984375 4.2724609375000004e-05 8.850097656250001e-05
8 0.000579071044921875 0.0008338928222656251 4.119873046875e-05 8.087158203125001e-05
8 0.0006492614746093751 0.0008018493652343751 3.5095214843750004e-05 4.730224609375e-05
8 0.000701141357421875 0.00081024169921875 7.171630859375e-05 6.7138671875e-05
8 0.0007942199707031251 0.0008071899414062501 6.561279296875e-05 8.544921875000001e-05
8 0.000812530517578125 0.0007789611816406251 2.8991699218750002e-05 4.4250488281250005e-05
8 0.000844573974609375 0.0007865905761718751 2.8991699218750002e-05 4.4250488281250005e-05
8 0.00096282958984375 0.0008415222167968751 7.9345703125e-05 9.918212890625e-05
8 0.00110931396484375 0.0009162902832031251 0.00014648437500000002 0.00017242431640625
8 0.001108551025390625 0.000934600830078125 0.00014495849609375 0.00018157958984375