8 0.0002716064453125 0.0009765625 0.0002685546875 0.0002471923828125
8 0.00047225952148437504 0.000951385498046875 0.00021820068359375 0.00020904541015625002
8 0.00056304931640625 0.00084686279296875 0.00014038085937500002 0.0001068115234375
8 0.000563812255859375 0.000867462158203125 9.002685546875e-05 0.00012054443359375
8 0.00069580078125 0.000846099853515625 9.1552734375e-05 0.00011138916015625001
8 0.000693511962890625 0.00081787109375 8.697509765625e-05 7.019042968750001e-05
8 0.000814056396484375 0.0008331298828125 0.00015411376953125002 0.00010375976562500001
8 0.0010429382324218751 0.00084991455078125 0.00017547607421875 0.000128173828125
8 0.0011306762695312501 0.000789642333984375 0.00011596679687500001 6.561279296875e-05
8 0.0011344909667968751 0.00080413818359375 0.00011138916015625001 0.0001220703125
8 0.0011497497558593751 0.00094757080078125 6.866455078125e-05 0.000213623046875
8 0.00149383544921875 0.0010963439941406251 0.00038757324218750003 0.00045623779296875003