8 0.000390625 0.0012604166666666666 0.000390625 0.0006276041666666667
8 0.0005045572916666667 0.0008177083333333334 9.765625e-05 0.00017708333333333335
14 0.0004964192708333334 0.0008020833333333335 8.463541666666667e-05 0.00015625000000000003
8 0.0005777994791666667 0.0008203125000000001 0.00011067708333333334 0.00014583333333333335
12 0.0005859375000000001 0.0005729166666666668 2.604166666666667e-05 8.333333333333334e-05
8 0.0006787109375000001 0.0008125000000000001 0.00010579427083333334 9.635416666666668e-05
8 0.0007389322916666667 0.0008046875000000001 6.835937499999999e-05 9.635416666666668e-05
11 0.0006982421875000001 0.0005807291666666667 2.1158854166666667e-05 7.291666666666667e-05
8 0.00078125 0.0007786458333333334 5.371093750000001e-05 8.333333333333334e-05
11 0.0007731119791666667 0.0005937500000000001 2.44140625e-05 5.9895833333333344e-05
8 0.0008317057291666668 0.0007734375 5.208333333333334e-05 6.510416666666668e-05
14 0.0008723958333333334 0.0007526041666666667 4.3945312500000005e-05 7.552083333333335e-05
11 0.0009358723958333335 0.0006666666666666668 2.2786458333333334e-05 5.729166666666667e-05
8 0.0010270182291666665 0.0008333333333333334 0.00010579427083333334 0.00011458333333333334
11 0.001005859375 0.0006276041666666667 3.4179687499999996e-05 8.072916666666668e-05
11 0.0009977213541666665 0.0006510416666666667 2.1158854166666667e-05 7.291666666666667e-05
8 0.0011767578125 0.0007760416666666667 0.00013346354166666669 7.552083333333335e-05
8 0.0015445963541666668 0.0010520833333333335 0.00041015625000000004 0.00036458333333333335