8 0.00016555786132812502 0.0008438110351562501 0.00013275146484375002 0.00014648437500000002
8 0.000135040283203125 0.000846099853515625 8.392333984375e-05 7.781982421875001e-05
8 0.000185394287109375 0.0008361816406250001 7.781982421875001e-05 6.7138671875e-05
8 0.00038833618164062504 0.000919342041015625 0.00023040771484375002 0.00022125244140625
12 0.00040664672851562503 0.000591278076171875 3.5095214843750004e-05 0.00010223388671875
10 0.00041122436523437504 0.000562286376953125 2.8991699218750002e-05 7.781982421875001e-05
8 0.001102447509765625 0.0014083862304687502 0.0006759643554687501 0.0007843017578125001
10 0.0004928588867187501 0.000591278076171875 3.0517578125e-05 9.307861328125001e-05
8 0.00057525634765625 0.000859832763671875 0.0001129150390625 0.00020294189453125
8 0.000591278076171875 0.000846099853515625 0.00011138916015625001 0.00015106201171875
11 0.000615692138671875 0.0005889892578125 2.8991699218750002e-05 8.850097656250001e-05
10 0.0006256103515625 0.00055694580078125 2.74658203125e-05 7.324218750000001e-05
11 0.00072021484375 0.000609588623046875 5.1879882812500005e-05 0.00011749267578125
12 0.0007110595703125 0.000569915771484375 2.74658203125e-05 7.476806640625e-05
11 0.0009033203125 0.0006950378417968751 2.74658203125e-05 9.307861328125001e-05
11 0.00090789794921875 0.0006698608398437501 2.74658203125e-05 7.019042968750001e-05
8 0.0013626098632812502 0.000835418701171875 0.00015563964843750002 0.00015106201171875
8 0.0014968872070312501 0.0007865905761718751 0.0001068115234375 9.307861328125001e-05
8 0.001544189453125 0.000800323486328125 0.0001312255859375 0.00011749267578125