8 0.00036458333333333335 0.0010338541666666669 0.00035970052083333335 0.0003359375000000001
12 0.00027018229166666667 0.00042968750000000006 2.7669270833333335e-05 0.00010156250000000001
11 0.0004801432291666667 0.00042968750000000006 3.906250000000001e-05 0.0001328125
8 0.0005078125 0.0008072916666666668 3.906250000000001e-05 5.468750000000001e-05
8 0.0006949869791666668 0.0008593750000000001 0.00012369791666666668 0.0001666666666666667
11 0.0006445312500000001 0.00042968750000000006 3.255208333333333e-05 9.635416666666668e-05
8 0.0007194010416666667 0.0008463541666666668 4.8828125e-05 0.00011197916666666668
8 0.0008544921875 0.0008489583333333335 8.626302083333333e-05 0.00012760416666666668
7 0.0010237630208333336 0.0008723958333333334 5.859375e-05 0.00016406250000000004
11 0.001064453125 0.0006328125000000001 4.3945312500000005e-05 9.895833333333334e-05
8 0.0011881510416666668 0.0008125000000000001 0.00010904947916666668 8.854166666666667e-05
8 0.0015592447916666667 0.0008750000000000001 0.00020182291666666667 0.00015625000000000003