9 0.001392364501953125 0.0010101318359375 8.087158203125001e-05 0.0004241943359375
8 0.0015617370605468751 0.000806427001953125 9.613037109375001e-05 0.00013885498046875
8 0.00024261474609375 0.0009086608886718751 8.850097656250001e-05 9.307861328125001e-05
12 0.000412750244140625 0.000518035888671875 2.8991699218750002e-05 7.781982421875001e-05
12 0.00041503906250000004 0.000522613525390625 2.74658203125e-05 7.476806640625e-05
8 0.0005805969238281251 0.00088043212890625 9.002685546875e-05 0.00010375976562500001
13 0.0005691528320312501 0.000494384765625 2.74658203125e-05 6.7138671875e-05
13 0.000582122802734375 0.000499725341796875 3.204345703125e-05 7.781982421875001e-05
8 0.000684356689453125 0.000843048095703125 4.4250488281250005e-05 6.256103515625001e-05
13 0.000827789306640625 0.00067291259765625 3.5095214843750004e-05 5.7983398437500004e-05
13 0.000823211669921875 0.000669097900390625 1.983642578125e-05 6.561279296875e-05
9 0.00084228515625 0.0008438110351562501 3.0517578125e-05 8.544921875000001e-05
9 0.00089569091796875 0.000823211669921875 4.57763671875e-05 7.781982421875001e-05
8 0.001247406005859375 0.0008056640625000001 0.00012054443359375 0.00010986328125
8 0.0012527465820312501 0.000804901123046875 0.0001220703125 9.918212890625e-05
8 0.001459503173828125 0.000820159912109375 0.00021820068359375 0.00014801025390625002