8 0.00023574829101562502 0.000897979736328125 0.00010223388671875 0.00011444091796875
8 0.000335693359375 0.0009483337402343751 0.0001739501953125 0.00019989013671875002
8 0.000769805908203125 0.0013366699218750001 0.0005081176757812501 0.000640869140625
12 0.000453948974609375 0.000473785400390625 2.8991699218750002e-05 8.392333984375e-05
12 0.000623321533203125 0.000494384765625 2.288818359375e-05 9.1552734375e-05
9 0.0008666992187500001 0.00084075927734375 1.8310546875000003e-05 8.544921875000001e-05
12 0.0008941650390625 0.0006797790527343751 2.44140625e-05 8.392333984375e-05
9 0.00089569091796875 0.0008644104003906251 2.44140625e-05 0.00011138916015625001
9 0.0009086608886718751 0.0008544921875 1.678466796875e-05 8.850097656250001e-05
7 0.001052093505859375 0.0008872985839843751 4.119873046875e-05 0.00013275146484375002
8 0.0014778137207031251 0.000896453857421875 0.00027923583984375 0.00015106201171875
8 0.0015609741210937502 0.0008720397949218751 8.850097656250001e-05 0.00013580322265625