8 0.00019775390625 0.0010013020833333334 0.00019694010416666666 0.0002643229166666667
8 0.0003352864583333333 0.0009635416666666668 0.00014485677083333334 0.0002135416666666667
8 0.00042317708333333335 0.0009140624999999999 8.789062500000001e-05 0.0002057291666666667
8 0.0004850260416666667 0.0008828124999999999 6.0221354166666675e-05 0.0001432291666666667
8 0.0005289713541666666 0.0008723958333333334 4.3945312500000005e-05 0.00011718750000000002
8 0.0005908203125 0.0008541666666666668 6.998697916666667e-05 0.00011197916666666668
8 0.0007779947916666667 0.0008307291666666668 0.00014485677083333334 0.00010416666666666667
8 0.0008089192708333334 0.0007890625 6.0221354166666675e-05 7.031250000000001e-05
8 0.0008919270833333333 0.0007838541666666667 7.324218750000001e-05 5.729166666666667e-05
8 0.0013362630208333334 0.0008255208333333334 0.0001416015625 0.00010677083333333335
8 0.0013623046875 0.0007682291666666667 8.138020833333334e-05 5.9895833333333344e-05
8 0.0014322916666666668 0.0007734375 8.30078125e-05 5.729166666666667e-05
8 0.00142578125 0.0007656250000000001 6.998697916666667e-05 5.208333333333334e-05