8 0.0002530924479166667 0.0012942708333333335 0.00025227864583333336 0.0006822916666666668
8 0.00024169921875000002 0.0011197916666666667 0.0002408854166666667 0.00047916666666666675
8 0.0002718098958333334 0.0007890625 3.906250000000001e-05 6.510416666666668e-05
8 0.00046712239583333333 0.0008255208333333334 6.34765625e-05 9.114583333333334e-05
8 0.0005371093749999999 0.0008072916666666668 4.720052083333334e-05 7.291666666666667e-05
8 0.0005322265625 0.0008046875000000001 3.4179687499999996e-05 6.510416666666668e-05
8 0.0006119791666666667 0.0008463541666666667 6.835937499999999e-05 9.895833333333334e-05
8 0.0006103515625 0.0008359375000000001 6.34765625e-05 8.333333333333334e-05
8 0.0006949869791666668 0.0008437500000000001 7.486979166666666e-05 0.00010937500000000002
8 0.0006868489583333334 0.0008463541666666668 5.859375e-05 0.00010416666666666667
8 0.0007177734375 0.0008697916666666667 4.557291666666667e-05 0.00013020833333333336
8 0.0007389322916666668 0.0008567708333333334 5.371093750000001e-05 0.00011979166666666669
8 0.0008593749999999999 0.0009296875 0.00014322916666666667 0.00019010416666666668
11 0.0010270182291666665 0.0005989583333333334 3.906250000000001e-05 0.00013020833333333336
11 0.00103515625 0.0006145833333333334 4.3945312500000005e-05 7.812500000000002e-05