8 0.00020345052083333332 0.0008802083333333335 6.0221354166666675e-05 6.770833333333334e-05
8 0.00021484375000000003 0.0008776041666666668 6.510416666666667e-05 9.375000000000002e-05
8 0.0004475911458333333 0.0008645833333333335 6.510416666666667e-05 9.635416666666668e-05
8 0.0004573567708333334 0.0008567708333333335 5.696614583333334e-05 8.072916666666668e-05
8 0.0006608072916666667 0.0010208333333333334 0.00020833333333333335 0.00028125000000000003
8 0.0006705729166666666 0.0010130208333333334 0.00021647135416666668 0.0002786458333333334
12 0.0005533854166666667 0.0005598958333333335 3.092447916666667e-05 9.375000000000002e-05
12 0.0005533854166666668 0.000546875 2.9296875e-05 7.552083333333335e-05
12 0.0007096354166666667 0.0005807291666666668 3.255208333333333e-05 9.895833333333334e-05
12 0.0007047526041666667 0.0005651041666666668 2.604166666666667e-05 9.375000000000002e-05
8 0.0009000651041666667 0.0009661458333333335 0.00010904947916666668 0.0002708333333333334
8 0.0009537760416666668 0.0009921875000000002 0.00015136718750000003 0.0002916666666666667
12 0.0008382161458333334 0.0005885416666666668 3.4179687499999996e-05 7.552083333333335e-05
12 0.0008300781249999999 0.0005937500000000001 2.1158854166666667e-05 7.291666666666667e-05
8 0.0012841796875000002 0.0011302083333333335 0.0003955078125 0.0004348958333333334
12 0.0009928385416666666 0.0006927083333333334 3.092447916666667e-05 7.291666666666667e-05
10 0.0009944661458333333 0.0006822916666666667 2.44140625e-05 6.510416666666668e-05
8 0.0015608723958333334 0.0009531250000000002 0.000361328125 0.00030468750000000005
8 0.0015576171875 0.0009661458333333335 0.0003564453125 0.00041406250000000004