11 0.00040283203125000003 0.00024337768554687502 3.96728515625e-05 0.00015106201171875
11 0.000640106201171875 0.000286102294921875 3.814697265625e-05 0.00014495849609375
8 0.00042877197265625 0.0008438110351562501 0.0001678466796875 0.0001434326171875
14 0.000537872314453125 0.000823211669921875 0.00013885498046875 0.00018768310546875
8 0.00061187744140625 0.0008094787597656251 8.23974609375e-05 0.00011749267578125
14 0.0007575988769531251 0.00079498291015625 0.00010833740234375001 9.1552734375e-05
8 0.0009025573730468751 0.000798797607421875 5.645751953125e-05 7.781982421875001e-05
8 0.000966644287109375 0.00078582763671875 4.4250488281250005e-05 6.7138671875e-05
8 0.000978851318359375 0.0007919311523437501 5.645751953125e-05 5.4931640625e-05
8 0.00102081298828125 0.0007781982421875 7.9345703125e-05 7.324218750000001e-05
11 0.00109710693359375 0.000567626953125 4.8828125e-05 0.00014038085937500002