14 0.00023274739583333334 0.0009088541666666668 0.00023274739583333334 0.00023958333333333337
8 0.00023274739583333334 0.0012161458333333334 0.00023274739583333334 0.00047916666666666675
8 0.00030110677083333335 0.0009296875 0.00010091145833333333 0.00010416666666666667
8 0.0007356770833333334 0.0013541666666666667 0.000517578125 0.0006614583333333333
10 0.0005452473958333335 0.00045052083333333337 3.580729166666667e-05 0.00011718750000000002
11 0.0007454427083333334 0.0004973958333333334 3.580729166666667e-05 0.00010937500000000002
8 0.0008089192708333334 0.0008854166666666667 5.859375e-05 0.00010156250000000001
8 0.0008072916666666667 0.0008750000000000001 4.8828125e-05 7.291666666666667e-05
11 0.0010205078125 0.0006744791666666668 3.580729166666667e-05 0.00010416666666666667
9 0.0010335286458333333 0.0008828124999999999 2.7669270833333335e-05 0.00013020833333333336
9 0.0010611979166666667 0.0008750000000000001 3.4179687499999996e-05 0.00013802083333333334
8 0.0015608723958333334 0.0014296875000000002 0.00037923177083333336 0.0010625