8 0.0015609741210937502 0.0014434814453125001 0.00047912597656250003 0.0007659912109375
8 0.00037612915039062503 0.000984954833984375 0.00016937255859375002 0.00020904541015625002
14 0.00037841796875 0.00097198486328125 0.0001678466796875 0.0001953125
8 0.000514984130859375 0.000913238525390625 8.697509765625e-05 9.613037109375001e-05
8 0.000514984130859375 0.00091705322265625 8.087158203125001e-05 8.850097656250001e-05
8 0.000563812255859375 0.000897979736328125 5.0354003906250004e-05 6.256103515625001e-05
8 0.0005615234375000001 0.0008987426757812501 4.57763671875e-05 7.019042968750001e-05
8 0.000662994384765625 0.0008514404296875001 6.256103515625001e-05 4.8828125e-05
8 0.0006889343261718751 0.0008544921875 4.119873046875e-05 3.6621093750000005e-05
7 0.000726318359375 0.000890350341796875 1.8310546875000003e-05 7.476806640625e-05
8 0.0008491516113281251 0.000949859619140625 7.476806640625e-05 0.00012969970703125
8 0.000914764404296875 0.000978851318359375 9.307861328125001e-05 0.00015411376953125002
8 0.00092315673828125 0.000988006591796875 9.46044921875e-05 0.00017242431640625
8 0.00113525390625 0.00107269287109375 0.0002349853515625 0.000286865234375