8 8.463541666666667e-05 0.00103125 8.463541666666667e-05 0.00032552083333333337
9 6.34765625e-05 0.0008229166666666668 2.9296875e-05 7.291666666666667e-05
9 8.30078125e-05 0.0008333333333333335 2.44140625e-05 6.510416666666668e-05
9 0.00017740885416666667 0.0008932291666666668 2.1158854166666667e-05 0.000125
9 0.00026204427083333337 0.0008697916666666668 2.1158854166666667e-05 0.00011197916666666668
8 0.0004248046875 0.0008750000000000001 0.00017089843750000002 0.00010416666666666667
8 0.0006982421875 0.0011354166666666667 0.00030924479166666665 0.0004036458333333334
11 0.00043457031250000006 0.0007109375000000001 3.580729166666667e-05 8.854166666666667e-05
11 0.00042968750000000006 0.0007057291666666667 2.44140625e-05 6.510416666666668e-05
8 0.0007568359375 0.0009192708333333335 0.00010253906250000001 0.0002057291666666667
8 0.0008138020833333335 0.0008567708333333334 7.161458333333333e-05 0.00010156250000000001
11 0.0008024088541666668 0.0006927083333333334 3.255208333333333e-05 9.635416666666668e-05
11 0.0007991536458333334 0.0006744791666666668 2.604166666666667e-05 5.9895833333333344e-05
9 0.0008544921875 0.0008854166666666667 4.069010416666667e-05 0.0001510416666666667
9 0.0008447265624999999 0.0008776041666666668 2.604166666666667e-05 0.00014062500000000002
9 0.0008577473958333334 0.0008697916666666667 2.2786458333333334e-05 0.0001328125
9 0.0008870442708333334 0.0008697916666666667 2.44140625e-05 0.00014583333333333335
9 0.0009130859375000002 0.0008307291666666668 3.4179687499999996e-05 0.00010937500000000002
9 0.0009065755208333333 0.0008385416666666668 2.2786458333333334e-05 0.00010416666666666667
9 0.0009391276041666668 0.0008281250000000001 2.9296875e-05 8.593750000000001e-05
8 0.0014111328125 0.0010833333333333335 0.00044108072916666666 0.0004270833333333334