8 7.8582763671875e-05 0.0008544921875 7.781982421875001e-05 0.00011901855468750001
8 0.0015617370605468751 0.001000213623046875 0.00017242431640625 0.00038604736328125
8 0.000518798828125 0.0008514404296875001 0.00011901855468750001 0.0001373291015625
8 0.00057830810546875 0.0007965087890625 6.40869140625e-05 7.019042968750001e-05
10 0.0005615234375000001 0.0005523681640625 2.74658203125e-05 5.7983398437500004e-05
11 0.0006851196289062501 0.000568389892578125 2.74658203125e-05 6.561279296875e-05
8 0.0008270263671875 0.0008781433105468751 0.00011901855468750001 0.00015411376953125002
11 0.0007789611816406251 0.00057525634765625 2.288818359375e-05 7.019042968750001e-05
8 0.0009048461914062501 0.00078582763671875 4.57763671875e-05 5.1879882812500005e-05
8 0.001038360595703125 0.000782012939453125 5.9509277343750005e-05 6.256103515625001e-05
11 0.001009368896484375 0.000693511962890625 2.288818359375e-05 6.561279296875e-05
11 0.00115814208984375 0.0006454467773437501 2.74658203125e-05 8.544921875000001e-05