9 0.0002620442708333333 0.0008906250000000001 8.138020833333334e-05 0.000125
9 0.00023763020833333332 0.0008645833333333334 3.580729166666667e-05 0.00010156250000000001
9 0.000283203125 0.0008802083333333335 2.7669270833333335e-05 0.00011197916666666668
8 0.0004573567708333334 0.0009062499999999999 0.00013997395833333334 0.00016145833333333336
11 0.0003678385416666667 0.0006875000000000002 2.604166666666667e-05 8.333333333333334e-05
8 0.0007698567708333333 0.0011223958333333335 0.0003173828125 0.0003776041666666667
8 0.0008235677083333334 0.0009895833333333334 0.00018229166666666667 0.0002734375
11 0.0008284505208333335 0.0006666666666666668 2.9296875e-05 9.114583333333334e-05
9 0.0009440104166666668 0.0009479166666666668 5.859375e-05 0.00021093750000000002
8 0.0011279296875 0.0008880208333333334 0.0002311197916666667 0.0001666666666666667
9 0.0009488932291666667 0.0009583333333333335 2.604166666666667e-05 0.00025520833333333336
9 0.0009928385416666668 0.0009088541666666669 5.208333333333334e-05 0.00020052083333333337
9 0.0010709635416666667 0.0009114583333333335 4.8828125e-05 0.0001953125
9 0.0010644531249999999 0.0008723958333333334 3.906250000000001e-05 0.0001510416666666667
9 0.0010970052083333333 0.0008463541666666668 3.255208333333333e-05 0.00013802083333333334
9 0.0011442057291666666 0.0008385416666666668 3.906250000000001e-05 0.00014062500000000002
9 0.0013411458333333333 0.0008385416666666668 8.138020833333334e-05 0.000125