8 0.00020141601562500002 0.0009696960449218751 0.0001953125 0.00017852783203125002
8 0.00023803710937500002 0.000890350341796875 5.4931640625e-05 8.087158203125001e-05
8 0.000247955322265625 0.000882720947265625 5.340576171875e-05 8.392333984375e-05
8 0.0005310058593750001 0.000861358642578125 7.019042968750001e-05 6.256103515625001e-05
8 0.0005195617675781251 0.000861358642578125 5.0354003906250004e-05 6.256103515625001e-05
8 0.0006500244140625 0.00085601806640625 5.7983398437500004e-05 8.850097656250001e-05
8 0.000707244873046875 0.0008544921875 5.340576171875e-05 8.850097656250001e-05
8 0.0008018493652343751 0.000853729248046875 6.866455078125e-05 8.392333984375e-05
8 0.00092620849609375 0.000937652587890625 0.00014648437500000002 0.00017242431640625
8 0.001007080078125 0.0008758544921875001 9.46044921875e-05 0.00014648437500000002
14 0.000998687744140625 0.00086212158203125 8.087158203125001e-05 0.00012512207031250002
8 0.001169586181640625 0.00093994140625 0.00016937255859375002 0.000164794921875
8 0.00121307373046875 0.0009086608886718751 9.1552734375e-05 0.00012054443359375