8 0.00010091145833333333 0.0009765625 0.00010091145833333333 0.00014583333333333335
8 8.626302083333333e-05 0.0009609375000000002 8.30078125e-05 0.00011197916666666668
8 0.00014811197916666667 0.0009687500000000002 9.114583333333334e-05 0.00013802083333333334
8 0.00020507812500000002 0.0008880208333333334 0.00010579427083333334 7.812500000000002e-05
8 0.00020182291666666667 0.0008906249999999999 8.626302083333333e-05 7.031250000000001e-05
8 0.000576171875 0.0008880208333333334 6.184895833333334e-05 7.812500000000002e-05
8 0.0006656901041666666 0.0009427083333333335 0.00010904947916666668 0.00014583333333333335
12 0.0006901041666666667 0.0007057291666666667 2.44140625e-05 5.729166666666667e-05
12 0.0006852213541666667 0.0006953125000000002 1.46484375e-05 4.687500000000001e-05
8 0.0010498046875 0.0008359375000000001 0.00011230468749999999 8.072916666666668e-05
8 0.0010400390625 0.0008359375000000001 0.00010091145833333333 5.729166666666667e-05