9 0.001406097412109375 0.000968170166015625 5.645751953125e-05 0.00029144287109375
8 0.000152587890625 0.001033782958984375 0.000152587890625 0.00031585693359375004
8 0.00046463012695312504 0.0008857727050781251 8.392333984375e-05 9.613037109375001e-05
11 0.000505828857421875 0.000583648681640625 4.119873046875e-05 9.307861328125001e-05
12 0.000495147705078125 0.0005653381347656251 1.983642578125e-05 6.256103515625001e-05
8 0.0006103515625 0.000890350341796875 7.62939453125e-05 0.00010223388671875
11 0.00063323974609375 0.000569915771484375 1.8310546875000003e-05 6.561279296875e-05
8 0.000736236572265625 0.0009162902832031251 0.00011749267578125 0.00017242431640625
11 0.00085601806640625 0.0007110595703125 1.8310546875000003e-05 5.4931640625e-05
9 0.0009635925292968751 0.0008857727050781251 2.8991699218750002e-05 0.00013580322265625
9 0.0010047912597656251 0.000875091552734375 2.8991699218750002e-05 0.00012054443359375
14 0.0015617370605468751 0.0008644104003906251 0.00045623779296875003 0.00027618408203125
8 0.0014434814453125001 0.00087738037109375 0.0002593994140625 0.00012512207031250002
8 0.00144500732421875 0.000872802734375 0.0002532958984375 0.0001220703125