8 0.00019775390625 0.0012760416666666669 0.00019694010416666666 0.0005130208333333334
14 0.00046712239583333333 0.0010052083333333334 0.0003336588541666667 0.0004895833333333334
8 0.0005338541666666666 0.0009192708333333335 7.161458333333333e-05 0.00014062500000000002
8 0.0005354817708333333 0.0009218750000000002 6.510416666666667e-05 0.00013802083333333334
8 0.0007242838541666667 0.0009713541666666668 0.00017740885416666667 0.0002578125
10 0.0006005859375000001 0.0006093750000000001 2.44140625e-05 6.25e-05
12 0.0007194010416666667 0.0006197916666666667 2.7669270833333335e-05 7.291666666666667e-05
10 0.000712890625 0.0006041666666666667 1.6276041666666666e-05 5.729166666666667e-05
8 0.0007845052083333333 0.0008567708333333334 3.255208333333333e-05 5.468750000000001e-05
14 0.0010384114583333332 0.0009322916666666668 0.00026692708333333337 0.0004166666666666667
8 0.0013297526041666668 0.001080729166666667 0.00038248697916666666 0.0003619791666666667
8 0.0013118489583333335 0.0007968750000000001 0.00016276041666666668 0.00011458333333333334