8 0.00013427734375 0.00096875 0.00013346354166666669 0.00021223958333333335
8 0.0015616861979166668 0.0012265625000000002 0.0005167643229166667 0.0006549479166666667
8 0.00045735677083333327 0.0008671875000000001 9.602864583333333e-05 0.00011197916666666668
8 0.0004475911458333334 0.0008463541666666667 8.138020833333334e-05 8.593750000000001e-05
8 0.0005875651041666667 0.0008541666666666668 7.649739583333334e-05 0.00010677083333333335
8 0.00060546875 0.0008463541666666668 8.626302083333333e-05 7.552083333333335e-05
8 0.0007161458333333334 0.0008489583333333334 6.998697916666667e-05 7.552083333333335e-05
8 0.0007242838541666667 0.0008723958333333334 7.649739583333334e-05 0.00010156250000000001
7 0.0008186848958333334 0.0008411458333333335 3.255208333333333e-05 9.375000000000002e-05
7 0.0008219401041666667 0.0008671875000000001 2.9296875e-05 0.00011197916666666668
8 0.0011490885416666667 0.0009791666666666668 0.00026692708333333337 0.00042187500000000005
8 0.0011604817708333332 0.0009296875 0.0002750651041666667 0.00032552083333333337