8 0.00031204223632812504 0.0008285522460937501 0.00017852783203125002 0.00016174316406250002
8 0.00032348632812500004 0.000843048095703125 0.00018615722656250002 0.00019989013671875002
8 0.00054168701171875 0.0008872985839843751 0.0002105712890625 0.00023651123046875
12 0.00043487548828125 0.00057830810546875 3.35693359375e-05 8.544921875000001e-05
12 0.000439453125 0.00057220458984375 3.0517578125e-05 6.7138671875e-05
11 0.0005538940429687501 0.00056304931640625 3.0517578125e-05 7.019042968750001e-05
11 0.000555419921875 0.0005615234375000001 2.74658203125e-05 6.7138671875e-05
8 0.00059051513671875 0.0008514404296875001 6.40869140625e-05 0.0001434326171875
8 0.00059661865234375 0.00086212158203125 5.4931640625e-05 0.000164794921875
11 0.0006416320800781251 0.00056610107421875 2.288818359375e-05 5.7983398437500004e-05
11 0.0006500244140625 0.000567626953125 2.74658203125e-05 7.019042968750001e-05
8 0.0007713317871093751 0.0008590698242187501 0.00012054443359375 0.000164794921875
7 0.0008544921875 0.000830841064453125 3.96728515625e-05 0.00011749267578125
7 0.0008644104003906251 0.0008331298828125 3.814697265625e-05 0.0001220703125
11 0.0008666992187500001 0.0006721496582031251 2.1362304687500002e-05 4.730224609375e-05
8 0.00097198486328125 0.0007766723632812501 7.62939453125e-05 7.324218750000001e-05
11 0.000934600830078125 0.0006416320800781251 2.8991699218750002e-05 0.00010223388671875
11 0.0009292602539062501 0.0006187438964843751 2.44140625e-05 7.476806640625e-05
8 0.0014625549316406251 0.000746917724609375 7.476806640625e-05 6.561279296875e-05