8 0.0002197265625 0.0009201049804687501 0.000152587890625 0.00014648437500000002
8 0.000215911865234375 0.000905609130859375 0.00014495849609375 0.00011444091796875
8 0.00040359497070312504 0.0008934020996093751 0.00012664794921875 0.00013275146484375002
8 0.000392913818359375 0.000890350341796875 0.00011444091796875 0.00012969970703125
9 0.000507354736328125 0.0009429931640625001 2.8991699218750002e-05 0.00012512207031250002
9 0.0005081176757812501 0.0008949279785156251 2.44140625e-05 7.476806640625e-05
9 0.00053253173828125 0.00091094970703125 3.35693359375e-05 0.0001434326171875
9 0.0005310058593750001 0.0009277343750000001 3.0517578125e-05 0.00015869140625
9 0.00056304931640625 0.000911712646484375 3.35693359375e-05 0.00013275146484375002
9 0.0006256103515625 0.0009140014648437501 3.35693359375e-05 0.00012512207031250002
9 0.00063323974609375 0.0008987426757812501 3.0517578125e-05 0.0001220703125
9 0.0006591796875 0.0009216308593750001 3.96728515625e-05 0.000128173828125