8 0.00021820068359375 0.0008186340332031251 9.1552734375e-05 4.730224609375e-05
8 0.00022048950195312502 0.00080413818359375 7.781982421875001e-05 3.6621093750000005e-05
8 0.00042190551757812503 0.0008148193359375001 7.781982421875001e-05 6.7138671875e-05
8 0.000617218017578125 0.0008285522460937501 0.00012359619140625 0.00012512207031250002
11 0.000691986083984375 0.0006240844726562501 2.288818359375e-05 4.8828125e-05
11 0.0006965637207031251 0.0006301879882812501 2.288818359375e-05 5.7983398437500004e-05
11 0.000751495361328125 0.000624847412109375 2.288818359375e-05 4.730224609375e-05
11 0.0007614135742187501 0.000624847412109375 2.74658203125e-05 4.119873046875e-05
8 0.000836944580078125 0.000789642333984375 6.256103515625001e-05 6.256103515625001e-05
11 0.0009048461914062501 0.000713348388671875 2.1362304687500002e-05 4.119873046875e-05
11 0.0009162902832031251 0.0007080078125000001 2.5939941406250003e-05 5.7983398437500004e-05
8 0.001055908203125 0.00084991455078125 0.0001495361328125 0.00014648437500000002
11 0.0009483337402343751 0.00069580078125 2.288818359375e-05 5.1879882812500005e-05
11 0.000949859619140625 0.000698089599609375 2.288818359375e-05 5.9509277343750005e-05
7 0.001105499267578125 0.0009368896484375001 6.561279296875e-05 0.00026550292968750003
7 0.00111236572265625 0.000934600830078125 6.7138671875e-05 0.00025482177734375