9 7.400512695312501e-05 0.000882720947265625 3.814697265625e-05 0.00011444091796875
9 6.256103515625001e-05 0.0008796691894531251 2.44140625e-05 0.00011138916015625001
9 0.00010070800781250001 0.0009353637695312501 5.7983398437500004e-05 0.0002105712890625
9 0.00011215209960937501 0.0008697509765625 2.8991699218750002e-05 9.1552734375e-05
9 0.00012664794921875 0.0008781433105468751 2.74658203125e-05 8.392333984375e-05
9 0.000199127197265625 0.00086212158203125 2.288818359375e-05 8.850097656250001e-05
9 0.000223541259765625 0.000859832763671875 2.5939941406250003e-05 9.918212890625e-05
9 0.000258636474609375 0.00084686279296875 1.983642578125e-05 8.544921875000001e-05
12 0.000313568115234375 0.000675201416015625 2.288818359375e-05 6.256103515625001e-05
8 0.000432586669921875 0.0008666992187500001 6.561279296875e-05 8.544921875000001e-05
8 0.00043487548828125 0.000867462158203125 5.7983398437500004e-05 8.392333984375e-05
8 0.0006378173828125001 0.001010894775390625 0.00022277832031250002 0.00027313232421875003
9 0.000601959228515625 0.000762939453125 2.288818359375e-05 3.35693359375e-05
8 0.00071258544921875 0.000846099853515625 0.0001068115234375 0.00011444091796875
9 0.0007637023925781251 0.0009216308593750001 5.340576171875e-05 0.0001739501953125
12 0.0007461547851562501 0.000646209716796875 2.44140625e-05 8.392333984375e-05
9 0.00081634521484375 0.00089569091796875 5.4931640625e-05 0.0001953125
9 0.00081939697265625 0.000909423828125 5.7983398437500004e-05 0.0001983642578125
9 0.000905609130859375 0.0008491516113281251 2.5939941406250003e-05 0.00011444091796875
9 0.0009552001953125 0.0008872985839843751 3.0517578125e-05 0.00012969970703125
9 0.0012832641601562501 0.0007843017578125001 3.96728515625e-05 0.00014648437500000002
9 0.0013099670410156251 0.0008224487304687501 5.340576171875e-05 0.00017700195312500002
9 0.0013702392578125002 0.0007942199707031251 4.2724609375000004e-05 0.00018463134765625002