8 0.0001983642578125 0.001247406005859375 0.0001983642578125 0.00055999755859375
8 0.000244140625 0.000907135009765625 9.46044921875e-05 0.00012054443359375
8 0.00031280517578125 0.0008857727050781251 7.9345703125e-05 8.392333984375e-05
8 0.0007598876953125001 0.0013473510742187502 0.0005035400390625 0.0006439208984375
12 0.000453948974609375 0.00048980712890625 3.814697265625e-05 0.00010375976562500001
12 0.0006278991699218751 0.000505828857421875 3.814697265625e-05 0.00011749267578125
9 0.000783538818359375 0.0008743286132812501 3.5095214843750004e-05 0.0001068115234375
9 0.0008720397949218751 0.0008720397949218751 3.204345703125e-05 0.00011444091796875
9 0.000865936279296875 0.000875091552734375 2.5939941406250003e-05 0.00011138916015625001
12 0.00090179443359375 0.000705718994140625 4.2724609375000004e-05 0.00011749267578125
9 0.0008941650390625 0.0008666992187500001 2.1362304687500002e-05 0.0001220703125
9 0.000914764404296875 0.000872802734375 2.5939941406250003e-05 0.00012512207031250002
9 0.00094757080078125 0.0008682250976562501 3.96728515625e-05 0.000128173828125
7 0.00100555419921875 0.00089569091796875 5.1879882812500005e-05 0.0001434326171875
7 0.001047515869140625 0.00089263916015625 5.0354003906250004e-05 0.00014038085937500002
9 0.0010894775390625 0.0008872985839843751 3.35693359375e-05 0.00012969970703125
9 0.001114654541015625 0.000890350341796875 3.5095214843750004e-05 0.00013580322265625
9 0.001148223876953125 0.000882720947265625 3.204345703125e-05 0.00013580322265625
9 0.00129547119140625 0.00091705322265625 5.7983398437500004e-05 0.0002105712890625
8 0.001558685302734375 0.0008781433105468751 0.00014801025390625002 0.00013275146484375002
9 0.001448822021484375 0.000827789306640625 3.5095214843750004e-05 9.307861328125001e-05
9 0.00147857666015625 0.000811767578125 2.44140625e-05 8.544921875000001e-05