8 0.0002593994140625 0.0009468078613281251 0.00014038085937500002 9.918212890625e-05
8 0.00013656616210937502 0.0010009765625000001 0.00013580322265625 0.0001373291015625
8 0.00039901733398437503 0.0009559631347656251 4.730224609375e-05 0.00010223388671875
8 0.00055084228515625 0.00106048583984375 0.00018615722656250002 0.0002471923828125
8 0.0009140014648437501 0.000945281982421875 0.0001129150390625 0.00011749267578125
8 0.000992584228515625 0.0009620666503906251 8.392333984375e-05 0.00012054443359375
8 0.001139068603515625 0.00098876953125 0.00016326904296875002 0.00015869140625
8 0.001238250732421875 0.00089569091796875 8.697509765625e-05 6.7138671875e-05
8 0.0013130187988281252 0.000911712646484375 7.171630859375e-05 9.307861328125001e-05
8 0.0015037536621093752 0.0010238647460937501 0.00025787353515625003 0.0002105712890625
8 0.0015609741210937502 0.001067352294921875 8.23974609375e-05 0.00018768310546875