8 0.000177764892578125 0.0008720397949218751 0.00016632080078125 0.00014190673828125
8 0.000252532958984375 0.0008781433105468751 8.087158203125001e-05 0.00015106201171875
11 0.00024642944335937503 0.0002899169921875 4.119873046875e-05 0.000128173828125
11 0.000251007080078125 0.000286102294921875 4.119873046875e-05 0.00013275146484375002
8 0.00036163330078125004 0.000823211669921875 0.00011901855468750001 9.918212890625e-05
8 0.00035324096679687503 0.000852203369140625 0.00010833740234375001 0.00013275146484375002
8 0.00047912597656250003 0.00079498291015625 4.8828125e-05 5.7983398437500004e-05
11 0.00064849853515625 0.000344085693359375 3.96728515625e-05 0.00012969970703125
11 0.00104217529296875 0.0005805969238281251 3.0517578125e-05 0.00011444091796875
9 0.001192474365234375 0.00082550048828125 2.288818359375e-05 0.00016174316406250002
9 0.0011947631835937502 0.0008338928222656251 1.8310546875000003e-05 0.00016937255859375002
9 0.0012237548828125 0.0008224487304687501 2.44140625e-05 0.00016174316406250002