9 0.00046539306640625 0.0008972167968750001 2.1362304687500002e-05 0.00010070800781250001
9 0.00044174194335937504 0.000899505615234375 2.5939941406250003e-05 0.00010223388671875
9 5.0354003906250004e-05 0.001003265380859375 4.2724609375000004e-05 0.00020904541015625002
9 0.00030517578125 0.000913238525390625 3.35693359375e-05 0.00011444091796875
9 0.000325775146484375 0.000905609130859375 3.814697265625e-05 9.307861328125001e-05
9 0.00038299560546875 0.000896453857421875 3.0517578125e-05 9.613037109375001e-05
11 0.0004364013671875 0.000716400146484375 2.44140625e-05 6.256103515625001e-05
8 0.00060577392578125 0.0009002685546875 4.8828125e-05 0.00010375976562500001
8 0.0007781982421875 0.001018524169921875 0.0001983642578125 0.00033111572265625004
8 0.001032257080078125 0.0008796691894531251 0.00015106201171875 0.00011749267578125
11 0.000914764404296875 0.000698089599609375 3.204345703125e-05 7.781982421875001e-05
8 0.00125732421875 0.0011192321777343751 0.00032348632812500004 0.00038299560546875
8 0.0015594482421875 0.001528167724609375 0.0004547119140625 0.0008987426757812501