9 0.0002978515625 0.0009348958333333333 3.580729166666667e-05 0.00011458333333333334
9 0.00032877604166666667 0.0009348958333333335 2.9296875e-05 0.00011197916666666668
8 0.0005517578125 0.0009244791666666668 8.951822916666667e-05 0.00011718750000000002
8 0.0005777994791666667 0.0008932291666666668 4.3945312500000005e-05 8.072916666666668e-05
8 0.0006998697916666667 0.0008671875000000001 5.0455729166666666e-05 5.729166666666667e-05
8 0.0008349609375 0.0009270833333333333 6.34765625e-05 0.0001432291666666667
8 0.00083984375 0.0009218750000000002 6.673177083333334e-05 0.0001432291666666667
8 0.0008984375000000001 0.0009661458333333335 7.649739583333334e-05 0.00021875000000000003
8 0.0009733072916666667 0.0010703125 0.00013509114583333334 0.00036718750000000006
8 0.0009619140625 0.0011093750000000001 0.00012044270833333335 0.0004270833333333334
8 0.0015478515625 0.0012864583333333337 0.0006461588541666666 0.0007161458333333334