8 0.00021667480468750002 0.000830841064453125 6.7138671875e-05 7.781982421875001e-05
8 0.0002899169921875 0.000820159912109375 5.7983398437500004e-05 5.9509277343750005e-05
8 0.000313568115234375 0.000820159912109375 4.730224609375e-05 7.476806640625e-05
8 0.00033874511718750004 0.0008171081542968751 5.7983398437500004e-05 6.256103515625001e-05
8 0.00038070678710937504 0.000804901123046875 7.781982421875001e-05 7.476806640625e-05
8 0.000377655029296875 0.000815582275390625 4.4250488281250005e-05 6.256103515625001e-05
8 0.0004890441894531251 0.00084686279296875 0.00011138916015625001 0.0001434326171875
8 0.0006965637207031251 0.00080413818359375 4.730224609375e-05 9.1552734375e-05
8 0.0007598876953125001 0.000797271728515625 4.57763671875e-05 6.256103515625001e-05
8 0.0008209228515625001 0.000815582275390625 6.40869140625e-05 8.392333984375e-05
8 0.0009468078613281251 0.0008491516113281251 5.645751953125e-05 0.00017242431640625
8 0.0009918212890625 0.0008331298828125 9.765625e-05 0.0001739501953125
8 0.0010498046875 0.0008544921875 0.00011901855468750001 0.00015869140625
8 0.0011077880859375001 0.00081024169921875 7.9345703125e-05 8.850097656250001e-05
8 0.0013442993164062501 0.0007919311523437501 0.0001373291015625 8.850097656250001e-05
8 0.0013580322265625 0.000798797607421875 0.00014038085937500002 9.307861328125001e-05
8 0.001453399658203125 0.000791168212890625 0.00010528564453125 9.307861328125001e-05