8 0.0001312255859375 0.001030731201171875 0.0001312255859375 0.00019989013671875002
8 0.00023193359375000002 0.00098114013671875 0.00011596679687500001 0.00017700195312500002
8 0.000298309326171875 0.0009140014648437501 7.171630859375e-05 0.00010375976562500001
8 0.00029678344726562504 0.0009429931640625001 6.866455078125e-05 0.000128173828125
8 0.00037307739257812504 0.0008666992187500001 8.392333984375e-05 6.7138671875e-05
8 0.0006492614746093751 0.0010963439941406251 0.00027923583984375 0.00041961669921875
8 0.000724029541015625 0.0008491516113281251 6.561279296875e-05 7.476806640625e-05
8 0.0007141113281250001 0.0008666992187500001 4.8828125e-05 0.00010986328125
8 0.00101318359375 0.00099945068359375 0.0002105712890625 0.00026550292968750003
9 0.0012985229492187501 0.000974273681640625 7.9345703125e-05 0.00027008056640625
9 0.0012969970703125 0.0009895324707031251 7.324218750000001e-05 0.00029449462890625
9 0.0014091491699218751 0.00098724365234375 5.0354003906250004e-05 0.00033874511718750004
9 0.00140228271484375 0.0009796142578125 4.2724609375000004e-05 0.0003204345703125