8 0.0015616861979166668 0.0010768229166666667 0.00042154947916666664 0.0004088541666666667
9 0.00010253906250000001 0.000953125 4.3945312500000005e-05 0.0001510416666666667
8 0.00026529947916666667 0.0009114583333333335 0.00010904947916666668 0.00011718750000000002
12 0.00023111979166666664 0.0007005208333333334 3.4179687499999996e-05 9.895833333333334e-05
8 0.00035481770833333334 0.0009114583333333335 9.27734375e-05 9.375000000000002e-05
8 0.00035156250000000004 0.0008541666666666668 7.649739583333334e-05 6.25e-05
8 0.0005257161458333334 0.0009348958333333335 0.00010579427083333334 0.00012760416666666668
8 0.0006070963541666667 0.0008828125000000001 5.533854166666667e-05 5.9895833333333344e-05
8 0.0008512369791666667 0.0009218750000000002 9.765625e-05 0.00011979166666666669
8 0.0008479817708333334 0.0009192708333333335 8.626302083333333e-05 9.895833333333334e-05
10 0.0009488932291666667 0.0006588541666666667 3.580729166666667e-05 0.00011197916666666668