8 0.00019042968750000003 0.0008958333333333334 0.00011555989583333335 8.333333333333334e-05
8 0.0002587890625 0.0009062500000000002 0.00015299479166666668 0.00014062500000000002
8 0.00024739583333333335 0.0009088541666666668 0.00013509114583333334 0.00014843750000000002
8 0.000283203125 0.0009088541666666669 5.533854166666667e-05 0.00013802083333333334
8 0.0005566406250000001 0.0008854166666666668 7.649739583333334e-05 9.375000000000002e-05
8 0.0005452473958333333 0.0008854166666666667 6.34765625e-05 8.333333333333334e-05
8 0.0005989583333333333 0.0008593750000000001 4.8828125e-05 6.25e-05
12 0.0006038411458333334 0.0007031250000000002 1.46484375e-05 4.687500000000001e-05
8 0.0007503255208333334 0.0009479166666666668 0.00012369791666666668 0.00018489583333333335
11 0.0006819661458333333 0.0006875000000000001 1.6276041666666666e-05 4.4270833333333337e-05
11 0.0007454427083333334 0.0006979166666666668 1.46484375e-05 4.687500000000001e-05