8 0.00012288411458333333 0.0009947916666666668 0.0001220703125 0.00018750000000000003
9 0.0015616861979166668 0.0008997395833333336 3.580729166666667e-05 0.0002682291666666667
8 0.00026529947916666667 0.0009348958333333335 0.00018229166666666667 0.00011197916666666668
8 0.00016927083333333334 0.0009791666666666668 6.510416666666667e-05 0.00014843750000000002
8 0.0002685546875 0.0009375000000000002 0.00010579427083333334 0.00011197916666666668
8 0.00034179687500000003 0.0009322916666666669 0.0001220703125 0.000125
8 0.0004036458333333334 0.0008932291666666667 0.00010253906250000001 8.593750000000001e-05
8 0.00044921874999999997 0.0008932291666666667 6.998697916666667e-05 7.552083333333335e-05
8 0.0007080078125000001 0.0009427083333333335 0.00012858072916666668 0.00016145833333333336
11 0.0007356770833333334 0.000765625 1.6276041666666666e-05 4.947916666666667e-05
8 0.0009098307291666666 0.0008723958333333335 0.00013020833333333333 0.00011197916666666668
8 0.0009814453125 0.0008906250000000001 0.00017252604166666667 0.00011197916666666668
9 0.0010937499999999999 0.0008697916666666667 3.092447916666667e-05 0.00014583333333333335
9 0.0011279296875 0.0008802083333333334 4.3945312500000005e-05 0.0001510416666666667
9 0.0011197916666666667 0.0008697916666666668 3.092447916666667e-05 0.00014062500000000002
9 0.0011604817708333332 0.0008723958333333334 3.906250000000001e-05 0.00014843750000000002