11 0.00014495849609375 0.0006698608398437501 3.96728515625e-05 0.00010986328125
8 0.000528717041015625 0.00081024169921875 5.645751953125e-05 6.7138671875e-05
8 0.0005340576171875 0.00081024169921875 5.7983398437500004e-05 7.019042968750001e-05
8 0.0005706787109375 0.000804901123046875 5.1879882812500005e-05 8.087158203125001e-05
8 0.000872802734375 0.000876617431640625 0.0001434326171875 0.00018157958984375
11 0.0008262634277343751 0.00051116943359375 2.5939941406250003e-05 9.1552734375e-05
11 0.00098724365234375 0.0006431579589843751 3.0517578125e-05 8.087158203125001e-05
11 0.000980377197265625 0.0006561279296875 1.983642578125e-05 5.7983398437500004e-05
8 0.00126953125 0.000838470458984375 9.46044921875e-05 0.00013580322265625
8 0.0012413024902343751 0.000807952880859375 6.256103515625001e-05 8.087158203125001e-05
8 0.0015609741210937502 0.0008209228515625001 0.0003204345703125 0.000164794921875