8 0.00032958984375 0.0008026123046875 8.850097656250001e-05 5.7983398437500004e-05
8 0.000325775146484375 0.0008171081542968751 7.781982421875001e-05 4.4250488281250005e-05
8 0.000606536865234375 0.0008392333984375 0.00012359619140625 0.00012512207031250002
11 0.0007118225097656251 0.0006591796875 2.288818359375e-05 5.7983398437500004e-05
11 0.000713348388671875 0.0006591796875 2.288818359375e-05 4.8828125e-05
11 0.000762939453125 0.000653839111328125 2.74658203125e-05 4.119873046875e-05
11 0.000762176513671875 0.000661468505859375 2.288818359375e-05 4.730224609375e-05
8 0.0008476257324218751 0.0007865905761718751 6.256103515625001e-05 6.256103515625001e-05
11 0.000890350341796875 0.0007293701171875001 2.5939941406250003e-05 5.7983398437500004e-05
7 0.0009765625 0.000846099853515625 4.2724609375000004e-05 0.00012969970703125
7 0.000977325439453125 0.00084075927734375 3.814697265625e-05 0.000128173828125