9 6.673177083333334e-05 0.0010247395833333332 4.638671875e-05 0.00026302083333333337
9 0.00145263671875 0.0011119791666666667 9.521484375e-05 0.0004765625
9 2.8483072916666664e-05 0.0010364583333333335 2.7669270833333335e-05 0.00031250000000000006
9 0.00010416666666666667 0.0010208333333333334 4.3945312500000005e-05 0.0002604166666666667
7 0.00016113281250000003 0.0009609375 3.4179687499999996e-05 0.00010416666666666667
9 0.0004003906250000001 0.0009010416666666667 2.604166666666667e-05 0.00011458333333333334
9 0.0004166666666666667 0.0009244791666666668 1.9531250000000004e-05 0.00010416666666666667
8 0.0006054687500000001 0.0009244791666666668 7.324218750000001e-05 8.333333333333334e-05
9 0.0005989583333333334 0.0009322916666666668 6.673177083333334e-05 8.593750000000001e-05
8 0.0007145182291666667 0.0009192708333333335 6.510416666666667e-05 8.593750000000001e-05
9 0.001044921875 0.0010156250000000003 7.486979166666666e-05 0.0003072916666666667
9 0.0010286458333333335 0.0010104166666666666 5.0455729166666666e-05 0.00030989583333333336