9 0.00147857666015625 0.0012596130371093752 0.00014038085937500002 0.00064849853515625
9 5.340576171875e-05 0.000911712646484375 2.74658203125e-05 0.00011138916015625001
9 6.9427490234375e-05 0.000911712646484375 2.5939941406250003e-05 0.00011138916015625001
9 8.3160400390625e-05 0.00090789794921875 1.678466796875e-05 0.00010375976562500001
12 9.8419189453125e-05 0.000720977783203125 2.8991699218750002e-05 7.781982421875001e-05
7 0.00015029907226562502 0.0009033203125 7.476806640625e-05 0.00012512207031250002
9 0.000145721435546875 0.0009033203125 3.814697265625e-05 0.00012512207031250002
7 0.00013656616210937502 0.00089263916015625 1.678466796875e-05 0.0001068115234375
9 0.000148773193359375 0.0009033203125 2.5939941406250003e-05 0.00012512207031250002
9 0.000171661376953125 0.0009010314941406251 2.288818359375e-05 0.00012054443359375
7 0.00019989013671875002 0.0008934020996093751 4.8828125e-05 0.00011138916015625001
9 0.00019683837890625 0.000875091552734375 2.74658203125e-05 9.918212890625e-05
8 0.00033721923828125 0.0008781433105468751 0.0001373291015625 0.00011444091796875
14 0.000335693359375 0.0008796691894531251 0.000128173828125 0.00012969970703125
14 0.00041809082031250003 0.0008438110351562501 8.850097656250001e-05 8.850097656250001e-05
8 0.00043182373046875 0.0008514404296875001 9.765625e-05 9.1552734375e-05
8 0.000431060791015625 0.000868988037109375 9.002685546875e-05 7.476806640625e-05
9 0.00046463012695312504 0.000859832763671875 3.814697265625e-05 0.00011444091796875
14 0.00059051513671875 0.0008666992187500001 0.00015563964843750002 0.0002288818359375
8 0.0006546020507812501 0.0008285522460937501 4.8828125e-05 5.1879882812500005e-05
12 0.0007156372070312501 0.00054473876953125 3.0517578125e-05 8.544921875000001e-05
9 0.0010124206542968751 0.001288604736328125 0.00026702880859375 0.00067901611328125
9 0.000980377197265625 0.001284027099609375 0.00023040771484375002 0.00066375732421875
8 0.0008285522460937501 0.000827789306640625 5.7983398437500004e-05 5.9509277343750005e-05
8 0.000823211669921875 0.0008331298828125 5.0354003906250004e-05 6.7138671875e-05
12 0.0008285522460937501 0.00055999755859375 3.35693359375e-05 0.0001068115234375
8 0.0011871337890625002 0.0008720397949218751 0.0002532958984375 0.00015106201171875
12 0.001041412353515625 0.0006874084472656251 3.204345703125e-05 9.918212890625e-05