8 0.000176239013671875 0.0008819580078125001 0.00017547607421875 0.00010375976562500001
8 0.000691986083984375 0.0008544921875 3.204345703125e-05 7.324218750000001e-05
8 0.0007347106933593751 0.0008438110351562501 4.119873046875e-05 5.4931640625e-05
8 0.000823211669921875 0.00082550048828125 4.4250488281250005e-05 5.7983398437500004e-05
12 0.000876617431640625 0.000640106201171875 2.288818359375e-05 8.087158203125001e-05
12 0.0010276794433593751 0.0006278991699218751 2.5939941406250003e-05 8.087158203125001e-05
12 0.00114898681640625 0.0007423400878906251 2.44140625e-05 8.392333984375e-05
8 0.001329803466796875 0.0008575439453125 7.171630859375e-05 7.324218750000001e-05
10 0.0013633728027343751 0.000148773193359375 5.9509277343750005e-05 0.00014801025390625002
11 0.00135345458984375 0.00011520385742187501 4.2724609375000004e-05 0.00011444091796875
8 0.0014190673828125 0.0008544921875 0.0001068115234375 7.324218750000001e-05
8 0.0015350341796875001 0.0008415222167968751 0.0001373291015625 6.561279296875e-05