8 0.0003271484375 0.0009088541666666669 0.00011555989583333335 0.00012760416666666668
8 0.000322265625 0.0008984375000000001 0.00010579427083333334 0.00010677083333333335
8 0.000419921875 0.0008723958333333334 8.30078125e-05 8.333333333333334e-05
8 0.0004964192708333334 0.0008750000000000001 8.138020833333334e-05 0.00010416666666666667
8 0.0004947916666666667 0.0008697916666666668 7.812500000000002e-05 9.114583333333334e-05
8 0.0005322265624999999 0.0008411458333333335 4.720052083333334e-05 6.510416666666668e-05
8 0.0005338541666666667 0.0008489583333333335 4.557291666666667e-05 5.208333333333334e-05
12 0.0006054687500000001 0.0006979166666666668 1.46484375e-05 4.687500000000001e-05
12 0.0006640625 0.0007135416666666668 1.6276041666666666e-05 5.468750000000001e-05
8 0.0007014973958333334 0.0008333333333333334 5.0455729166666666e-05 5.468750000000001e-05
12 0.000771484375 0.0007473958333333334 2.9296875e-05 5.729166666666667e-05
8 0.0013346354166666667 0.0008151041666666668 0.00014485677083333334 7.031250000000001e-05