8 0.00018157958984375 0.001000213623046875 0.0001800537109375 0.00021514892578125002
8 0.00104217529296875 0.0009559631347656251 0.0002044677734375 0.00021820068359375
8 0.00028533935546875 0.0009445190429687501 0.0001373291015625 0.0001739501953125
8 0.00046463012695312504 0.0008834838867187501 0.00010833740234375001 0.0001434326171875
14 0.000470733642578125 0.0008720397949218751 0.00010833740234375001 0.00013580322265625
8 0.00055084228515625 0.000853729248046875 7.019042968750001e-05 8.087158203125001e-05
8 0.000551605224609375 0.0008567810058593751 6.866455078125e-05 8.392333984375e-05
8 0.000586700439453125 0.000848388671875 5.340576171875e-05 7.019042968750001e-05
8 0.000690460205078125 0.0008071899414062501 4.119873046875e-05 3.6621093750000005e-05
7 0.000731658935546875 0.000830841064453125 1.983642578125e-05 5.9509277343750005e-05
8 0.0008697509765625 0.00091094970703125 6.40869140625e-05 0.00014038085937500002