9 0.0008374023437499999 0.0008398437500000002 2.5227864583333333e-05 7.812500000000002e-05
9 0.0008634440104166668 0.0008502604166666667 2.0345052083333336e-05 9.244791666666668e-05
8 0.00024739583333333335 0.0009088541666666669 0.00012044270833333335 0.00012760416666666668
8 0.00031575520833333336 0.0008958333333333334 7.324218750000001e-05 0.00010416666666666667
8 0.0007731119791666667 0.0013515625000000001 0.0005159505208333333 0.0006614583333333333
12 0.0004557291666666666 0.0004843750000000001 3.4179687499999996e-05 0.00010156250000000001
12 0.0006266276041666666 0.0005052083333333334 3.4179687499999996e-05 0.00011458333333333334
7 0.0008219401041666668 0.0008854166666666667 5.208333333333334e-05 0.00011458333333333334
12 0.0008984374999999999 0.0006927083333333334 3.743489583333333e-05 0.00010156250000000001
8 0.0011067708333333333 0.0009114583333333336 0.0002408854166666667 0.0001432291666666667
7 0.0010530598958333334 0.0008411458333333334 3.4179687499999996e-05 8.593750000000001e-05
8 0.0013932291666666667 0.0009166666666666668 0.00027832031250000003 0.00019010416666666668
9 0.00150390625 0.0010208333333333334 0.00012532552083333333 0.0003359375000000001
9 0.0014990234375000001 0.0010286458333333335 0.00011393229166666668 0.0003385416666666667