8 0.0005289713541666667 0.0008697916666666668 8.138020833333334e-05 4.947916666666667e-05
12 0.0005794270833333333 0.0007187500000000001 1.9531250000000004e-05 4.947916666666667e-05
8 0.0006559244791666667 0.0008671875000000001 4.8828125e-05 6.25e-05
12 0.0006412760416666667 0.0007343750000000001 2.2786458333333334e-05 5.9895833333333344e-05
8 0.0007210286458333334 0.0008750000000000001 6.0221354166666675e-05 8.593750000000001e-05
12 0.000703125 0.0007343750000000001 2.2786458333333334e-05 4.166666666666667e-05
8 0.0007861328125000002 0.0008958333333333334 7.975260416666667e-05 0.00010937500000000002
10 0.0007666015625 0.0007994791666666668 2.2786458333333334e-05 5.208333333333334e-05
8 0.0008821614583333333 0.0008463541666666668 7.486979166666666e-05 4.687500000000001e-05
12 0.00087890625 0.0007786458333333334 1.9531250000000004e-05 6.25e-05
8 0.0010888671875 0.0009348958333333335 0.00014485677083333334 0.00016145833333333336