8 0.000530242919921875 0.00081787109375 9.307861328125001e-05 9.46044921875e-05
9 0.00052642822265625 0.0008247375488281251 2.1362304687500002e-05 9.307861328125001e-05
7 0.00010452270507812501 0.0008720397949218751 5.9509277343750005e-05 0.00011138916015625001
7 9.689331054687501e-05 0.000867462158203125 4.4250488281250005e-05 9.307861328125001e-05
8 0.000450897216796875 0.0008720397949218751 0.00029754638671875 0.00016937255859375002
12 0.00033874511718750004 0.000690460205078125 2.1362304687500002e-05 6.561279296875e-05
12 0.00034942626953125003 0.000689697265625 3.0517578125e-05 7.019042968750001e-05
9 0.0003814697265625 0.00084686279296875 3.35693359375e-05 0.00010375976562500001
9 0.0006889343261718751 0.0009796142578125 9.613037109375001e-05 0.0003204345703125
14 0.000736236572265625 0.000807952880859375 0.00011138916015625001 0.00018768310546875
9 0.000787353515625 0.00098419189453125 8.850097656250001e-05 0.0003021240234375
9 0.000844573974609375 0.000994873046875 6.256103515625001e-05 0.00035705566406250003
12 0.0008544921875 0.00055999755859375 2.74658203125e-05 8.544921875000001e-05
12 0.0009506225585937501 0.000567626953125 2.74658203125e-05 8.850097656250001e-05
8 0.001108551025390625 0.0008331298828125 0.00012359619140625 8.544921875000001e-05
12 0.00113372802734375 0.00067901611328125 2.74658203125e-05 8.544921875000001e-05
8 0.001409912109375 0.000844573974609375 0.00017700195312500002 0.00010223388671875
9 0.0013702392578125002 0.001018524169921875 9.1552734375e-05 0.00032806396484375