9 0.00012044270833333335 0.0008958333333333334 3.092447916666667e-05 0.00010937500000000002
8 0.0007942708333333334 0.0013437500000000001 0.0006315104166666667 0.0008255208333333334
12 0.00021647135416666665 0.0006822916666666668 3.092447916666667e-05 2.8645833333333336e-05
10 0.0005712890625 0.0005286458333333334 1.7903645833333333e-05 6.25e-05
11 0.0007242838541666667 0.0005468749999999999 2.7669270833333335e-05 7.291666666666667e-05
14 0.0014225260416666668 0.0010677083333333335 0.0006119791666666667 0.0008750000000000001
8 0.0015592447916666667 0.0014218750000000002 0.00022298177083333333 0.0006197916666666667
9 0.0014599609375 0.0008671875000000001 4.557291666666667e-05 0.00021875000000000003
14 0.0015185546875000002 0.0007239583333333334 0.00010091145833333333 8.072916666666668e-05
9 0.0014908854166666666 0.0008567708333333334 3.092447916666667e-05 0.00015625000000000003
9 0.0015185546875 0.0008515625000000001 3.092447916666667e-05 0.00017187500000000002