9 0.000193023681640625 0.0008285522460937501 3.814697265625e-05 7.324218750000001e-05
9 0.000191497802734375 0.000844573974609375 3.5095214843750004e-05 8.087158203125001e-05
9 0.000366973876953125 0.00115814208984375 0.00011138916015625001 0.00046081542968750004
9 0.00038909912109375 0.001085662841796875 7.019042968750001e-05 0.00038299560546875
7 0.000457763671875 0.0008644104003906251 4.2724609375000004e-05 0.00011138916015625001
9 0.000540924072265625 0.001116943359375 0.00012054443359375 0.00046386718750000003
8 0.0007560729980468751 0.001001739501953125 0.00026092529296875 0.00027008056640625
9 0.00067901611328125 0.001097869873046875 9.46044921875e-05 0.00037689208984375004
8 0.0009819030761718751 0.00084686279296875 0.00020904541015625002 0.00014648437500000002
8 0.0010467529296875001 0.000844573974609375 0.00015563964843750002 0.00011749267578125
8 0.001116180419921875 0.00082550048828125 0.00016326904296875002 0.0001220703125