8 0.0015617370605468751 0.0015113830566406252 0.00041961669921875 0.0011306762695312501
8 0.000209808349609375 0.00113983154296875 0.00020904541015625002 0.000634765625
8 0.000386810302734375 0.00106048583984375 0.00021820068359375 0.00032348632812500004
8 0.00037994384765625003 0.001036834716796875 0.0002044677734375 0.00027618408203125
8 0.000476837158203125 0.0009506225585937501 0.00016326904296875002 0.0002471923828125
8 0.000485992431640625 0.0009735107421875001 0.00012664794921875 0.00028076171875000003
8 0.0005119323730468751 0.0009292602539062501 3.5095214843750004e-05 0.00015563964843750002
8 0.0006759643554687501 0.000881195068359375 8.850097656250001e-05 0.00012054443359375
8 0.0007484436035156251 0.0008781433105468751 4.730224609375e-05 0.00011444091796875
8 0.000745391845703125 0.000852203369140625 4.4250488281250005e-05 8.087158203125001e-05
8 0.000766754150390625 0.0008796691894531251 2.8991699218750002e-05 0.00011749267578125
8 0.0007942199707031251 0.000890350341796875 2.8991699218750002e-05 0.00013275146484375002
8 0.000936126708984375 0.000952911376953125 0.00016632080078125 0.00023651123046875
8 0.00092315673828125 0.0009010314941406251 0.0001434326171875 0.00016937255859375002
8 0.0011444091796875 0.001129150390625 0.00020141601562500002 0.000439453125
8 0.001143646240234375 0.00109100341796875 0.00019683837890625 0.00036926269531250004