11 0.00012054443359375 0.000821685791015625 5.7983398437500004e-05 0.00025787353515625003
8 0.00023956298828125002 0.00098876953125 0.0002044677734375 0.00015563964843750002
8 0.00024642944335937503 0.0009796142578125 0.00020599365234375 0.00016174316406250002
8 0.000594329833984375 0.0010047912597656251 0.00023040771484375002 0.00025482177734375
8 0.000646209716796875 0.00089569091796875 7.171630859375e-05 8.850097656250001e-05
11 0.0006988525390625001 0.00078125 1.8310546875000003e-05 6.7138671875e-05
8 0.000777435302734375 0.0008636474609375 4.730224609375e-05 6.7138671875e-05
11 0.000991058349609375 0.0005805969238281251 3.204345703125e-05 7.781982421875001e-05
11 0.00098419189453125 0.000583648681640625 1.8310546875000003e-05 6.256103515625001e-05
8 0.001215362548828125 0.0009033203125 0.00013885498046875 0.000128173828125
11 0.0011764526367187501 0.000726318359375 1.8310546875000003e-05 5.1879882812500005e-05