8 0.0003662109375 0.0009479166666666668 0.0001806640625 0.00015885416666666668
11 0.00039225260416666667 0.0007031250000000002 2.604166666666667e-05 7.812500000000002e-05
9 0.00041015625000000004 0.0008854166666666668 3.092447916666667e-05 0.00011197916666666668
8 0.0007470703125 0.0011692708333333334 0.0003483072916666667 0.0004166666666666667
8 0.0004964192708333333 0.0008723958333333334 6.34765625e-05 0.00010416666666666667
8 0.0007942708333333334 0.0009869791666666668 0.00016276041666666668 0.0002760416666666667
8 0.0008919270833333333 0.0009166666666666668 0.000126953125 0.0001744791666666667
11 0.0008268229166666667 0.0006796875000000002 2.9296875e-05 9.114583333333334e-05
9 0.0009130859375 0.0009270833333333335 4.557291666666667e-05 0.0001953125
9 0.0009309895833333334 0.0009479166666666668 2.44140625e-05 0.00023437500000000005
9 0.0009602864583333334 0.0009192708333333335 4.069010416666667e-05 0.00019270833333333336
9 0.0010367838541666665 0.0008281250000000001 2.604166666666667e-05 0.00010677083333333335
8 0.001181640625 0.0008697916666666668 0.00017089843750000002 0.000125
8 0.0011800130208333333 0.0008854166666666668 0.000166015625 0.00015364583333333335
9 0.0011214192708333334 0.0008203125000000001 2.2786458333333334e-05 0.00010937500000000002
9 0.0011360677083333333 0.0008046875000000001 3.255208333333333e-05 9.375000000000002e-05
9 0.0012337239583333334 0.0008437500000000001 6.835937499999999e-05 0.00011979166666666669
8 0.0015608723958333334 0.0013854166666666667 0.00022135416666666668 0.0008203125000000001