9 8.7890625e-05 0.0008619791666666667 2.1158854166666667e-05 7.031250000000001e-05
9 0.00011067708333333334 0.0008593750000000001 2.9296875e-05 7.812500000000002e-05
8 0.00018717447916666665 0.0008750000000000001 9.114583333333334e-05 9.635416666666668e-05
8 0.00017903645833333335 0.0008697916666666667 8.138020833333334e-05 8.593750000000001e-05
8 0.000234375 0.0008437500000000001 5.208333333333334e-05 6.770833333333334e-05
8 0.0006722005208333334 0.0009609375000000002 0.00015950520833333333 0.0002291666666666667
8 0.0008284505208333333 0.0008411458333333334 0.00010253906250000001 7.291666666666667e-05
8 0.0008430989583333335 0.0008567708333333334 0.00010742187500000001 8.593750000000001e-05
8 0.0008902994791666667 0.0008854166666666667 5.208333333333334e-05 0.00011458333333333334
9 0.0010074869791666667 0.0009036458333333334 0.0001318359375 0.00014583333333333335
8 0.0010026041666666666 0.0009010416666666667 0.00012369791666666668 0.0001354166666666667
8 0.0013232421875000002 0.0009583333333333335 0.0003271484375 0.00025520833333333336