8 0.00041809082031250003 0.000919342041015625 0.00014648437500000002 0.00013275146484375002
8 0.00042190551757812503 0.000937652587890625 0.00014801025390625002 0.00015411376953125002
14 0.00057525634765625 0.000876617431640625 0.000128173828125 0.00021820068359375
14 0.00059051513671875 0.000897979736328125 0.0001373291015625 0.00025787353515625003
8 0.000591278076171875 0.0008514404296875001 2.288818359375e-05 6.7138671875e-05
8 0.00060577392578125 0.00084686279296875 2.1362304687500002e-05 5.7983398437500004e-05
8 0.000624847412109375 0.0008338928222656251 2.5939941406250003e-05 4.730224609375e-05
8 0.0007980346679687501 0.000853729248046875 3.0517578125e-05 9.307861328125001e-05
8 0.0008132934570312501 0.000861358642578125 3.35693359375e-05 7.476806640625e-05
8 0.0008636474609375 0.0008781433105468751 6.40869140625e-05 9.613037109375001e-05
8 0.000891876220703125 0.000914764404296875 4.119873046875e-05 0.00013580322265625
8 0.00108184814453125 0.000977325439453125 0.000225830078125 0.00026092529296875
8 0.0010955810546875 0.000977325439453125 0.0002288818359375 0.00024261474609375