8 5.7220458984375e-05 0.0009933471679687501 5.645751953125e-05 0.0002777099609375
8 0.00031280517578125 0.000867462158203125 0.000164794921875 0.00011444091796875
8 0.00030746459960937503 0.0008644104003906251 0.00015106201171875 0.00013275146484375002
8 0.00036544799804687504 0.0008224487304687501 6.256103515625001e-05 5.1879882812500005e-05
8 0.00044860839843750003 0.00081787109375 7.324218750000001e-05 4.8828125e-05
8 0.0005043029785156251 0.0008224487304687501 6.561279296875e-05 7.019042968750001e-05
8 0.0006263732910156251 0.00082550048828125 7.476806640625e-05 6.7138671875e-05
8 0.0007064819335937501 0.0008224487304687501 4.2724609375000004e-05 7.019042968750001e-05
12 0.0006950378417968751 0.000567626953125 2.5939941406250003e-05 5.4931640625e-05
8 0.0007827758789062501 0.0008666992187500001 8.23974609375e-05 0.0001220703125
12 0.00081024169921875 0.0007102966308593751 2.44140625e-05 6.256103515625001e-05
12 0.000814056396484375 0.000598907470703125 2.5939941406250003e-05 6.561279296875e-05
8 0.00083160400390625 0.000852203369140625 3.0517578125e-05 9.918212890625e-05
8 0.0008575439453125 0.000852203369140625 2.74658203125e-05 8.392333984375e-05
8 0.000937652587890625 0.0008666992187500001 9.307861328125001e-05 0.00010986328125
12 0.000868988037109375 0.000745391845703125 1.678466796875e-05 4.4250488281250005e-05
8 0.0008941650390625 0.0008636474609375 3.96728515625e-05 0.00010375976562500001
8 0.0010391235351562501 0.000909423828125 0.00015563964843750002 0.00015869140625
12 0.00094757080078125 0.000731658935546875 2.44140625e-05 6.561279296875e-05
12 0.001003265380859375 0.0006805419921875 2.5939941406250003e-05 5.4931640625e-05
9 0.0013336181640625 0.0008567810058593751 3.96728515625e-05 0.00013275146484375002
9 0.0013282775878906252 0.00083160400390625 2.8991699218750002e-05 0.00010986328125
9 0.0014122009277343752 0.000838470458984375 3.5095214843750004e-05 0.00012969970703125
9 0.00141448974609375 0.0008438110351562501 3.35693359375e-05 0.0001220703125