8 0.0015609741210937502 0.00099945068359375 0.000518798828125 0.00037231445312500003
8 4.5013427734375e-05 0.0009216308593750001 4.4250488281250005e-05 0.0001739501953125
9 2.8228759765625e-05 0.0008209228515625001 2.5939941406250003e-05 5.4931640625e-05
8 0.0002685546875 0.0009239196777343751 0.000152587890625 0.00016632080078125
8 0.00025634765625 0.0009086608886718751 0.0001312255859375 0.00013580322265625
8 0.000424957275390625 0.0009216308593750001 0.00016021728515625 0.0001953125
8 0.00041503906250000004 0.0009140014648437501 0.00014038085937500002 0.0001739501953125
8 0.00045700073242187504 0.0008666992187500001 4.4250488281250005e-05 0.00012512207031250002
8 0.000617218017578125 0.00087738037109375 0.00010223388671875 0.000164794921875
8 0.0006393432617187501 0.00082550048828125 2.1362304687500002e-05 7.324218750000001e-05
8 0.000726318359375 0.00084686279296875 8.850097656250001e-05 0.0001068115234375
8 0.0007179260253906251 0.0008323669433593751 7.476806640625e-05 7.476806640625e-05
10 0.00093231201171875 0.000537109375 4.57763671875e-05 0.0001434326171875
9 0.000936126708984375 0.00088043212890625 2.8991699218750002e-05 0.0001983642578125
9 0.001009368896484375 0.0008644104003906251 4.4250488281250005e-05 0.00020294189453125
9 0.0010314941406250001 0.0008514404296875001 3.0517578125e-05 0.0001983642578125
9 0.001079559326171875 0.000838470458984375 4.4250488281250005e-05 0.00016632080078125