8 0.00026550292968750003 0.0008880615234375 8.23974609375e-05 0.00010986328125
8 0.00025787353515625003 0.0008567810058593751 6.7138671875e-05 7.781982421875001e-05
8 0.0004364013671875 0.0008338928222656251 4.8828125e-05 6.561279296875e-05
8 0.00045013427734375 0.0008415222167968751 5.1879882812500005e-05 7.781982421875001e-05
8 0.000505828857421875 0.000827789306640625 4.730224609375e-05 5.9509277343750005e-05
11 0.0006950378417968751 0.00066375732421875 2.8991699218750002e-05 5.1879882812500005e-05
8 0.0007347106933593751 0.0008094787597656251 6.866455078125e-05 6.561279296875e-05
11 0.0007423400878906251 0.0006721496582031251 2.288818359375e-05 4.730224609375e-05
8 0.000853729248046875 0.0009033203125 0.00012969970703125 0.000164794921875
11 0.0008758544921875001 0.0007270812988281251 2.1362304687500002e-05 4.730224609375e-05
8 0.001151275634765625 0.0008285522460937501 0.00016326904296875002 0.00010375976562500001