10 0.00025716145833333336 0.0002447916666666667 0.00025716145833333336 0.0002447916666666667
10 0.0001611328125 0.00020312500000000002 0.00011881510416666666 0.0001953125
8 0.000166015625 0.0008619791666666667 5.859375e-05 8.333333333333334e-05
8 0.00017903645833333335 0.0008046875000000001 6.510416666666667e-05 4.947916666666667e-05
8 0.0003466796875 0.0008359375000000001 0.00015950520833333333 9.895833333333334e-05
8 0.00038899739583333337 0.0008593750000000001 9.114583333333334e-05 0.00011718750000000002
8 0.0005029296875 0.0008802083333333334 0.0001611328125 0.00012239583333333335
8 0.0005891927083333334 0.0008671875000000001 0.00011230468749999999 0.00011979166666666669
8 0.0006298828125 0.0008046875000000001 4.069010416666667e-05 5.468750000000001e-05
8 0.000693359375 0.0008203125000000001 4.8828125e-05 7.291666666666667e-05
8 0.0006966145833333334 0.0008125000000000001 5.0455729166666666e-05 6.510416666666668e-05
8 0.0006966145833333334 0.0007968750000000001 4.2317708333333335e-05 6.25e-05
8 0.0007633463541666667 0.0008020833333333335 4.2317708333333335e-05 5.729166666666667e-05
10 0.0009065755208333333 0.0006119791666666667 3.743489583333333e-05 9.635416666666668e-05
10 0.0009179687500000001 9.114583333333334e-05 4.3945312500000005e-05 8.854166666666667e-05
12 0.0008951822916666666 0.0006015625000000001 2.1158854166666667e-05 6.510416666666668e-05
12 0.0010270182291666665 0.0005885416666666668 1.46484375e-05 5.9895833333333344e-05
12 0.0012906901041666668 0.00021093750000000002 7.812500000000002e-05 0.00018229166666666667
12 0.0012744140625 0.00019010416666666668 4.3945312500000005e-05 0.00014062500000000002
8 0.0012890625000000003 0.0008177083333333334 4.720052083333334e-05 7.031250000000001e-05
8 0.0014127604166666668 0.0008098958333333334 0.00013346354166666669 8.593750000000001e-05
9 0.0015201822916666666 0.0008489583333333334 3.580729166666667e-05 0.00015625000000000003