8 0.00035781860351562504 0.000867462158203125 6.256103515625001e-05 0.00013275146484375002
8 0.000405120849609375 0.0008552551269531251 6.256103515625001e-05 0.00012054443359375
9 0.0007484436035156251 0.0008148193359375001 1.678466796875e-05 8.850097656250001e-05
8 0.0007728576660156251 0.0008285522460937501 2.288818359375e-05 8.850097656250001e-05
8 0.000829315185546875 0.000843048095703125 5.645751953125e-05 0.00013275146484375002
8 0.000861358642578125 0.0008415222167968751 6.256103515625001e-05 0.00011444091796875
9 0.001421356201171875 0.000872802734375 5.0354003906250004e-05 0.0002197265625
9 0.001354217529296875 0.0008880615234375 4.4250488281250005e-05 0.000213623046875
8 0.00031509399414062503 0.000914764404296875 0.00024566650390625 0.00015411376953125002
9 0.000281524658203125 0.00139617919921875 0.00018463134765625002 0.000848388671875
8 0.000524139404296875 0.0008705139160156251 0.00010833740234375001 0.00013580322265625
8 0.000591278076171875 0.00082550048828125 7.781982421875001e-05 8.544921875000001e-05
8 0.0006965637207031251 0.0008644104003906251 9.613037109375001e-05 0.00013580322265625
9 0.0011497497558593751 0.000888824462890625 6.866455078125e-05 0.00015411376953125002
9 0.001128387451171875 0.0007728576660156251 4.4250488281250005e-05 9.613037109375001e-05
9 0.001184844970703125 0.0009201049804687501 7.171630859375e-05 0.00025024414062500003
9 0.001216888427734375 0.0008880615234375 3.5095214843750004e-05 0.000225830078125
9 0.0013130187988281252 0.0009033203125 6.561279296875e-05 0.00021667480468750002
9 0.001482391357421875 0.000909423828125 5.0354003906250004e-05 0.00017700195312500002
9 0.001548004150390625 0.000907135009765625 6.866455078125e-05 0.00024261474609375