8 0.000215911865234375 0.0009140014648437501 0.00021514892578125002 0.00010986328125
8 0.00029296875000000004 0.0008743286132812501 7.324218750000001e-05 6.7138671875e-05
8 0.00030822753906250004 0.0008934020996093751 8.850097656250001e-05 8.392333984375e-05
8 0.000360107421875 0.0008720397949218751 4.8828125e-05 6.256103515625001e-05
10 0.000397491455078125 0.00057830810546875 2.8991699218750002e-05 0.00010986328125
8 0.0007293701171875001 0.001136016845703125 0.00029602050781250003 0.00036773681640625
10 0.000524139404296875 0.000470733642578125 3.5095214843750004e-05 9.307861328125001e-05
11 0.00063629150390625 0.0006774902343750001 2.74658203125e-05 5.1879882812500005e-05
11 0.000634765625 0.0006744384765625 2.1362304687500002e-05 5.7983398437500004e-05
11 0.0006965637207031251 0.0007232666015625001 2.5939941406250003e-05 4.8828125e-05
11 0.0006927490234375001 0.0007270812988281251 2.1362304687500002e-05 6.256103515625001e-05
8 0.0008171081542968751 0.0008949279785156251 5.645751953125e-05 0.00011138916015625001
11 0.00084686279296875 0.0006607055664062501 2.74658203125e-05 7.019042968750001e-05
11 0.0008399963378906251 0.00064849853515625 1.983642578125e-05 5.1879882812500005e-05
8 0.000934600830078125 0.0009239196777343751 0.00011444091796875 0.00014801025390625002
8 0.0008834838867187501 0.0008575439453125 5.4931640625e-05 7.324218750000001e-05
8 0.000966644287109375 0.000875091552734375 5.340576171875e-05 9.918212890625e-05
8 0.001326751708984375 0.0011611938476562501 0.00040740966796875004 0.00043029785156250004
8 0.001006317138671875 0.000945281982421875 6.561279296875e-05 0.00017242431640625
11 0.001039886474609375 0.0007659912109375 1.983642578125e-05 4.8828125e-05
8 0.0015533447265625002 0.001084136962890625 0.0002899169921875 0.00038604736328125
10 0.0014358520507812501 0.000569915771484375 3.0517578125e-05 6.561279296875e-05
11 0.0014358520507812501 0.0006645202636718751 3.0517578125e-05 9.918212890625e-05
10 0.0015266418457031252 0.000547027587890625 3.204345703125e-05 9.613037109375001e-05
8 0.0015571594238281252 0.00154876708984375 5.645751953125e-05 0.00054931640625