8 0.000274658203125 0.001143646240234375 0.000274658203125 0.00048980712890625
8 0.000428009033203125 0.0007728576660156251 5.0354003906250004e-05 5.9509277343750005e-05
12 0.000484466552734375 0.00068817138671875 2.5939941406250003e-05 3.96728515625e-05
8 0.0005271911621093751 0.0007881164550781251 6.866455078125e-05 0.00011138916015625001
8 0.0005271911621093751 0.0007766723632812501 6.256103515625001e-05 8.850097656250001e-05
12 0.000624847412109375 0.00066680908203125 2.288818359375e-05 4.8828125e-05
11 0.00071868896484375 0.0005859375000000001 2.44140625e-05 5.1879882812500005e-05
11 0.000726318359375 0.000585174560546875 2.44140625e-05 5.9509277343750005e-05
8 0.0009033203125 0.0007652282714843751 7.019042968750001e-05 6.561279296875e-05
8 0.0009101867675781251 0.0007652282714843751 7.171630859375e-05 6.561279296875e-05
11 0.0008857727050781251 0.0006805419921875 1.678466796875e-05 5.7983398437500004e-05
11 0.0009048461914062501 0.0006584167480468751 1.8310546875000003e-05 4.119873046875e-05
14 0.0010650634765625 0.0007423400878906251 0.00014648437500000002 0.00012969970703125
8 0.001068115234375 0.000750732421875 0.00014038085937500002 0.000128173828125
8 0.00122833251953125 0.000911712646484375 0.0002410888671875 0.00027008056640625