12 0.0005517578125000001 0.0007968750000000001 1.7903645833333333e-05 5.729166666666667e-05
8 0.0006705729166666668 0.0009218750000000002 0.00013346354166666669 0.0001979166666666667
8 0.0007014973958333334 0.0008802083333333334 3.255208333333333e-05 0.00012239583333333335
8 0.0007535807291666667 0.0008411458333333335 6.673177083333334e-05 8.072916666666668e-05
8 0.00080078125 0.0008333333333333335 5.696614583333334e-05 6.25e-05
8 0.0007893880208333335 0.0008281250000000001 3.743489583333333e-05 5.468750000000001e-05
11 0.0008121744791666667 0.0006666666666666668 2.1158854166666667e-05 6.770833333333334e-05
11 0.0008105468750000001 0.0006692708333333335 1.7903645833333333e-05 5.468750000000001e-05
8 0.0009033203125 0.0008567708333333334 8.463541666666667e-05 0.00011458333333333334
11 0.0010791015625000002 0.0007005208333333334 2.2786458333333334e-05 4.947916666666667e-05
11 0.0010758463541666668 0.0007265625000000001 1.7903645833333333e-05 5.208333333333334e-05
8 0.0012532552083333334 0.0008098958333333335 0.00010742187500000001 6.510416666666668e-05
8 0.0012630208333333334 0.0008307291666666668 0.00011067708333333334 0.00010156250000000001