8 0.00012858072916666668 0.0010494791666666667 0.00012858072916666668 0.00032552083333333337
8 0.0001383463541666667 0.0010546875 0.0001383463541666667 0.0003020833333333334
8 0.00022298177083333333 0.0010208333333333334 0.00014811197916666667 0.00030468750000000005
8 0.000244140625 0.0009348958333333335 0.00011393229166666668 0.0002135416666666667
8 0.000244140625 0.0009479166666666668 6.510416666666667e-05 0.00020833333333333335
8 0.0003385416666666667 0.0009479166666666668 0.0001171875 0.0002291666666666667
8 0.0003531901041666667 0.000921875 0.00011555989583333335 0.0001744791666666667
9 0.00042643229166666676 0.0009114583333333335 3.906250000000001e-05 0.00022135416666666668
9 0.00042968749999999995 0.0008802083333333334 4.069010416666667e-05 0.00018489583333333335
8 0.0005403645833333333 0.0008723958333333334 0.00014648437500000002 0.00012239583333333335
9 0.0004703776041666667 0.0008984374999999999 3.906250000000001e-05 0.0002057291666666667
9 0.0004703776041666667 0.0008697916666666667 3.092447916666667e-05 0.00015885416666666668
14 0.0005647786458333334 0.0008593750000000001 3.580729166666667e-05 0.000125
14 0.0006396484375 0.0008489583333333334 0.00010579427083333334 0.00012239583333333335
14 0.0007438151041666667 0.0008411458333333334 8.789062500000001e-05 0.00019010416666666668
14 0.0007389322916666667 0.0008281250000000001 8.30078125e-05 0.00017187500000000002
8 0.0008024088541666668 0.0008437500000000001 5.371093750000001e-05 8.593750000000001e-05
8 0.0008268229166666667 0.0008489583333333335 7.324218750000001e-05 9.375000000000002e-05
14 0.0008170572916666666 0.0007734375000000001 5.696614583333334e-05 0.00013802083333333334
9 0.0008528645833333335 0.0011328125000000001 8.951822916666667e-05 0.0005572916666666668
9 0.0009358723958333333 0.0011458333333333336 0.00011230468749999999 0.0005572916666666668
9 0.0010921223958333334 0.0008723958333333334 4.3945312500000005e-05 0.00020833333333333335