8 0.00016357421875 0.0009986979166666666 0.00016276041666666668 0.00019270833333333336
8 0.0015616861979166668 0.0012526041666666668 0.00027343749999999997 0.0005377604166666667
8 0.0002718098958333333 0.0009713541666666668 0.000126953125 0.00015625000000000003
8 0.00025878906250000007 0.0009713541666666668 0.00010904947916666668 0.00015885416666666668
8 0.0003401692708333334 0.0009401041666666668 9.928385416666667e-05 0.00012239583333333335
8 0.0003483072916666667 0.0009375 8.463541666666667e-05 0.00011458333333333334
8 0.0005273437499999999 0.0008854166666666668 7.975260416666667e-05 9.635416666666668e-05
8 0.000732421875 0.0008750000000000001 5.859375e-05 9.375000000000002e-05
8 0.0008544921875 0.0008723958333333334 6.510416666666667e-05 7.812500000000002e-05
8 0.0009358723958333333 0.0009062500000000002 9.928385416666667e-05 0.00012239583333333335
8 0.0009505208333333333 0.0009062500000000002 0.00010579427083333334 0.00012760416666666668
8 0.0012141927083333334 0.0009843750000000002 0.0002685546875 0.0002916666666666667