14 0.00081939697265625 0.000814056396484375 2.74658203125e-05 5.0354003906250004e-05
8 4.8065185546875005e-05 0.001023101806640625 4.730224609375e-05 0.00022125244140625
14 0.00020370483398437502 0.000852203369140625 0.00016937255859375002 0.00013580322265625
8 0.000255584716796875 0.001039886474609375 0.00021820068359375 0.00027923583984375
8 0.000698089599609375 0.001258087158203125 0.00050506591796875 0.00066375732421875
12 0.00051116943359375 0.0005577087402343751 2.74658203125e-05 7.781982421875001e-05
12 0.000659942626953125 0.000539398193359375 2.288818359375e-05 6.256103515625001e-05
12 0.000782012939453125 0.00054779052734375 2.288818359375e-05 7.324218750000001e-05
9 0.000858306884765625 0.0008834838867187501 2.288818359375e-05 0.00010986328125
8 0.00107269287109375 0.000896453857421875 8.850097656250001e-05 9.918212890625e-05
8 0.0013320922851562502 0.001067352294921875 0.0003326416015625 0.00032806396484375
12 0.001082611083984375 0.000701141357421875 3.5095214843750004e-05 9.613037109375001e-05
12 0.001074981689453125 0.00068206787109375 2.288818359375e-05 6.7138671875e-05
8 0.001483154296875 0.00088043212890625 0.0001983642578125 0.0001434326171875
12 0.001486968994140625 0.000482177734375 6.256103515625001e-05 0.00019226074218750002
9 0.00153350830078125 0.000934600830078125 5.4931640625e-05 0.00018157958984375