8 0.00038604736328125 0.0008972167968750001 5.7983398437500004e-05 8.850097656250001e-05
8 0.000453948974609375 0.0008872985839843751 5.9509277343750005e-05 8.087158203125001e-05
8 0.00029220581054687503 0.000966644287109375 0.00016326904296875002 0.00015411376953125002
8 0.000347137451171875 0.0009353637695312501 7.781982421875001e-05 0.00012512207031250002
12 0.000473785400390625 0.0006507873535156251 3.204345703125e-05 8.392333984375e-05
11 0.0006011962890625001 0.000621795654296875 3.96728515625e-05 7.781982421875001e-05
8 0.00072021484375 0.00090789794921875 0.00011596679687500001 0.0001373291015625
11 0.0007064819335937501 0.0006355285644531251 3.96728515625e-05 9.613037109375001e-05
11 0.0009010314941406251 0.0007423400878906251 2.8991699218750002e-05 7.781982421875001e-05
11 0.000896453857421875 0.00073394775390625 2.288818359375e-05 7.324218750000001e-05
7 0.000911712646484375 0.0008544921875 1.983642578125e-05 7.324218750000001e-05
7 0.001013946533203125 0.000867462158203125 1.983642578125e-05 0.00010223388671875