14 0.00029220581054687503 0.0007965087890625 5.0354003906250004e-05 8.850097656250001e-05
8 0.00048828125 0.00079345703125 5.4931640625e-05 6.7138671875e-05
8 0.000484466552734375 0.000783538818359375 5.0354003906250004e-05 4.119873046875e-05
8 0.000539398193359375 0.0007965087890625 5.0354003906250004e-05 6.7138671875e-05
8 0.00054931640625 0.000791168212890625 5.1879882812500005e-05 6.561279296875e-05
8 0.000579071044921875 0.00078887939453125 3.814697265625e-05 5.4931640625e-05
8 0.0006736755371093751 0.0008018493652343751 4.730224609375e-05 7.781982421875001e-05
8 0.0008262634277343751 0.0008796691894531251 0.00012359619140625 0.00016937255859375002
8 0.0009239196777343751 0.000791168212890625 4.730224609375e-05 8.087158203125001e-05
8 0.00102996826171875 0.00082550048828125 0.0001220703125 0.0001739501953125
14 0.00102081298828125 0.0008377075195312501 0.0001129150390625 0.00015563964843750002
8 0.00141143798828125 0.0008285522460937501 0.0001678466796875 0.000128173828125
8 0.00141448974609375 0.0008171081542968751 0.000164794921875 9.613037109375001e-05