12 0.0002593994140625 0.0002471923828125 0.0002593994140625 0.0002471923828125
12 0.00016174316406250002 0.00020294189453125 0.00011901855468750001 0.0001953125
8 0.00016632080078125 0.000859832763671875 5.7983398437500004e-05 8.392333984375e-05
8 0.000179290771484375 0.00080413818359375 6.561279296875e-05 4.8828125e-05
8 0.000347137451171875 0.000835418701171875 0.00016021728515625 9.918212890625e-05
8 0.00039138793945312503 0.000859832763671875 9.002685546875e-05 0.00011444091796875
8 0.000502777099609375 0.0008796691894531251 0.00015716552734375 0.00013275146484375002
8 0.0005920410156250001 0.0008705139160156251 0.0001129150390625 0.00011749267578125
8 0.000652313232421875 0.0007995605468750001 4.4250488281250005e-05 5.4931640625e-05
8 0.00067138671875 0.00080413818359375 5.7983398437500004e-05 5.1879882812500005e-05
8 0.00069427490234375 0.000820159912109375 3.96728515625e-05 7.476806640625e-05
8 0.0006965637207031251 0.000800323486328125 3.204345703125e-05 6.561279296875e-05
8 0.0007637023925781251 0.000807952880859375 5.0354003906250004e-05 6.561279296875e-05
8 0.0008666992187500001 0.0007995605468750001 4.2724609375000004e-05 7.324218750000001e-05
10 0.000907135009765625 0.0006111145019531251 3.814697265625e-05 9.613037109375001e-05
10 0.0009178161621093751 9.1552734375e-05 4.4250488281250005e-05 8.850097656250001e-05
12 0.00089569091796875 0.000601959228515625 2.1362304687500002e-05 6.561279296875e-05
12 0.00102691650390625 0.0005882263183593751 1.52587890625e-05 5.9509277343750005e-05
12 0.0012901306152343752 0.00021133422851562502 7.781982421875001e-05 0.00018157958984375
12 0.0012748718261718752 0.00019073486328125 4.4250488281250005e-05 0.00014038085937500002
8 0.001323699951171875 0.0007995605468750001 8.087158203125001e-05 6.7138671875e-05
8 0.0013252258300781251 0.00080413818359375 7.781982421875001e-05 9.1552734375e-05
8 0.001425933837890625 0.00081024169921875 0.00013275146484375002 8.544921875000001e-05
8 0.0014198303222656252 0.0007995605468750001 0.00012359619140625 8.544921875000001e-05
9 0.0015159606933593751 0.000848388671875 3.5095214843750004e-05 0.00015563964843750002
8 0.0015579223632812501 0.00078887939453125 5.1879882812500005e-05 6.7138671875e-05