8 0.000170135498046875 0.0008911132812500001 0.00010223388671875 0.0001068115234375
8 0.00017471313476562502 0.000896453857421875 9.613037109375001e-05 0.00011749267578125
8 0.00042877197265625 0.001100921630859375 0.00029296875000000004 0.00037689208984375004
11 0.000394439697265625 0.0006927490234375001 2.5939941406250003e-05 8.544921875000001e-05
8 0.000501251220703125 0.0008453369140625001 5.340576171875e-05 6.7138671875e-05
14 0.0007659912109375 0.0008666992187500001 0.0002838134765625 0.00019226074218750002
8 0.0007141113281250001 0.00098876953125 0.0002044677734375 0.000244140625
8 0.0007026672363281251 0.0009658813476562501 0.00017852783203125002 0.0002105712890625
11 0.00069427490234375 0.0007156372070312501 4.2724609375000004e-05 8.850097656250001e-05
8 0.0008644104003906251 0.0008491516113281251 0.00012664794921875 0.00010223388671875
8 0.00138092041015625 0.00081787109375 0.0001678466796875 0.0001373291015625