8 8.850097656250001e-05 0.000930023193359375 8.850097656250001e-05 0.00011444091796875
8 8.850097656250001e-05 0.000933837890625 8.850097656250001e-05 0.00011901855468750001
8 0.00015716552734375 0.0009162902832031251 8.23974609375e-05 0.00010223388671875
8 0.000164794921875 0.0009086608886718751 8.23974609375e-05 9.918212890625e-05
8 0.000450897216796875 0.0008880615234375 0.00012359619140625 8.850097656250001e-05
8 0.000647735595703125 0.0009819030761718751 0.00016937255859375002 0.00024261474609375
12 0.0005920410156250001 0.000731658935546875 2.74658203125e-05 6.561279296875e-05
12 0.000585174560546875 0.000726318359375 1.983642578125e-05 5.7983398437500004e-05
8 0.0007003784179687501 0.000909423828125 6.40869140625e-05 0.00014038085937500002
12 0.00072479248046875 0.000661468505859375 2.44140625e-05 6.256103515625001e-05
12 0.0007217407226562501 0.000653839111328125 1.8310546875000003e-05 4.730224609375e-05
12 0.000777435302734375 0.000739288330078125 2.5939941406250003e-05 5.9509277343750005e-05
12 0.0007720947265625 0.00074005126953125 1.8310546875000003e-05 5.4931640625e-05
12 0.000884246826171875 0.0007003784179687501 2.5939941406250003e-05 8.850097656250001e-05
12 0.000882720947265625 0.00068206787109375 2.288818359375e-05 7.019042968750001e-05
8 0.00132293701171875 0.0008697509765625 0.0002349853515625 0.00015869140625
8 0.0013206481933593752 0.00086212158203125 0.00021209716796875 0.00015563964843750002
8 0.0015617370605468751 0.0008567810058593751 0.00020904541015625002 0.00019989013671875002
8 0.00149078369140625 0.00086517333984375 0.00012512207031250002 0.00017700195312500002
8 0.0015594482421875 0.00087738037109375 0.000164794921875 0.0001953125
8 0.001560211181640625 0.0008857727050781251 0.00015716552734375 0.00019989013671875002