8 9.994506835937501e-05 0.000970458984375 9.918212890625e-05 0.00015563964843750002
8 0.0015617370605468751 0.0012870788574218751 0.00037078857421875 0.00053253173828125
8 0.00022735595703125 0.00095367431640625 0.000128173828125 0.00015869140625
8 0.00023040771484375002 0.000942230224609375 0.000128173828125 0.00012969970703125
8 0.0003021240234375 0.00093231201171875 9.765625e-05 0.000128173828125
8 0.000302886962890625 0.000919342041015625 7.781982421875001e-05 0.00011749267578125
8 0.000586700439453125 0.000875091552734375 8.392333984375e-05 9.613037109375001e-05
8 0.000652313232421875 0.0008514404296875001 6.256103515625001e-05 9.1552734375e-05
8 0.000896453857421875 0.00089569091796875 8.392333984375e-05 0.00019226074218750002
8 0.000994110107421875 0.0009521484375000001 0.00011444091796875 0.000244140625
8 0.001209259033203125 0.00104217529296875 0.00021820068359375 0.00034179687500000003