8 8.789062500000001e-05 0.0009947916666666668 8.789062500000001e-05 0.00015625000000000003
8 8.463541666666667e-05 0.001 8.463541666666667e-05 0.0001510416666666667
9 3.4179687499999996e-05 0.0008828125000000001 2.604166666666667e-05 0.00012239583333333335
9 3.255208333333334e-05 0.0008697916666666668 2.2786458333333334e-05 9.635416666666668e-05
8 0.0006640625 0.0014010416666666668 0.0005810546875000001 0.0006744791666666668
12 0.0002587890625 0.0006588541666666667 2.1158854166666667e-05 7.031250000000001e-05
8 0.0007096354166666667 0.0008750000000000001 5.371093750000001e-05 8.854166666666667e-05
12 0.0008170572916666666 0.0006197916666666667 2.604166666666667e-05 8.854166666666667e-05
9 0.0010286458333333335 0.0009088541666666668 3.4179687499999996e-05 0.00015885416666666668
9 0.0010237630208333333 0.0008984374999999999 2.604166666666667e-05 0.0001432291666666667
9 0.0011604817708333332 0.0010052083333333334 5.0455729166666666e-05 0.0003385416666666667
9 0.0012467447916666668 0.0010182291666666668 0.00010742187500000001 0.0004036458333333334
9 0.0014583333333333334 0.0009817708333333334 5.208333333333334e-05 0.0002942708333333334
9 0.0014599609375 0.0009609375000000002 5.208333333333334e-05 0.0002734375