8 7.405598958333334e-05 0.0012916666666666669 7.324218750000001e-05 0.0006822916666666668
8 5.777994791666667e-05 0.0011979166666666668 5.696614583333334e-05 0.0004921875
12 0.00016764322916666666 0.00047916666666666675 3.743489583333333e-05 9.635416666666668e-05
12 0.00016438802083333333 0.00045833333333333343 2.9296875e-05 7.812500000000002e-05
8 0.0002685546875 0.0008906249999999999 8.463541666666667e-05 0.00011458333333333334
8 0.00038248697916666666 0.0008697916666666667 7.975260416666667e-05 8.593750000000001e-05
8 0.00037109375 0.0008723958333333334 5.859375e-05 8.593750000000001e-05
11 0.00036946614583333335 0.0004921875 3.743489583333333e-05 8.854166666666667e-05
11 0.00037109375 0.0005000000000000001 2.9296875e-05 7.031250000000001e-05
8 0.00041829427083333334 0.0008906250000000001 3.906250000000001e-05 0.00011197916666666668
8 0.0004736328125000001 0.0008880208333333334 5.371093750000001e-05 0.00011979166666666669
8 0.00047200520833333334 0.0008697916666666667 4.8828125e-05 9.895833333333334e-05
8 0.0005631510416666667 0.0008880208333333334 0.00010416666666666667 0.00011458333333333334
11 0.0006608072916666667 0.0006875000000000001 2.9296875e-05 6.510416666666668e-05
11 0.0006608072916666667 0.0006979166666666668 2.9296875e-05 5.9895833333333344e-05