8 0.0001434326171875 0.000966644287109375 0.0001434326171875 0.00027313232421875003
8 0.000286102294921875 0.000897979736328125 0.00017242431640625 0.00018463134765625002
8 0.00031280517578125 0.0009185791015625 0.00018615722656250002 0.0002105712890625
8 0.0004730224609375 0.00087738037109375 0.0001495361328125 0.0001953125
8 0.0004730224609375 0.0008491516113281251 0.0001434326171875 0.00015106201171875
8 0.000644683837890625 0.0007919311523437501 5.9509277343750005e-05 6.7138671875e-05
8 0.0006721496582031251 0.000775909423828125 3.5095214843750004e-05 5.9509277343750005e-05
8 0.000827789306640625 0.000838470458984375 8.697509765625e-05 0.00014801025390625002
14 0.0008666992187500001 0.0007194519042968751 5.7983398437500004e-05 4.730224609375e-05
8 0.000846099853515625 0.0007598876953125001 2.288818359375e-05 4.8828125e-05
8 0.0008697509765625 0.00077056884765625 3.35693359375e-05 4.8828125e-05
8 0.0015594482421875 0.0009002685546875 0.00019226074218750002 0.0002288818359375