8 0.000360107421875 0.00093994140625 0.00012512207031250002 0.00017700195312500002
8 0.0004058837890625 0.000897979736328125 6.7138671875e-05 0.00013580322265625
8 0.00039596557617187504 0.000897979736328125 4.119873046875e-05 0.00011138916015625001
8 0.00045242309570312503 0.0008758544921875001 7.781982421875001e-05 9.1552734375e-05
8 0.00044174194335937504 0.000882720947265625 4.4250488281250005e-05 9.613037109375001e-05
8 0.000481414794921875 0.000853729248046875 6.256103515625001e-05 8.392333984375e-05
8 0.00047912597656250003 0.00085601806640625 3.96728515625e-05 8.544921875000001e-05
8 0.0009658813476562501 0.0007942199707031251 8.23974609375e-05 6.256103515625001e-05
8 0.0009506225585937501 0.0008018493652343751 6.40869140625e-05 5.9509277343750005e-05
8 0.0010581970214843751 0.0007843017578125001 5.9509277343750005e-05 6.7138671875e-05
8 0.0010505676269531251 0.0007652282714843751 5.340576171875e-05 4.119873046875e-05
8 0.0011688232421875001 0.000750732421875 4.2724609375000004e-05 3.6621093750000005e-05
8 0.0014968872070312501 0.0007270812988281251 0.00014648437500000002 6.561279296875e-05
8 0.0014846801757812502 0.00071868896484375 0.00011901855468750001 5.7983398437500004e-05