8 0.000121307373046875 0.0012947082519531251 0.00012054443359375 0.00068206787109375
8 0.00011749267578125 0.001110076904296875 0.00011596679687500001 0.00045623779296875003
12 0.000202178955078125 0.00030441284179687504 4.730224609375e-05 0.00011444091796875
12 0.00019073486328125 0.00031967163085937504 3.35693359375e-05 0.00013275146484375002
8 0.00036773681640625 0.0008331298828125 6.40869140625e-05 9.1552734375e-05
11 0.00046386718750000003 0.00035400390625000004 4.2724609375000004e-05 6.7138671875e-05
8 0.000495147705078125 0.000846099853515625 6.866455078125e-05 8.392333984375e-05
11 0.000463104248046875 0.000348663330078125 3.5095214843750004e-05 0.00012054443359375
8 0.00049896240234375 0.000852203369140625 6.40869140625e-05 8.392333984375e-05
8 0.0005706787109375 0.0008575439453125 5.1879882812500005e-05 0.0001068115234375
8 0.000621795654296875 0.0008644104003906251 5.340576171875e-05 0.00012054443359375
8 0.000615692138671875 0.0008705139160156251 4.730224609375e-05 0.00011749267578125
8 0.000720977783203125 0.000897979736328125 0.00012359619140625 0.00015106201171875
11 0.000861358642578125 0.0006301879882812501 4.119873046875e-05 8.544921875000001e-05
11 0.000865936279296875 0.0006584167480468751 4.4250488281250005e-05 7.781982421875001e-05