8 0.000121307373046875 0.000933837890625 0.00012054443359375 0.0001373291015625
8 0.000238800048828125 0.0009086608886718751 0.00012359619140625 0.00013580322265625
8 0.000385284423828125 0.00086212158203125 8.087158203125001e-05 9.1552734375e-05
8 0.0006805419921875 0.0008567810058593751 6.7138671875e-05 9.918212890625e-05
8 0.000769805908203125 0.0008415222167968751 5.340576171875e-05 6.256103515625001e-05
8 0.000791168212890625 0.000807952880859375 3.5095214843750004e-05 4.4250488281250005e-05
8 0.00086212158203125 0.0008796691894531251 9.765625e-05 0.00012969970703125
8 0.0009559631347656251 0.00085601806640625 6.561279296875e-05 8.850097656250001e-05
8 0.000992584228515625 0.0008590698242187501 3.5095214843750004e-05 8.850097656250001e-05
8 0.001059722900390625 0.000858306884765625 7.781982421875001e-05 9.307861328125001e-05
8 0.001061248779296875 0.000850677490234375 7.476806640625e-05 9.307861328125001e-05
8 0.0011756896972656252 0.000882720947265625 5.9509277343750005e-05 0.00010223388671875
8 0.0012901306152343752 0.0009063720703125001 0.00012664794921875 0.000164794921875
8 0.0014465332031250002 0.00091705322265625 0.0001983642578125 0.0001434326171875
8 0.0014244079589843751 0.000787353515625 0.00010528564453125 5.7983398437500004e-05