8 0.0001676432291666667 0.0008567708333333334 0.00010253906250000001 0.00012760416666666668
8 0.00026204427083333337 0.0008567708333333335 0.00014485677083333334 0.00014062500000000002
10 0.00024088541666666665 0.00041406250000000004 3.255208333333333e-05 0.00010156250000000001
8 0.0009814453125000001 0.0014557291666666668 0.0007503255208333334 0.0008229166666666668
8 0.00035644531250000005 0.0008437500000000001 0.00011067708333333334 0.00010416666666666667
8 0.00040690104166666663 0.0008255208333333334 9.27734375e-05 0.00012239583333333335
12 0.0005013020833333333 0.0004036458333333334 3.4179687499999996e-05 0.00011197916666666668
10 0.0007210286458333334 0.0004322916666666667 3.580729166666667e-05 0.00012760416666666668
12 0.0010660807291666668 0.0006145833333333334 4.069010416666667e-05 9.375000000000002e-05
12 0.0010563151041666668 0.000578125 2.1158854166666667e-05 5.9895833333333344e-05
12 0.0015511067708333334 0.00023958333333333337 0.00011555989583333335 0.00023437500000000005
12 0.0015201822916666666 0.00020312500000000002 6.510416666666667e-05 0.00020312500000000002