8 0.00022135416666666668 0.0010208333333333334 0.00021158854166666667 0.000265625
8 0.00023763020833333332 0.0009192708333333335 3.092447916666667e-05 9.114583333333334e-05
9 0.000283203125 0.0008567708333333335 3.255208333333333e-05 6.510416666666668e-05
9 0.0002799479166666667 0.0008593750000000001 2.604166666666667e-05 5.9895833333333344e-05
8 0.0006461588541666667 0.0009244791666666669 0.00012044270833333335 0.0001432291666666667
8 0.0008235677083333334 0.0008854166666666668 9.114583333333334e-05 0.00010937500000000002
9 0.000986328125 0.0008671875000000001 4.3945312500000005e-05 7.552083333333335e-05
9 0.0009912109375000001 0.0008828125000000001 4.069010416666667e-05 7.812500000000002e-05
9 0.0010026041666666666 0.0008333333333333334 3.743489583333333e-05 5.468750000000001e-05
9 0.0010465494791666668 0.0007890625 2.9296875e-05 6.25e-05
9 0.0010872395833333333 0.00078125 3.255208333333333e-05 5.729166666666667e-05
9 0.0010904947916666667 0.0007760416666666667 3.255208333333333e-05 7.031250000000001e-05
8 0.0015608723958333336 0.0012734375000000003 0.0004915364583333333 0.0006145833333333334
9 0.0012809244791666665 0.0007161458333333334 3.255208333333333e-05 5.729166666666667e-05