8 8.23974609375e-05 0.001045989990234375 8.23974609375e-05 0.00026397705078125
7 0.00013427734375 0.0009483337402343751 3.35693359375e-05 0.00014190673828125
7 0.00017471313476562502 0.000942230224609375 3.814697265625e-05 0.00015106201171875
7 0.000177764892578125 0.0009353637695312501 4.119873046875e-05 0.0001434326171875
8 0.00036087036132812503 0.000926971435546875 0.00011444091796875 0.00014801025390625002
8 0.00044555664062500004 0.0008796691894531251 6.7138671875e-05 8.087158203125001e-05
8 0.00044174194335937504 0.00087738037109375 5.9509277343750005e-05 7.019042968750001e-05
8 0.0006088256835937501 0.0008644104003906251 5.4931640625e-05 8.087158203125001e-05
8 0.0006431579589843751 0.000830841064453125 3.5095214843750004e-05 4.4250488281250005e-05
9 0.000782012939453125 0.000882720947265625 2.8991699218750002e-05 0.00011138916015625001
7 0.000949859619140625 0.0008987426757812501 5.0354003906250004e-05 0.00015869140625
8 0.001451873779296875 0.0008857727050781251 0.00022430419921875002 9.613037109375001e-05