8 0.00026611328124999997 0.0008528645833333335 8.138020833333334e-05 7.421875000000001e-05
8 0.00017740885416666667 0.0008697916666666667 0.00013346354166666669 0.00013020833333333336
8 0.0004557291666666666 0.0008229166666666667 4.720052083333334e-05 5.468750000000001e-05
8 0.0005419921875 0.0008203125000000003 5.0455729166666666e-05 6.770833333333334e-05
12 0.0005940755208333334 0.0004583333333333334 5.859375e-05 0.00017187500000000002
8 0.0008902994791666667 0.0009947916666666668 0.0002197265625 0.0002786458333333334
11 0.0008512369791666667 0.0004401041666666667 5.208333333333334e-05 0.00014583333333333335
8 0.0009749348958333333 0.0007916666666666668 4.557291666666667e-05 7.552083333333335e-05
8 0.0009733072916666667 0.0007864583333333335 3.743489583333333e-05 7.291666666666667e-05
8 0.0013639322916666667 0.0010026041666666668 0.0003173828125 0.0003567708333333334
11 0.0011409505208333334 0.00047916666666666675 5.0455729166666666e-05 0.0001510416666666667
11 0.0013834635416666667 0.0006536458333333334 6.998697916666667e-05 0.00014583333333333335