8 0.0007722981770833334 0.0008151041666666668 7.242838541666667e-05 5.9895833333333344e-05
8 0.0015616861979166668 0.0009830729166666666 0.00013916015625000002 0.0004244791666666667
8 0.00017089843750000002 0.0008984375000000001 0.00016927083333333334 0.00010937500000000002
8 0.00022786458333333336 0.0008958333333333334 0.0001171875 0.00010937500000000002
8 0.00043782552083333325 0.0009010416666666667 9.27734375e-05 0.00010677083333333335
8 0.0007063802083333334 0.0008437500000000001 6.998697916666667e-05 0.00010156250000000001
12 0.0007373046875 0.0007239583333333334 2.2786458333333334e-05 5.208333333333334e-05
7 0.00078125 0.0009036458333333334 2.7669270833333335e-05 0.00014583333333333335
8 0.0008723958333333334 0.0008020833333333335 9.765625e-05 6.510416666666668e-05
8 0.0009667968750000001 0.0008619791666666668 0.0001220703125 0.00012760416666666668
8 0.0012662760416666666 0.0009635416666666668 0.0002897135416666667 0.0002734375