9 0.0010343424479166668 0.0008046875000000001 1.3834635416666668e-05 6.510416666666668e-05
8 0.0010091145833333332 0.0008385416666666668 0.00011067708333333334 9.635416666666668e-05
9 0.00012939453125 0.0011653645833333334 0.00012858072916666668 0.00058203125
8 0.000302734375 0.0009687500000000002 0.0002978515625 0.00023177083333333337
12 0.00014648437500000002 0.0007109375000000002 4.2317708333333335e-05 9.375000000000002e-05
12 0.0001383463541666667 0.0006979166666666668 2.44140625e-05 7.031250000000001e-05
8 0.00035319010416666664 0.0008385416666666668 0.00011067708333333334 0.00010937500000000002
8 0.0006591796875 0.0009192708333333335 0.00039225260416666667 0.00017708333333333335
8 0.0006168619791666667 0.0008046875000000001 0.00014811197916666667 0.00018750000000000003
14 0.0006168619791666667 0.0007994791666666668 0.00014322916666666667 0.00018489583333333335
9 0.0006282552083333334 0.0008385416666666668 3.092447916666667e-05 0.00012239583333333335
9 0.00064453125 0.0008411458333333334 2.7669270833333335e-05 0.00010677083333333335
12 0.0007373046875 0.0005390625 2.7669270833333335e-05 8.593750000000001e-05
9 0.0009147135416666665 0.0011666666666666668 0.00011881510416666666 0.0005416666666666668
12 0.0008479817708333334 0.0005572916666666668 3.4179687499999996e-05 0.00010677083333333335
12 0.0010530598958333334 0.0006744791666666668 3.092447916666667e-05 9.635416666666668e-05
8 0.0015592447916666667 0.0008671874999999999 0.0001611328125 0.00015885416666666668