8 7.649739583333334e-05 0.0009843750000000002 7.568359375000001e-05 0.0002760416666666667
8 0.0006852213541666667 0.0009088541666666669 0.0003352864583333333 0.00021614583333333335
8 0.000732421875 0.0007968750000000001 9.114583333333334e-05 0.00010156250000000001
8 0.0007389322916666667 0.0007942708333333335 9.602864583333333e-05 0.00010937500000000002
8 0.0009147135416666668 0.0008046875000000001 0.00012858072916666668 0.0001510416666666667
8 0.001212565104166667 0.0007760416666666667 0.00012532552083333333 9.635416666666668e-05
8 0.0012972005208333334 0.0007578125000000001 6.673177083333334e-05 6.770833333333334e-05
8 0.0014208984375 0.0007760416666666667 0.00010091145833333333 0.00010156250000000001
8 0.0014095052083333334 0.0007708333333333334 8.138020833333334e-05 8.854166666666667e-05
8 0.0015283203125 0.0007682291666666667 0.00013020833333333333 0.00010156250000000001
8 0.0015250651041666668 0.0007656250000000001 0.00011555989583333335 0.00010416666666666667
8 0.0015559895833333335 0.0007421875000000001 2.7669270833333335e-05 5.729166666666667e-05