9 0.00011555989583333335 0.0009322916666666668 5.371093750000001e-05 0.00012239583333333335
9 0.0001171875 0.0009244791666666669 4.720052083333334e-05 0.000125
8 0.0002718098958333333 0.0008984375000000001 0.00010904947916666668 0.00011718750000000002
12 0.0002425130208333333 0.0007005208333333334 3.4179687499999996e-05 9.895833333333334e-05
8 0.00036458333333333335 0.0009036458333333334 9.27734375e-05 9.375000000000002e-05
8 0.0003580729166666667 0.0008541666666666668 7.649739583333334e-05 6.25e-05
8 0.0005257161458333334 0.0009348958333333335 0.00010579427083333334 0.00012760416666666668
8 0.0006380208333333333 0.0008671874999999999 4.069010416666667e-05 6.770833333333334e-05
8 0.0008479817708333334 0.0009218750000000002 9.765625e-05 0.00011979166666666669
8 0.0008479817708333334 0.0009114583333333335 8.626302083333333e-05 9.895833333333334e-05
10 0.0009358723958333335 0.0006536458333333333 3.580729166666667e-05 0.00011197916666666668