9 3.4179687499999996e-05 0.0008880208333333334 2.9296875e-05 0.00010677083333333335
9 3.4179687499999996e-05 0.0008880208333333334 2.2786458333333334e-05 0.00011458333333333334
9 7.324218750000001e-05 0.0008932291666666667 2.604166666666667e-05 0.00013020833333333336
9 7.812500000000002e-05 0.0008932291666666668 2.44140625e-05 0.00012239583333333335
8 0.0006673177083333335 0.0013489583333333335 0.0005550130208333334 0.0006223958333333334
12 0.000263671875 0.0006588541666666667 2.1158854166666667e-05 7.031250000000001e-05
8 0.0007161458333333334 0.0008802083333333334 7.324218750000001e-05 0.00010677083333333335
12 0.0008121744791666667 0.0006197916666666667 2.604166666666667e-05 8.854166666666667e-05
9 0.0009993489583333334 0.0010312500000000003 0.00010904947916666668 0.00038281250000000007
9 0.0010123697916666666 0.0010026041666666668 5.0455729166666666e-05 0.0003359375000000001
9 0.001435546875 0.0009557291666666668 5.371093750000001e-05 0.0002682291666666667
9 0.0014388020833333336 0.0009583333333333335 5.208333333333334e-05 0.0002734375