8 0.00017547607421875 0.000946044921875 0.0001739501953125 0.0001983642578125
8 0.000223541259765625 0.0008567810058593751 5.0354003906250004e-05 6.256103515625001e-05
8 0.00038070678710937504 0.0008331298828125 3.814697265625e-05 4.8828125e-05
9 0.000366973876953125 0.0008628845214843751 1.983642578125e-05 8.392333984375e-05
9 0.00043029785156250004 0.00095367431640625 5.7983398437500004e-05 0.0001983642578125
8 0.000537109375 0.0009140014648437501 0.0001220703125 0.00016174316406250002
12 0.0006568908691406251 0.000592803955078125 3.814697265625e-05 0.00012969970703125
9 0.000724029541015625 0.00098724365234375 6.256103515625001e-05 0.0002349853515625
9 0.001006317138671875 0.000942230224609375 6.256103515625001e-05 0.00023956298828125002
9 0.00109100341796875 0.000909423828125 5.4931640625e-05 0.00021667480468750002
9 0.0012596130371093752 0.0009140014648437501 5.340576171875e-05 0.0002349853515625
8 0.0015617370605468751 0.0009445190429687501 6.256103515625001e-05 0.0001373291015625