9 0.0007486979166666666 0.0008151041666666668 1.6276041666666666e-05 8.854166666666667e-05
8 0.0007731119791666666 0.0008281250000000001 2.2786458333333334e-05 8.854166666666667e-05
8 0.0008300781250000001 0.0008437500000000001 5.696614583333334e-05 0.0001328125
8 0.0008610026041666667 0.0008411458333333334 6.184895833333334e-05 0.00011458333333333334
9 0.0013102213541666668 0.0008828124999999999 4.720052083333334e-05 0.00020312500000000002
9 0.0012687174479166668 0.0008763020833333335 4.069010416666667e-05 0.00019921875000000001
8 0.00027343749999999997 0.0009062500000000002 0.00019694010416666666 0.0001510416666666667
8 0.0004524739583333334 0.0009218750000000002 0.0001806640625 0.00018489583333333335
8 0.0005696614583333334 0.0008359375000000001 7.812500000000002e-05 8.593750000000001e-05
9 0.0006656901041666668 0.0013359375 0.00010579427083333334 0.0007161458333333334
9 0.0007975260416666667 0.0013880208333333336 0.00018391927083333335 0.0008489583333333334
9 0.0011197916666666667 0.0007604166666666667 4.2317708333333335e-05 8.333333333333334e-05
9 0.0011490885416666665 0.0008880208333333334 6.835937499999999e-05 0.00015364583333333335
9 0.0011848958333333334 0.0009192708333333335 7.161458333333333e-05 0.00025
9 0.0012255859375000001 0.0008958333333333334 4.8828125e-05 0.00023177083333333337
9 0.0014322916666666668 0.0008151041666666668 6.184895833333334e-05 0.00016015625000000003
9 0.0014322916666666668 0.0009166666666666669 3.824869791666667e-05 0.00019401041666666669
9 0.0015022786458333333 0.000921875 7.975260416666667e-05 0.00025