8 0.0015616861979166666 0.001561197916666667 0.00021484375000000003 0.0007135416666666668
8 0.0003092447916666667 0.0010104166666666668 0.00025553385416666666 0.0002369791666666667
8 0.000302734375 0.0009973958333333334 0.00024739583333333335 0.0002447916666666667
8 0.0004915364583333333 0.0008880208333333334 8.138020833333334e-05 9.114583333333334e-05
8 0.0004850260416666667 0.0008828124999999999 6.998697916666667e-05 8.333333333333334e-05
8 0.0005354817708333332 0.0008489583333333334 4.720052083333334e-05 6.25e-05
8 0.0005403645833333333 0.0008489583333333334 4.8828125e-05 5.9895833333333344e-05
8 0.0006819661458333333 0.0008203125000000001 4.720052083333334e-05 5.729166666666667e-05
7 0.0007259114583333334 0.0008619791666666668 3.255208333333333e-05 9.375000000000002e-05
7 0.0007210286458333333 0.0008593750000000001 2.2786458333333334e-05 9.635416666666668e-05
8 0.0008365885416666667 0.0008437500000000001 6.673177083333334e-05 7.291666666666667e-05
8 0.000986328125 0.0008333333333333335 0.00014648437500000002 9.375000000000002e-05
8 0.0011165364583333333 0.0008515625000000001 0.00011230468749999999 0.00011979166666666669