11 0.0006331380208333333 0.0006484375000000001 5.0455729166666666e-05 0.0001666666666666667
11 0.0006201171875 0.0006197916666666668 3.4179687499999996e-05 0.00010677083333333335
11 0.0008105468750000001 0.0007994791666666668 3.580729166666667e-05 0.00011979166666666669
11 0.0008089192708333334 0.0007890625 2.1158854166666667e-05 7.031250000000001e-05
9 0.0009879557291666667 0.0009661458333333333 3.4179687499999996e-05 0.00013020833333333336
9 0.0011376953124999998 0.0009661458333333333 6.998697916666667e-05 0.00017708333333333335
9 0.0011132812500000001 0.0009427083333333335 3.743489583333333e-05 0.0001328125
8 0.0014306640624999999 0.0009505208333333335 0.00016764322916666666 0.00015625000000000003
8 0.0015608723958333334 0.0009192708333333335 0.00015950520833333333 0.0001979166666666667
7 0.0015608723958333336 0.0015286458333333335 0.00014973958333333332 0.0011145833333333335
7 0.0015608723958333334 0.0015208333333333335 0.00014811197916666667 0.0009817708333333334