11 0.00030110677083333335 0.0006796875000000001 6.184895833333334e-05 0.00018750000000000003
11 0.00028808593750000004 0.0006223958333333333 2.44140625e-05 0.00010937500000000002
9 0.00046875 0.0007421875000000001 3.743489583333333e-05 7.552083333333335e-05
9 0.0005322265625 0.0008854166666666667 3.092447916666667e-05 9.895833333333334e-05
9 0.0005289713541666667 0.0009010416666666669 2.7669270833333335e-05 0.00011197916666666668
8 0.0008821614583333333 0.0008906250000000001 9.928385416666667e-05 0.00011718750000000002
8 0.0008951822916666666 0.0008697916666666668 2.1158854166666667e-05 0.00010677083333333335
8 0.0009765625 0.0008229166666666667 2.9296875e-05 5.468750000000001e-05
8 0.0010546874999999999 0.0008307291666666668 3.092447916666667e-05 5.729166666666667e-05
10 0.0011865234375 0.00040625000000000004 4.8828125e-05 0.00014583333333333335
11 0.0011832682291666669 0.00039843750000000003 3.4179687499999996e-05 0.0001354166666666667