9 0.000783538818359375 0.00086517333984375 2.5939941406250003e-05 0.00010986328125
8 0.000164031982421875 0.0009445190429687501 0.00016326904296875002 0.0001373291015625
8 0.0001495361328125 0.0009559631347656251 0.0001434326171875 0.00015411376953125002
8 0.00037231445312500003 0.000945281982421875 0.00017089843750000002 0.00016632080078125
8 0.000521087646484375 0.0008743286132812501 9.918212890625e-05 0.0001068115234375
8 0.000514984130859375 0.0008758544921875001 7.476806640625e-05 0.00010986328125
8 0.000689697265625 0.0009735107421875001 0.0001739501953125 0.00021667480468750002
8 0.0007141113281250001 0.0008697509765625 5.1879882812500005e-05 0.0001220703125
11 0.000762939453125 0.000726318359375 2.1362304687500002e-05 7.019042968750001e-05
8 0.0009201049804687501 0.0009185791015625 0.00011596679687500001 0.0001739501953125
8 0.001108551025390625 0.00085601806640625 0.00016326904296875002 0.00010375976562500001