8 0.00012532552083333333 0.0009739583333333335 0.00012451171875 0.0002096354166666667
8 0.0015616861979166668 0.001201822916666667 0.00016845703125 0.00044270833333333337
8 0.00020507812500000002 0.0009348958333333333 9.440104166666668e-05 0.00015885416666666668
8 0.00020670572916666667 0.0009505208333333335 8.626302083333333e-05 0.0001953125
8 0.0002783203125 0.0009296875000000002 8.463541666666667e-05 0.0001666666666666667
8 0.0006770833333333334 0.0008880208333333334 8.789062500000001e-05 0.00014062500000000002
8 0.0008300781250000001 0.0009427083333333335 0.00014648437500000002 0.00017187500000000002
8 0.0008089192708333334 0.0009244791666666668 0.00012044270833333335 0.0001510416666666667
8 0.0010156249999999998 0.0008385416666666668 5.696614583333334e-05 7.812500000000002e-05
8 0.0012011718750000002 0.0008411458333333334 9.114583333333334e-05 8.593750000000001e-05
9 0.0012044270833333334 0.0008359375000000001 4.2317708333333335e-05 0.0001510416666666667
9 0.0012076822916666668 0.0008255208333333335 3.4179687499999996e-05 9.635416666666668e-05