8 0.000154876708984375 0.0010696411132812501 0.00015411376953125002 0.0002532958984375
8 0.00042648315429687504 0.000949859619140625 0.00013275146484375002 0.00018157958984375
14 0.00042877197265625 0.000926971435546875 0.0001220703125 0.00015411376953125002
8 0.000537109375 0.00089263916015625 8.23974609375e-05 8.544921875000001e-05
8 0.000530242919921875 0.0008934020996093751 6.866455078125e-05 8.392333984375e-05
8 0.000567626953125 0.0008758544921875001 4.2724609375000004e-05 5.7983398437500004e-05
8 0.000690460205078125 0.0008392333984375 4.119873046875e-05 3.6621093750000005e-05
8 0.000743865966796875 0.0008361816406250001 6.256103515625001e-05 4.8828125e-05
7 0.000731658935546875 0.000868988037109375 1.983642578125e-05 5.9509277343750005e-05
8 0.0008544921875 0.00094757080078125 5.4931640625e-05 0.00015563964843750002
8 0.00096282958984375 0.000984954833984375 0.0001312255859375 0.00019073486328125
8 0.0012443542480468752 0.0010955810546875 0.00034332275390625 0.0003509521484375