8 0.00018229166666666667 0.0010052083333333334 0.00015136718750000003 0.0001744791666666667
8 0.0001171875 0.0011679687500000002 0.00011637369791666667 0.0004231770833333334
8 0.0005582682291666667 0.0009244791666666668 7.812500000000002e-05 8.854166666666667e-05
8 0.0005436197916666666 0.0009114583333333335 6.184895833333334e-05 8.072916666666668e-05
7 0.0006103515625 0.0009140625000000002 2.604166666666667e-05 0.00010937500000000002
7 0.0006233723958333333 0.0009166666666666668 3.743489583333333e-05 0.00011718750000000002
8 0.0008284505208333333 0.0008776041666666668 5.0455729166666666e-05 6.770833333333334e-05
8 0.0009651692708333333 0.0009166666666666668 3.580729166666667e-05 0.00010416666666666667
8 0.0011149088541666666 0.0009843750000000002 0.00014811197916666667 0.00016927083333333334
8 0.0013639322916666667 0.0009765625000000002 0.00022949218750000001 0.0002135416666666667
9 0.0013216145833333335 0.0008125000000000001 4.069010416666667e-05 8.593750000000001e-05