8 0.0014095052083333334 0.0008242187500000002 0.00019612630208333334 0.00012369791666666668
14 0.00025634765625 0.0007343750000000001 0.00025553385416666666 0.00017187500000000002
8 0.000400390625 0.0010703125 0.000390625 0.00040104166666666673
8 0.00015462239583333335 0.0008515625000000001 0.00012044270833333335 0.0001510416666666667
12 0.00040364583333333333 0.0005963541666666668 3.580729166666667e-05 9.895833333333334e-05
10 0.0004117838541666667 0.0005625000000000001 2.9296875e-05 7.812500000000002e-05
8 0.00056640625 0.0008385416666666668 0.00011881510416666666 0.00014062500000000002
10 0.0004931640625 0.0006041666666666668 3.092447916666667e-05 0.00010156250000000001
8 0.0009537760416666666 0.0011640625 0.00043782552083333336 0.0005234375
11 0.0006119791666666667 0.0006015625000000001 2.9296875e-05 8.854166666666667e-05
10 0.0006233723958333333 0.0005651041666666668 2.7669270833333335e-05 7.291666666666667e-05
11 0.0007210286458333333 0.0006223958333333334 5.208333333333334e-05 0.00011979166666666669
12 0.0007112630208333334 0.0005729166666666668 2.7669270833333335e-05 7.812500000000002e-05
11 0.0009033203125 0.0006953125000000002 2.7669270833333335e-05 9.375000000000002e-05
11 0.0009049479166666667 0.0006744791666666668 2.7669270833333335e-05 7.031250000000001e-05