14 0.00018234252929687502 0.000911712646484375 0.00018157958984375 0.00028839111328125003
8 0.0003662109375 0.000827789306640625 0.00018615722656250002 0.00019073486328125
14 0.000389862060546875 0.0008911132812500001 0.00020294189453125 0.0002349853515625
8 0.0006607055664062501 0.0012367248535156252 0.00041809082031250003 0.00052642822265625
14 0.0007308959960937501 0.0009765625 0.00020141601562500002 0.000299072265625
8 0.000737762451171875 0.00101470947265625 0.00012054443359375 0.0004058837890625
8 0.0008392333984375 0.0009033203125 8.850097656250001e-05 0.000128173828125
8 0.0008529663085937501 0.000919342041015625 4.57763671875e-05 0.00017242431640625
8 0.00099945068359375 0.000945281982421875 0.0001678466796875 0.00023651123046875
8 0.00115814208984375 0.001013946533203125 0.0002716064453125 0.00027923583984375
14 0.0012596130371093752 0.000907135009765625 0.00016632080078125 0.00029754638671875