14 0.00018234252929687502 0.000911712646484375 0.00018157958984375 0.00028839111328125003
8 0.00036849975585937503 0.0008331298828125 0.00018768310546875 0.00019226074218750002
14 0.000389862060546875 0.0008819580078125001 0.00020294189453125 0.000225830078125
8 0.00031280517578125 0.0009819030761718751 0.0001068115234375 0.00022430419921875002
8 0.00066680908203125 0.0012420654296875 0.00043334960937500003 0.0005340576171875
14 0.000732421875 0.0009765625 0.00020141601562500002 0.000299072265625
8 0.000737762451171875 0.00101470947265625 0.00012054443359375 0.0004058837890625
8 0.0008392333984375 0.0009033203125 8.850097656250001e-05 0.000128173828125
8 0.0008529663085937501 0.000919342041015625 4.57763671875e-05 0.00017242431640625
8 0.00099945068359375 0.000942230224609375 0.0001678466796875 0.00023651123046875
8 0.00115814208984375 0.00101318359375 0.0002716064453125 0.00028076171875000003
14 0.00125885009765625 0.0009033203125 0.0001678466796875 0.000299072265625