8 9.765625e-05 0.0009062500000000002 8.951822916666667e-05 0.00011197916666666668
8 0.000166015625 0.0008854166666666668 5.696614583333334e-05 8.072916666666668e-05
8 0.0002327473958333333 0.0008828125000000001 6.184895833333334e-05 8.593750000000001e-05
8 0.0006494140625 0.0009583333333333333 0.00016276041666666668 0.00023437500000000005
12 0.0005908203125000001 0.0007239583333333334 2.9296875e-05 4.4270833333333337e-05
12 0.0005875651041666667 0.0007343750000000001 2.1158854166666667e-05 4.947916666666667e-05
8 0.0006835937500000001 0.0008984375000000001 5.859375e-05 0.0001328125
12 0.0007014973958333334 0.0006848958333333334 2.44140625e-05 6.25e-05
12 0.0006966145833333334 0.0006692708333333335 1.7903645833333333e-05 4.687500000000001e-05
12 0.0007486979166666666 0.0007369791666666667 3.092447916666667e-05 4.947916666666667e-05
12 0.0007438151041666667 0.0007473958333333334 1.6276041666666666e-05 4.947916666666667e-05
12 0.0008317057291666666 0.0007265625000000001 2.604166666666667e-05 8.854166666666667e-05
12 0.0008300781250000001 0.0006953125000000001 1.7903645833333333e-05 5.729166666666667e-05
8 0.0013004557291666668 0.0010911458333333335 0.0003466796875 0.0003619791666666667