14 0.00014648437500000002 0.0009114583333333335 0.00014485677083333334 0.00016145833333333336
8 0.00016927083333333334 0.000921875 0.000126953125 0.00013020833333333336
8 0.0002750651041666667 0.0010260416666666669 0.00013671874999999999 0.0002604166666666667
8 0.0007063802083333334 0.0012343750000000002 0.0004573567708333334 0.0006302083333333334
10 0.0005110677083333333 0.0005729166666666668 3.255208333333333e-05 8.333333333333334e-05
10 0.0006656901041666666 0.0005546875 3.906250000000001e-05 8.854166666666667e-05
10 0.0006624348958333333 0.0005729166666666668 2.604166666666667e-05 8.593750000000001e-05
8 0.0007942708333333334 0.0008880208333333334 0.00013997395833333334 0.00016145833333333336
8 0.0007600911458333333 0.0008229166666666668 1.46484375e-05 4.687500000000001e-05
10 0.0007893880208333335 0.0005729166666666668 4.069010416666667e-05 0.00011197916666666668
10 0.0007828776041666666 0.0005520833333333334 2.604166666666667e-05 7.291666666666667e-05
8 0.001015625 0.0009401041666666668 7.161458333333333e-05 0.00018229166666666667
8 0.0015364583333333335 0.0012421875000000002 0.0005826822916666667 0.000546875
10 0.0010774739583333333 0.0007213541666666667 3.092447916666667e-05 8.854166666666667e-05
8 0.0015348307291666665 0.0008697916666666667 0.00012532552083333333 0.00011718750000000002
8 0.0015348307291666665 0.0008593750000000001 0.00012532552083333333 9.375000000000002e-05
10 0.00150390625 0.0005182291666666667 7.649739583333334e-05 0.00022395833333333336