8 0.00011311848958333333 0.0009895833333333334 0.00011230468749999999 0.00018229166666666667
8 0.0002392578125 0.0009375000000000002 0.00013020833333333333 0.00015364583333333335
8 0.0003466796875 0.0009114583333333335 9.928385416666667e-05 0.00010416666666666667
8 0.0003483072916666667 0.0009270833333333335 9.440104166666668e-05 0.00011718750000000002
8 0.0005745442708333334 0.0008671875000000001 5.371093750000001e-05 8.593750000000001e-05
8 0.0007047526041666667 0.0009375000000000002 0.00013020833333333333 0.0001666666666666667
8 0.000732421875 0.0008489583333333334 5.696614583333334e-05 7.552083333333335e-05
8 0.0015559895833333335 0.0011718750000000002 0.0004850260416666667 0.0004479166666666667
9 0.0011848958333333334 0.0007786458333333334 4.557291666666667e-05 9.114583333333334e-05
9 0.001178385416666667 0.0008020833333333335 2.7669270833333335e-05 0.00010156250000000001
9 0.001334635416666667 0.0007447916666666667 5.208333333333334e-05 8.072916666666668e-05