8 0.0002685546875 0.0008411458333333334 0.00010091145833333333 0.00014062500000000002
8 0.00025716145833333336 0.0008203125000000001 8.951822916666667e-05 9.635416666666668e-05
12 0.00035970052083333335 0.0007057291666666667 3.580729166666667e-05 8.854166666666667e-05
8 0.0007047526041666667 0.0008359375000000001 0.00011393229166666668 0.0001510416666666667
10 0.0006835937500000001 0.0006171875000000001 2.44140625e-05 5.729166666666667e-05
8 0.0007405598958333333 0.0008072916666666668 4.557291666666667e-05 8.333333333333334e-05
8 0.0007340494791666667 0.0007890625 3.743489583333333e-05 5.9895833333333344e-05
8 0.0008544921875 0.0008515625000000001 0.000126953125 0.00013802083333333334
12 0.0007861328124999999 0.000578125 2.1158854166666667e-05 8.072916666666668e-05
8 0.0009391276041666666 0.0008359375000000001 6.34765625e-05 0.00013020833333333336
12 0.0009309895833333334 0.0006875000000000001 2.1158854166666667e-05 6.770833333333334e-05
8 0.0010904947916666667 0.0008958333333333334 0.00015299479166666668 0.00019270833333333336
12 0.0010579427083333335 0.0006718750000000002 3.580729166666667e-05 9.114583333333334e-05
12 0.0010579427083333335 0.0006432291666666668 3.4179687499999996e-05 7.031250000000001e-05
8 0.0015592447916666667 0.0011276041666666667 0.00045572916666666673 0.0006041666666666668