8 0.00036468505859375003 0.001015472412109375 0.000262451171875 0.00029449462890625
9 0.000272369384765625 0.00118560791015625 0.00011444091796875 0.0005523681640625
9 0.000377655029296875 0.0011795043945312502 9.307861328125001e-05 0.000567626953125
8 0.0005195617675781251 0.000896453857421875 0.00010833740234375001 0.00013275146484375002
14 0.0006103515625 0.0008209228515625001 4.57763671875e-05 8.850097656250001e-05
8 0.000630950927734375 0.000844573974609375 4.4250488281250005e-05 8.392333984375e-05
8 0.0007598876953125001 0.0009140014648437501 0.000128173828125 0.0002288818359375
14 0.0007499694824218751 0.0009033203125 0.00010833740234375001 0.0001983642578125
8 0.0008110046386718751 0.0008392333984375 6.256103515625001e-05 8.850097656250001e-05
8 0.0009307861328125 0.00090789794921875 0.00011901855468750001 0.0001373291015625
8 0.0015609741210937502 0.0008880615234375 0.00017700195312500002 0.0001434326171875