8 8.219401041666667e-05 0.0009153645833333334 8.138020833333334e-05 0.0001328125
8 0.0002408854166666667 0.0008828125000000001 9.440104166666668e-05 7.812500000000002e-05
8 0.0004410807291666666 0.0008802083333333334 9.928385416666667e-05 0.00011458333333333334
8 0.0004996744791666667 0.0008645833333333335 6.34765625e-05 8.072916666666668e-05
8 0.0007682291666666666 0.0010078125 0.0001953125 0.00028906250000000004
8 0.0011279296875 0.0008619791666666668 0.00013346354166666669 0.00010937500000000002
8 0.0011702473958333335 0.0008776041666666668 0.00012532552083333333 0.00010677083333333335
9 0.0011067708333333335 0.0008958333333333334 4.2317708333333335e-05 0.0001510416666666667
8 0.0013232421875 0.0009036458333333334 0.00015950520833333333 0.00017708333333333335
8 0.0013932291666666667 0.0008880208333333334 0.0001953125 0.00016145833333333336
8 0.001513671875 0.0009192708333333335 0.00026529947916666667 0.00022135416666666668
8 0.0014095052083333334 0.0009166666666666668 0.00015950520833333333 0.00018229166666666667
8 0.0014550781250000002 0.0009270833333333335 0.00011393229166666668 0.00016406250000000004
8 0.0015576171875 0.0009401041666666668 0.00019694010416666666 0.0002578125