8 9.765625e-05 0.0010498046875 9.765625e-05 0.00032653808593750003
8 0.0001129150390625 0.00107269287109375 0.0001129150390625 0.0003021240234375
8 0.000209808349609375 0.0010238647460937501 0.00014801025390625002 0.00030517578125
8 0.000232696533203125 0.0009429931640625001 0.00011444091796875 0.000213623046875
8 0.00023422241210937502 0.0009407043457031251 8.087158203125001e-05 0.00022125244140625
8 0.00033721923828125 0.0009582519531250001 0.0001312255859375 0.000225830078125
8 0.000348663330078125 0.0009330749511718751 0.00013885498046875 0.00018768310546875
9 0.000385284423828125 0.0009063720703125001 5.0354003906250004e-05 0.000225830078125
9 0.00037994384765625003 0.0009010314941406251 3.96728515625e-05 0.00022125244140625
8 0.000545501708984375 0.0008720397949218751 0.00015716552734375 0.00011444091796875
9 0.00042877197265625 0.000897979736328125 3.96728515625e-05 0.00020599365234375
9 0.00042648315429687504 0.0008819580078125001 3.5095214843750004e-05 0.0001739501953125
8 0.0005401611328125 0.00087738037109375 0.00014648437500000002 0.0001220703125
8 0.0005729675292968751 0.00084686279296875 9.918212890625e-05 0.0001068115234375
8 0.000640106201171875 0.0008544921875 0.00016021728515625 0.0001220703125
14 0.0005653381347656251 0.0008666992187500001 3.5095214843750004e-05 0.00012512207031250002
14 0.0006416320800781251 0.0008544921875 0.00010528564453125 0.0001220703125
14 0.0007461547851562501 0.00084686279296875 8.850097656250001e-05 0.00019226074218750002
14 0.0007522583007812501 0.0008491516113281251 8.850097656250001e-05 0.00019073486328125
8 0.0008331298828125 0.0008575439453125 7.019042968750001e-05 9.1552734375e-05
8 0.0008377075195312501 0.000861358642578125 7.324218750000001e-05 9.307861328125001e-05
14 0.0008575439453125 0.0007789611816406251 9.1552734375e-05 0.00013580322265625
14 0.00084991455078125 0.0008438110351562501 8.23974609375e-05 0.0001983642578125
9 0.000975799560546875 0.001143646240234375 9.002685546875e-05 0.00055694580078125
9 0.0010696411132812501 0.001137542724609375 0.0001129150390625 0.00055694580078125
9 0.0010658264160156251 0.0008857727050781251 4.4250488281250005e-05 0.00020904541015625002