8 3.580729166666667e-05 0.0010260416666666666 3.580729166666667e-05 0.0002057291666666667
14 0.00020833333333333335 0.0007942708333333334 0.00017089843750000002 7.812500000000002e-05
8 0.00025553385416666666 0.0010390625 0.00021809895833333336 0.0002786458333333334
8 0.0006982421875000001 0.0012343750000000002 0.0005061848958333334 0.0006510416666666667
10 0.0005126953125 0.0005468749999999999 2.9296875e-05 7.291666666666667e-05
12 0.0006591796874999999 0.0005338541666666667 2.2786458333333334e-05 6.25e-05
12 0.0007812499999999999 0.0005442708333333333 2.2786458333333334e-05 7.291666666666667e-05
8 0.0013395182291666668 0.0010572916666666669 0.0003401692708333334 0.00031770833333333336
12 0.0010823567708333334 0.0007005208333333334 3.580729166666667e-05 9.635416666666668e-05
12 0.00107421875 0.0006822916666666668 2.2786458333333334e-05 6.770833333333334e-05
12 0.0014794921875000001 0.00047135416666666674 6.184895833333334e-05 0.00019270833333333336
9 0.0015494791666666669 0.0009348958333333335 5.533854166666667e-05 0.00018489583333333335