9 7.324218750000001e-05 0.0009140014648437501 3.0517578125e-05 0.0001068115234375
9 0.00012969970703125 0.0009063720703125001 2.44140625e-05 0.0001068115234375
9 0.000283050537109375 0.00090179443359375 2.8991699218750002e-05 0.00012512207031250002
11 0.00035247802734375 0.00066680908203125 3.0517578125e-05 7.324218750000001e-05
11 0.00035552978515625 0.0006721496582031251 3.35693359375e-05 7.476806640625e-05
9 0.000354766845703125 0.000899505615234375 2.5939941406250003e-05 0.00012054443359375
8 0.0004913330078125 0.00091094970703125 0.0001312255859375 0.00012512207031250002
8 0.0005462646484375001 0.000919342041015625 3.96728515625e-05 0.00011444091796875
8 0.000812530517578125 0.0011230468750000001 0.00030059814453125004 0.00046081542968750004
8 0.001025390625 0.000930023193359375 0.0002197265625 0.00018463134765625002
11 0.00094757080078125 0.00067138671875 2.74658203125e-05 0.00010986328125
9 0.00106353759765625 0.00084686279296875 3.0517578125e-05 0.000128173828125