8 0.00018880208333333336 0.0008645833333333334 0.00018880208333333336 0.00013020833333333336
8 0.0003238932291666667 0.0008125000000000001 6.510416666666667e-05 3.385416666666667e-05
8 0.000390625 0.0008072916666666668 4.720052083333334e-05 4.687500000000001e-05
8 0.00045572916666666673 0.0008281250000000001 7.324218750000001e-05 9.635416666666668e-05
12 0.000517578125 0.0007734375000000001 3.906250000000001e-05 7.812500000000002e-05
8 0.0005696614583333334 0.0008072916666666668 7.486979166666666e-05 6.770833333333334e-05
8 0.0006673177083333333 0.0008098958333333334 6.34765625e-05 6.770833333333334e-05
12 0.0006770833333333334 0.0005442708333333335 2.604166666666667e-05 5.468750000000001e-05
8 0.0007682291666666667 0.0008697916666666667 9.928385416666667e-05 0.0001432291666666667
12 0.0007991536458333334 0.0005885416666666667 2.604166666666667e-05 6.510416666666668e-05
12 0.0007975260416666667 0.0007031250000000002 2.44140625e-05 6.25e-05
8 0.0008089192708333334 0.0008463541666666667 3.092447916666667e-05 9.895833333333334e-05
8 0.0008430989583333335 0.0008515624999999999 2.7669270833333335e-05 8.333333333333334e-05
8 0.0009261067708333333 0.0008697916666666668 9.27734375e-05 0.00010937500000000002
12 0.0008544921875 0.0007369791666666667 1.6276041666666666e-05 4.4270833333333337e-05
8 0.000888671875 0.0008645833333333334 3.906250000000001e-05 0.00010416666666666667
8 0.0010465494791666668 0.0009062500000000002 0.00016276041666666668 0.00015625000000000003
12 0.0009440104166666667 0.0007109375000000001 2.44140625e-05 6.510416666666668e-05
12 0.0009977213541666667 0.0006770833333333334 2.604166666666667e-05 5.468750000000001e-05
9 0.0013655598958333334 0.0008541666666666667 3.906250000000001e-05 0.0001328125
9 0.0013606770833333335 0.0008255208333333334 2.9296875e-05 0.00010937500000000002
9 0.0014680989583333334 0.0008359375000000001 3.4179687499999996e-05 0.00012239583333333335