8 0.0015594482421875 0.0013549804687500002 0.0002197265625 0.0006164550781250001
8 0.00017242431640625 0.0008834838867187501 0.000152587890625 0.00012512207031250002
8 0.000339508056640625 0.000934600830078125 0.00013580322265625 0.00013275146484375002
8 0.00034332275390625 0.00093994140625 0.0001373291015625 0.0001373291015625
8 0.000392913818359375 0.0009162902832031251 5.9509277343750005e-05 0.00011749267578125
8 0.00039901733398437503 0.000911712646484375 6.256103515625001e-05 0.00011444091796875
8 0.000521087646484375 0.000875091552734375 6.561279296875e-05 0.00010223388671875
8 0.00057830810546875 0.00084686279296875 4.8828125e-05 5.7983398437500004e-05
8 0.0007110595703125 0.000861358642578125 7.324218750000001e-05 8.087158203125001e-05
8 0.0007064819335937501 0.000875091552734375 6.7138671875e-05 9.613037109375001e-05
8 0.0008110046386718751 0.0008514404296875001 5.0354003906250004e-05 7.019042968750001e-05
8 0.00085601806640625 0.0008987426757812501 5.4931640625e-05 0.00015563964843750002
8 0.0009765625 0.0009254455566406251 0.000128173828125 0.00019073486328125
8 0.00152130126953125 0.0009971618652343751 0.00041809082031250003 0.00027008056640625