8 0.0015616861979166668 0.0010859375 0.0003580729166666667 0.00033072916666666667
8 0.00020507812500000002 0.0008958333333333334 0.0001383463541666667 0.00010677083333333335
8 0.00031087239583333336 0.0008880208333333334 9.765625e-05 0.00012239583333333335
8 0.00031575520833333336 0.0008854166666666667 9.765625e-05 0.00012760416666666668
8 0.00034505208333333333 0.0008645833333333335 3.743489583333333e-05 9.635416666666668e-05
8 0.0003971354166666667 0.0008541666666666667 5.208333333333334e-05 8.854166666666667e-05
8 0.0004703776041666667 0.0008229166666666668 3.580729166666667e-05 5.729166666666667e-05
8 0.0005891927083333334 0.0008098958333333334 3.580729166666667e-05 5.468750000000001e-05
8 0.0006217447916666667 0.0007942708333333335 3.580729166666667e-05 4.4270833333333337e-05
8 0.0006722005208333335 0.0008072916666666668 2.9296875e-05 4.166666666666667e-05
8 0.0007080078125000001 0.0008203125000000003 4.557291666666667e-05 5.208333333333334e-05
8 0.001212565104166667 0.0010078125 0.00016927083333333334 0.00029687500000000005
8 0.0013037109375000002 0.0009921875 0.0002408854166666667 0.00023437500000000005