8 0.00021647135416666668 0.0008593749999999999 0.00011230468749999999 8.333333333333334e-05
8 0.00024576822916666665 0.0008828125000000001 9.27734375e-05 7.812500000000002e-05
8 0.00046875 0.0008697916666666667 0.00010091145833333333 0.00010416666666666667
8 0.0005159505208333333 0.0008437500000000001 5.859375e-05 7.031250000000001e-05
8 0.0007698567708333333 0.0009869791666666668 0.0001904296875 0.0002682291666666667
8 0.0010921223958333334 0.0008619791666666668 0.00013509114583333334 0.00012760416666666668
9 0.0010807291666666667 0.0008828125000000001 3.580729166666667e-05 0.00014062500000000002
8 0.0012809244791666665 0.0008802083333333334 0.00015462239583333333 0.00015364583333333335
8 0.0012630208333333334 0.0008854166666666667 0.00011067708333333334 0.0001354166666666667
8 0.0013753255208333332 0.0008854166666666668 0.00022135416666666668 0.00018229166666666667
8 0.0014160156250000002 0.0008880208333333334 0.00019694010416666666 0.00017708333333333335
8 0.0014827473958333335 0.0009010416666666669 0.00019856770833333334 0.0002135416666666667