9 0.0009537760416666668 0.0008841145833333335 2.9296875e-05 0.00012890625
9 4.3945312500000005e-05 0.000921875 3.4179687499999996e-05 0.0001328125
9 4.557291666666667e-05 0.0009244791666666668 2.7669270833333335e-05 0.00011458333333333334
9 6.673177083333334e-05 0.0009088541666666668 2.7669270833333335e-05 8.333333333333334e-05
9 0.0001904296875 0.0009921875 0.00011230468749999999 0.0002786458333333334
9 0.00011881510416666669 0.0008723958333333334 3.255208333333333e-05 8.854166666666667e-05
8 0.00040527343750000003 0.0009322916666666669 0.000244140625 0.00015625000000000003
9 0.00031087239583333336 0.0009817708333333334 0.00010091145833333333 0.00028125000000000003
12 0.0002848307291666667 0.0006744791666666668 2.2786458333333334e-05 6.25e-05
8 0.0006494140625 0.0011302083333333335 0.00030924479166666665 0.00037500000000000006
8 0.0006803385416666668 0.0008828125000000001 8.463541666666667e-05 0.000125
8 0.0006835937500000001 0.0008723958333333335 8.626302083333333e-05 0.00011197916666666668
12 0.0007747395833333334 0.0006458333333333333 2.604166666666667e-05 8.854166666666667e-05
9 0.0008935546875 0.00096875 4.720052083333334e-05 0.00025
9 0.001083984375 0.0009583333333333335 5.696614583333334e-05 0.00023958333333333337
9 0.0011328125 0.0009479166666666668 7.324218750000001e-05 0.0002734375
9 0.0011149088541666668 0.0009479166666666668 5.208333333333334e-05 0.0002682291666666667