8 0.0015616861979166666 0.0008776041666666667 0.00025797526041666666 0.00017708333333333335
14 0.00015543619791666668 0.0008671875000000001 0.00015462239583333333 0.00017968750000000002
14 0.00016682942708333334 0.0008828125000000001 0.000166015625 0.00017187500000000002
8 0.0003434244791666667 0.0008541666666666668 6.184895833333334e-05 9.114583333333334e-05
12 0.00037272135416666665 0.0007187500000000001 3.4179687499999996e-05 7.552083333333335e-05
8 0.000419921875 0.0008593750000000001 5.696614583333334e-05 7.291666666666667e-05
8 0.0005582682291666667 0.0008593750000000001 6.510416666666667e-05 8.072916666666668e-05
8 0.0007877604166666666 0.0008515625000000001 7.324218750000001e-05 7.812500000000002e-05
8 0.0007877604166666666 0.0008489583333333334 7.161458333333333e-05 6.25e-05
10 0.0008382161458333334 0.0006875000000000001 2.7669270833333335e-05 7.291666666666667e-05
8 0.0013053385416666669 0.0008437500000000001 0.00010091145833333333 9.635416666666668e-05