8 0.00024739583333333335 0.0008971354166666667 0.00011230468749999999 0.00010156250000000001
7 0.00013671874999999999 0.0009166666666666668 7.486979166666666e-05 0.00011328125000000002
9 2.6855468750000004e-05 0.0009244791666666668 2.604166666666667e-05 0.00011979166666666669
9 4.8828125e-05 0.000921875 2.9296875e-05 0.00011718750000000002
9 4.3945312500000005e-05 0.0009218750000000002 2.44140625e-05 0.00010937500000000002
8 0.000771484375 0.0013411458333333335 0.0005110677083333333 0.0006432291666666667
12 0.00045410156249999997 0.00047916666666666675 3.092447916666667e-05 9.635416666666668e-05
12 0.0006233723958333333 0.0005026041666666667 2.7669270833333335e-05 0.00010937500000000002
9 0.0007747395833333334 0.0008880208333333334 2.604166666666667e-05 0.000125
9 0.0008610026041666667 0.0008958333333333336 3.906250000000001e-05 0.00012760416666666668
9 0.0008577473958333334 0.0008750000000000001 2.7669270833333335e-05 9.635416666666668e-05
12 0.0008951822916666666 0.0006875000000000002 3.255208333333333e-05 9.895833333333334e-05
9 0.0011035156250000001 0.0010989583333333335 0.00011393229166666668 0.0004088541666666667
8 0.0013232421875000002 0.0008958333333333334 0.0002408854166666667 0.00015625000000000003
8 0.0015576171875 0.0008880208333333334 7.486979166666666e-05 0.00010937500000000002