8 0.000122833251953125 0.000905609130859375 9.307861328125001e-05 7.781982421875001e-05
8 0.0001434326171875 0.0008590698242187501 0.0001068115234375 0.00015563964843750002
8 0.0005096435546875 0.0010498046875 0.000421142578125 0.00044860839843750003
12 0.000351715087890625 0.000586700439453125 3.5095214843750004e-05 9.918212890625e-05
10 0.000354766845703125 0.000591278076171875 2.8991699218750002e-05 7.781982421875001e-05
10 0.00044555664062500004 0.000579833984375 3.0517578125e-05 0.00010375976562500001
8 0.000574493408203125 0.000922393798828125 9.613037109375001e-05 0.00016632080078125
11 0.0005897521972656251 0.0005706787109375 2.8991699218750002e-05 8.850097656250001e-05
8 0.0006355285644531251 0.000872802734375 6.866455078125e-05 0.00010375976562500001
10 0.00059661865234375 0.00057525634765625 2.74658203125e-05 7.324218750000001e-05
8 0.0008209228515625001 0.00098724365234375 0.0002044677734375 0.0002532958984375
11 0.0007080078125000001 0.000606536865234375 5.1879882812500005e-05 0.00012054443359375
12 0.00069580078125 0.000585174560546875 2.74658203125e-05 7.781982421875001e-05
11 0.00091094970703125 0.000728607177734375 2.74658203125e-05 9.918212890625e-05
11 0.0009162902832031251 0.0007118225097656251 2.5939941406250003e-05 8.392333984375e-05
8 0.0013061523437500001 0.0008781433105468751 8.850097656250001e-05 0.00013580322265625
8 0.0013641357421875 0.0008567810058593751 0.0001373291015625 0.00012054443359375
8 0.001537322998046875 0.0008781433105468751 0.00024566650390625 0.00014801025390625002