9 0.0008941650390625 0.00082550048828125 2.1362304687500002e-05 6.103515625e-05
9 0.000789642333984375 0.00083160400390625 1.678466796875e-05 6.40869140625e-05
8 0.0002685546875 0.00096893310546875 0.0002288818359375 0.0001983642578125
12 0.00024261474609375 0.00075531005859375 1.8310546875000003e-05 3.6621093750000005e-05
8 0.00034942626953125003 0.0009162902832031251 9.765625e-05 0.00016937255859375002
8 0.000408172607421875 0.0008934020996093751 5.9509277343750005e-05 0.00011138916015625001
8 0.00044937133789062504 0.000872802734375 5.340576171875e-05 9.1552734375e-05
8 0.0006111145019531251 0.0008453369140625001 8.392333984375e-05 6.7138671875e-05
12 0.0005584716796875 0.0006301879882812501 2.1362304687500002e-05 5.4931640625e-05
8 0.0006950378417968751 0.0008590698242187501 7.476806640625e-05 9.1552734375e-05
12 0.0006469726562500001 0.0006378173828125001 1.8310546875000003e-05 5.1879882812500005e-05
12 0.000787353515625 0.0007423400878906251 2.1362304687500002e-05 6.256103515625001e-05
12 0.0008453369140625001 0.0006645202636718751 2.44140625e-05 6.561279296875e-05
12 0.000853729248046875 0.0006774902343750001 3.204345703125e-05 8.544921875000001e-05