8 0.000133514404296875 0.000922393798828125 0.00013275146484375002 0.00016937255859375002
8 0.000289154052734375 0.000914764404296875 0.00012969970703125 0.00011749267578125
8 0.00033035278320312503 0.0008338928222656251 0.00010528564453125 8.087158203125001e-05
8 0.000356292724609375 0.00088043212890625 8.087158203125001e-05 9.1552734375e-05
14 0.0005218505859375 0.0008934020996093751 0.0001800537109375 0.00027923583984375
8 0.000582122802734375 0.0008544921875 5.645751953125e-05 5.7983398437500004e-05
8 0.000629425048828125 0.0008361816406250001 5.645751953125e-05 5.7983398437500004e-05
12 0.00067901611328125 0.0005500793457031251 3.35693359375e-05 9.918212890625e-05
12 0.000798797607421875 0.000547027587890625 3.814697265625e-05 0.00010223388671875
8 0.000881195068359375 0.0008361816406250001 3.5095214843750004e-05 5.7983398437500004e-05
12 0.0010284423828125 0.00070343017578125 4.2724609375000004e-05 0.00010986328125
14 0.0015579223632812501 0.0008796691894531251 9.765625e-05 0.00021820068359375