14 0.00019226074218750002 0.0009002685546875 0.00019226074218750002 0.00028076171875000003
14 0.00018234252929687502 0.000913238525390625 0.00018157958984375 0.00028839111328125003
8 0.00026550292968750003 0.000966644287109375 0.000164794921875 0.00017242431640625
8 0.0003631591796875 0.0008262634277343751 0.0001800537109375 0.00018768310546875
14 0.000389862060546875 0.0009033203125 0.00020294189453125 0.0002471923828125
8 0.0006530761718750001 0.00123138427734375 0.000396728515625 0.0005126953125
14 0.0007293701171875001 0.0009735107421875001 0.00020141601562500002 0.000299072265625
8 0.000737762451171875 0.00101470947265625 0.00012054443359375 0.0004058837890625
8 0.0008392333984375 0.0009002685546875 8.850097656250001e-05 0.0001220703125
8 0.0008529663085937501 0.000919342041015625 4.57763671875e-05 0.00017242431640625
8 0.00099945068359375 0.0009483337402343751 0.0001678466796875 0.00023651123046875
8 0.0011566162109375 0.001010894775390625 0.0002685546875 0.00027313232421875003
14 0.0012634277343750002 0.000911712646484375 0.000164794921875 0.00029449462890625