8 0.00016555786132812502 0.000838470458984375 9.002685546875e-05 6.561279296875e-05
8 0.0001739501953125 0.000838470458984375 7.9345703125e-05 6.561279296875e-05
8 0.000237274169921875 0.0008415222167968751 7.476806640625e-05 6.256103515625001e-05
8 0.0002532958984375 0.0008575439453125 8.850097656250001e-05 9.1552734375e-05
8 0.00039901733398437503 0.0008262634277343751 6.256103515625001e-05 6.256103515625001e-05
8 0.0005897521972656251 0.0008262634277343751 6.561279296875e-05 9.918212890625e-05
8 0.0008758544921875001 0.000823211669921875 4.2724609375000004e-05 8.087158203125001e-05
8 0.000942230224609375 0.000835418701171875 8.087158203125001e-05 9.918212890625e-05
8 0.0010101318359375 0.0009086608886718751 8.850097656250001e-05 0.00022125244140625
8 0.001113128662109375 0.000942230224609375 0.00012359619140625 0.00026092529296875
8 0.0011962890625 0.000945281982421875 0.0002044677734375 0.00025787353515625003
8 0.0014404296875 0.0010284423828125 0.00035705566406250003 0.000299072265625