8 0.00011393229166666665 0.000921875 7.324218750000001e-05 0.00014583333333333335
8 0.00031087239583333336 0.0010520833333333335 0.0002490234375 0.0003281250000000001
11 0.00041503906250000004 0.0006406250000000001 3.092447916666667e-05 8.593750000000001e-05
8 0.00044270833333333337 0.0008541666666666667 5.208333333333334e-05 7.291666666666667e-05
8 0.0006396484375000001 0.001 0.00022135416666666668 0.00025520833333333336
8 0.0006429036458333333 0.0009895833333333334 0.00021158854166666667 0.0002369791666666667
14 0.0006705729166666668 0.0008281250000000001 0.0002001953125 0.00018750000000000003
8 0.0008170572916666668 0.0008307291666666667 8.138020833333334e-05 8.593750000000001e-05
11 0.0008349609375000001 0.0005937500000000001 4.2317708333333335e-05 8.854166666666667e-05
8 0.0009147135416666668 0.0008567708333333335 7.649739583333334e-05 9.635416666666668e-05
8 0.0011230468750000001 0.0008281250000000001 0.00013997395833333334 0.00011197916666666668
8 0.0013916015625 0.0008125000000000001 0.00012044270833333335 0.000125