8 0.0002044677734375 0.000992584228515625 0.0002044677734375 0.00022125244140625
14 0.0002685546875 0.0008720397949218751 0.000189208984375 0.00036468505859375003
9 0.000521087646484375 0.00084686279296875 2.288818359375e-05 7.324218750000001e-05
9 0.000543212890625 0.000853729248046875 2.1362304687500002e-05 8.392333984375e-05
9 0.0005729675292968751 0.000846099853515625 2.288818359375e-05 7.476806640625e-05
7 0.00070343017578125 0.0008361816406250001 2.74658203125e-05 7.324218750000001e-05
7 0.0008071899414062501 0.0008644104003906251 3.35693359375e-05 0.00012054443359375
8 0.000865936279296875 0.000843048095703125 6.256103515625001e-05 9.307861328125001e-05
9 0.0009780883789062501 0.000827789306640625 1.8310546875000003e-05 6.256103515625001e-05
9 0.0009918212890625 0.000827789306640625 1.52587890625e-05 5.9509277343750005e-05
9 0.001053619384765625 0.0008781433105468751 3.5095214843750004e-05 0.00015411376953125002
8 0.00142974853515625 0.000835418701171875 7.019042968750001e-05 6.256103515625001e-05