8 0.000183868408203125 0.00090789794921875 0.00018157958984375 0.0002105712890625
8 0.00034561157226562503 0.0008285522460937501 0.00013885498046875 0.0001068115234375
8 0.0005828857421875 0.000875091552734375 0.0001312255859375 0.00012969970703125
8 0.0006607055664062501 0.000815582275390625 5.7983398437500004e-05 8.087158203125001e-05
8 0.000731658935546875 0.0008071899414062501 5.340576171875e-05 7.019042968750001e-05
10 0.000911712646484375 9.002685546875e-05 4.119873046875e-05 8.850097656250001e-05
10 0.0008934020996093751 0.0006034851074218751 1.983642578125e-05 8.087158203125001e-05
12 0.0010314941406250001 0.000586700439453125 2.44140625e-05 6.256103515625001e-05
12 0.001145172119140625 0.00067138671875 2.288818359375e-05 6.7138671875e-05
12 0.0012718200683593751 0.00018157958984375 3.814697265625e-05 0.00014038085937500002
9 0.001373291015625 0.0007965087890625 3.35693359375e-05 8.544921875000001e-05
7 0.0015312194824218751 0.000848388671875 5.0354003906250004e-05 0.00015869140625
9 0.0015579223632812501 0.0008171081542968751 1.8310546875000003e-05 0.00012969970703125