8 0.000113677978515625 0.00086517333984375 0.00011138916015625001 8.850097656250001e-05
8 0.00049896240234375 0.0008171081542968751 6.7138671875e-05 7.781982421875001e-05
8 0.000604248046875 0.000806427001953125 4.2724609375000004e-05 7.476806640625e-05
8 0.000698089599609375 0.0008285522460937501 0.00012359619140625 0.00012512207031250002
11 0.000701141357421875 0.00057373046875 2.288818359375e-05 5.7983398437500004e-05
11 0.000789642333984375 0.0005729675292968751 2.288818359375e-05 4.730224609375e-05
8 0.0008705139160156251 0.000783538818359375 4.4250488281250005e-05 6.561279296875e-05
11 0.0009971618652343751 0.000684356689453125 1.983642578125e-05 6.256103515625001e-05
11 0.001093292236328125 0.00063323974609375 2.5939941406250003e-05 5.7983398437500004e-05
8 0.0012374877929687501 0.000804901123046875 0.00014038085937500002 0.00011138916015625001
8 0.00153656005859375 0.000909423828125 0.0003814697265625 0.000213623046875