8 0.000106048583984375 0.001082611083984375 0.00010528564453125 0.00020294189453125
8 0.00029678344726562504 0.001003265380859375 0.00017242431640625 0.00018768310546875
8 0.00035400390625000004 0.0009613037109375 7.019042968750001e-05 0.0001434326171875
9 0.00040359497070312504 0.0009407043457031251 2.5939941406250003e-05 0.00012054443359375
9 0.00042190551757812503 0.000945281982421875 1.983642578125e-05 0.00013580322265625
12 0.000423431396484375 0.000768280029296875 1.678466796875e-05 4.730224609375e-05
9 0.00044937133789062504 0.00093231201171875 2.5939941406250003e-05 0.0001220703125
9 0.00056610107421875 0.0009162902832031251 2.74658203125e-05 0.00012054443359375
9 0.000714874267578125 0.000920867919921875 2.8991699218750002e-05 0.00012969970703125
8 0.00084228515625 0.0009635925292968751 7.9345703125e-05 0.00016632080078125
12 0.000798797607421875 0.0007575988769531251 2.288818359375e-05 7.781982421875001e-05
8 0.0009063720703125001 0.00100250244140625 8.850097656250001e-05 0.000213623046875
8 0.0009765625 0.001068115234375 0.00010375976562500001 0.000262451171875
8 0.0015594482421875 0.001291656494140625 0.0005859375000000001 0.00057525634765625