11 0.0004669189453125 0.000739288330078125 3.0517578125e-05 6.256103515625001e-05
8 0.00059661865234375 0.0008148193359375001 4.8828125e-05 7.324218750000001e-05
8 0.0005996704101562501 0.0008056640625000001 4.57763671875e-05 5.7983398437500004e-05
14 0.000670623779296875 0.000812530517578125 9.307861328125001e-05 0.00011444091796875
14 0.0006622314453125001 0.0008132934570312501 7.019042968750001e-05 0.000128173828125
8 0.0007347106933593751 0.0008285522460937501 7.476806640625e-05 8.850097656250001e-05
11 0.0007110595703125 0.0006439208984375 2.74658203125e-05 5.7983398437500004e-05
8 0.000792694091796875 0.000798797607421875 5.0354003906250004e-05 5.9509277343750005e-05
11 0.000821685791015625 0.00064849853515625 3.5095214843750004e-05 5.7983398437500004e-05
11 0.00081634521484375 0.0006500244140625 1.8310546875000003e-05 4.8828125e-05
8 0.00091705322265625 0.000823211669921875 7.9345703125e-05 7.781982421875001e-05
11 0.0009002685546875 0.0007217407226562501 2.74658203125e-05 5.4931640625e-05
11 0.0008972167968750001 0.0007194519042968751 2.44140625e-05 4.4250488281250005e-05
11 0.00096435546875 0.0006950378417968751 2.74658203125e-05 4.119873046875e-05
11 0.000960540771484375 0.0007064819335937501 1.678466796875e-05 5.7983398437500004e-05
8 0.001293182373046875 0.0010498046875 0.00030364990234375003 0.00037231445312500003