7 5.859375e-05 0.0009244791666666668 5.0455729166666666e-05 0.0001354166666666667
8 0.0002604166666666667 0.0009062500000000002 0.00014648437500000002 0.00015364583333333335
8 0.0003662109375 0.0008958333333333334 0.0001171875 0.00010156250000000001
8 0.0003564453125 0.0008281250000000001 0.00010253906250000001 6.510416666666668e-05
14 0.000537109375 0.0008906250000000001 0.00016927083333333334 0.0002734375
8 0.0005973307291666668 0.0008489583333333334 5.696614583333334e-05 5.729166666666667e-05
8 0.0006363932291666667 0.0008567708333333334 6.673177083333334e-05 8.333333333333334e-05
12 0.0006770833333333334 0.0005416666666666668 3.092447916666667e-05 8.593750000000001e-05
12 0.0007975260416666667 0.0005442708333333333 3.255208333333333e-05 9.635416666666668e-05
8 0.0008642578125 0.0008437500000000001 5.696614583333334e-05 7.552083333333335e-05
8 0.0008593749999999999 0.0008463541666666668 5.0455729166666666e-05 7.812500000000002e-05
12 0.0010237630208333336 0.0006927083333333334 3.4179687499999996e-05 9.895833333333334e-05