8 0.0015617370605468751 0.001255035400390625 0.00030975341796875 0.00053253173828125
8 9.689331054687501e-05 0.000994110107421875 9.613037109375001e-05 0.00014801025390625002
8 0.000128173828125 0.0009559631347656251 5.4931640625e-05 0.00011444091796875
8 0.00017547607421875 0.0009368896484375001 7.019042968750001e-05 0.0001220703125
8 0.00039520263671875003 0.00089569091796875 7.324218750000001e-05 7.019042968750001e-05
8 0.000621795654296875 0.000992584228515625 0.00018768310546875 0.00025787353515625003
8 0.0006546020507812501 0.0008949279785156251 4.8828125e-05 9.307861328125001e-05
8 0.0006805419921875 0.000899505615234375 4.2724609375000004e-05 0.00012054443359375
8 0.0007156372070312501 0.0008934020996093751 5.4931640625e-05 0.00011444091796875
8 0.000724029541015625 0.000890350341796875 5.9509277343750005e-05 0.00011749267578125
8 0.000736236572265625 0.000911712646484375 5.0354003906250004e-05 0.00011138916015625001
8 0.000739288330078125 0.0008987426757812501 5.340576171875e-05 8.850097656250001e-05
8 0.0008628845214843751 0.0009407043457031251 0.00013885498046875 0.00018768310546875
8 0.00087738037109375 0.0009368896484375001 0.00014648437500000002 0.00019226074218750002
8 0.00098114013671875 0.00098876953125 0.00016174316406250002 0.000244140625
8 0.00133514404296875 0.00112457275390625 0.0004058837890625 0.0004119873046875