8 0.0003141276041666667 0.0011093750000000001 0.0003141276041666667 0.0003229166666666667
14 0.00019205729166666666 0.0008229166666666667 0.00013346354166666669 5.468750000000001e-05
8 0.00043457031249999995 0.0009921875 0.00017089843750000002 0.00019270833333333336
8 0.00044596354166666667 0.0009036458333333334 4.3945312500000005e-05 9.635416666666668e-05
8 0.00048665364583333335 0.0008932291666666667 5.859375e-05 7.552083333333335e-05
8 0.0005159505208333333 0.0008723958333333334 4.3945312500000005e-05 6.770833333333334e-05
8 0.0005403645833333333 0.0008671875000000001 3.092447916666667e-05 6.25e-05
8 0.0006477864583333333 0.0008463541666666667 3.4179687499999996e-05 4.166666666666667e-05
8 0.0007828776041666667 0.0009088541666666669 5.859375e-05 0.000125
8 0.0007926432291666665 0.0009375 4.2317708333333335e-05 0.0001328125
8 0.0008577473958333334 0.0009609375 8.30078125e-05 0.0001666666666666667
8 0.000888671875 0.0009505208333333335 0.00011230468749999999 0.00016406250000000004
8 0.0010091145833333332 0.0010052083333333334 0.000185546875 0.00019270833333333336
10 0.0012858072916666667 0.0004531250000000001 7.975260416666667e-05 0.0002708333333333334