8 3.96728515625e-05 0.0008331298828125 3.96728515625e-05 0.00010070800781250001
8 0.00019989013671875002 0.00081939697265625 0.0001312255859375 0.0001220703125
8 0.000313568115234375 0.0007965087890625 9.307861328125001e-05 9.1552734375e-05
8 0.000485992431640625 0.0007293701171875001 4.119873046875e-05 3.96728515625e-05
12 0.000617218017578125 0.0005035400390625 3.814697265625e-05 0.000128173828125
12 0.00061798095703125 0.000478363037109375 2.74658203125e-05 9.613037109375001e-05
8 0.0010009765625000001 0.0011611938476562501 0.0004058837890625 0.0004974365234375
12 0.0008132934570312501 0.000461578369140625 3.35693359375e-05 9.613037109375001e-05
12 0.001023101806640625 0.000514984130859375 4.119873046875e-05 0.00011444091796875
8 0.001186370849609375 0.000753021240234375 8.392333984375e-05 5.9509277343750005e-05
12 0.001194000244140625 0.000640869140625 3.814697265625e-05 0.00010986328125
8 0.0015594482421875 0.001177215576171875 0.00039978027343750004 0.0006088256835937501
12 0.0011878967285156251 0.000629425048828125 2.5939941406250003e-05 7.781982421875001e-05