8 0.00041961669921875 0.0012451171875000001 0.00041809082031250003 0.0009796142578125
14 0.00040283203125000003 0.001239776611328125 0.00039978027343750004 0.0009658813476562501
8 0.001033782958984375 0.00130462646484375 0.00050506591796875 0.00067138671875
12 0.0005645751953125 0.000525665283203125 3.0517578125e-05 0.00011138916015625001
12 0.0005645751953125 0.000473785400390625 2.44140625e-05 5.9509277343750005e-05
12 0.000754547119140625 0.00042724609375 2.8991699218750002e-05 0.00010375976562500001
12 0.0010238647460937501 0.000604248046875 3.0517578125e-05 6.7138671875e-05
7 0.0010353088378906251 0.000835418701171875 4.119873046875e-05 0.00015106201171875
8 0.0013244628906250002 0.0008567810058593751 0.00022277832031250002 0.00018463134765625002
8 0.0012565612792968751 0.000843048095703125 0.00014190673828125 0.00016937255859375002
8 0.001558685302734375 0.001192474365234375 0.00042266845703125004 0.00054168701171875
12 0.001560211181640625 0.00042190551757812503 4.119873046875e-05 0.00012969970703125
12 0.0015609741210937502 0.000351715087890625 3.35693359375e-05 6.561279296875e-05