8 0.00021809895833333336 0.0010260416666666669 0.00021809895833333336 0.000546875
8 0.00013671874999999999 0.0008619791666666667 9.928385416666667e-05 0.00015885416666666668
12 0.0002913411458333333 0.0005286458333333334 3.580729166666667e-05 9.895833333333334e-05
8 0.0003694661458333334 0.0008619791666666667 8.789062500000001e-05 8.593750000000001e-05
8 0.0005908203125 0.0009713541666666668 0.0002311197916666667 0.00032552083333333337
10 0.000400390625 0.0005364583333333333 3.092447916666667e-05 0.00010416666666666667
11 0.0005777994791666667 0.000546875 2.9296875e-05 8.854166666666667e-05
8 0.0006787109375000001 0.0008333333333333335 6.0221354166666675e-05 6.770833333333334e-05
11 0.000712890625 0.0005442708333333333 5.208333333333334e-05 0.00011979166666666669
8 0.0008349609375000001 0.0009401041666666669 0.00015950520833333333 0.00020312500000000002
11 0.0009667968750000001 0.0007057291666666668 2.7669270833333335e-05 9.895833333333334e-05
8 0.0015087890625 0.0009088541666666668 0.00010253906250000001 0.00016145833333333336