8 5.4168701171875004e-05 0.0010238647460937501 5.340576171875e-05 0.0002349853515625
14 0.00020370483398437502 0.000852203369140625 0.00016937255859375002 0.00013580322265625
8 0.00025177001953125 0.001039886474609375 0.00021667480468750002 0.00027923583984375
8 0.0006988525390625001 0.001255035400390625 0.000506591796875 0.0006607055664062501
12 0.00051116943359375 0.000554656982421875 2.74658203125e-05 7.781982421875001e-05
12 0.0006591796875 0.000539398193359375 2.44140625e-05 6.561279296875e-05
8 0.0009025573730468751 0.0008796691894531251 0.00015411376953125002 9.918212890625e-05
12 0.00078125 0.000547027587890625 2.44140625e-05 7.476806640625e-05
9 0.00094757080078125 0.0008666992187500001 2.44140625e-05 8.850097656250001e-05
9 0.000952911376953125 0.0008720397949218751 2.8991699218750002e-05 9.918212890625e-05
8 0.001220703125 0.0010238647460937501 0.000262451171875 0.000286865234375
12 0.00107421875 0.00068206787109375 2.44140625e-05 6.7138671875e-05
12 0.00149078369140625 0.000513458251953125 7.62939453125e-05 0.00024261474609375
9 0.0015312194824218751 0.000934600830078125 5.340576171875e-05 0.00018157958984375