8 0.00023925781250000002 0.001046875 0.00020670572916666667 0.0002838541666666667
14 0.00020345052083333332 0.0008515625000000001 0.00016927083333333334 0.0001354166666666667
8 0.0007014973958333334 0.0012552083333333334 0.0005143229166666667 0.0006614583333333333
10 0.0005110677083333333 0.0005546875 2.7669270833333335e-05 8.072916666666668e-05
12 0.0006608072916666667 0.0005442708333333335 2.7669270833333335e-05 7.031250000000001e-05
8 0.0007845052083333333 0.0008489583333333334 3.906250000000001e-05 7.031250000000001e-05
12 0.00078125 0.0005494791666666668 2.604166666666667e-05 8.072916666666668e-05
8 0.0008805338541666666 0.0008750000000000001 7.324218750000001e-05 8.854166666666667e-05
8 0.0012044270833333334 0.001015625 0.00024576822916666665 0.0002708333333333334
9 0.0010009765625000001 0.0008541666666666667 2.9296875e-05 8.854166666666667e-05
9 0.0009993489583333334 0.0008333333333333335 2.2786458333333334e-05 6.25e-05
12 0.00107421875 0.0006848958333333334 2.44140625e-05 7.031250000000001e-05
14 0.0015234375 0.0008567708333333334 0.0003336588541666667 0.0002135416666666667
8 0.0015608723958333334 0.0008697916666666668 0.00015299479166666668 0.00010677083333333335
12 0.0014908854166666668 0.0005052083333333334 7.649739583333334e-05 0.00023958333333333337
9 0.0015152994791666667 0.0009401041666666669 4.557291666666667e-05 0.00018750000000000003